,0,1,2,3,4,5,6,7
0,0.12523197,0.12634866,0.12631471,0.12612942,0.12323545,0.12326192,0.12449394,0.12498395
1,0.12400485,0.12488562,0.1297431,0.12841658,0.121364005,0.12237442,0.12421483,0.12499658
2,0.13412648,0.11768024,0.13568555,0.11778778,0.12958357,0.11588135,0.13299179,0.11626322
3,0.12577823,0.12552546,0.12521783,0.12585457,0.12455296,0.12441345,0.12457855,0.12407895
4,0.12561287,0.12597589,0.12582663,0.12591797,0.124225385,0.12419039,0.123980306,0.12427058
5,0.11761294,0.13554747,0.11761548,0.13461888,0.11355327,0.1323038,0.11607034,0.13267778
6,0.12580141,0.12568189,0.12578824,0.12526637,0.12279039,0.12483198,0.1246323,0.12520736
7,0.12510623,0.1265239,0.12577726,0.1252623,0.12494551,0.123104885,0.123964235,0.1253157
8,0.12541573,0.12592359,0.12534447,0.12582877,0.12445695,0.12437496,0.12414695,0.12450859
9,0.12350333,0.12957296,0.12937534,0.13064368,0.12787813,0.11245228,0.116866566,0.12970766
10,0.12834343,0.12475209,0.12442131,0.12718971,0.12506238,0.1246662,0.12299409,0.12257074
11,0.12621935,0.1243442,0.12621121,0.12627,0.124435075,0.12367447,0.123911984,0.124933764
12,0.1298096,0.12999374,0.13001102,0.112597324,0.12831222,0.12888445,0.12881628,0.11157536
13,0.12608808,0.12585999,0.126101,0.12509212,0.12472432,0.1235183,0.124182835,0.12443335
14,0.12597872,0.12593645,0.12537022,0.12519276,0.12481985,0.12421297,0.124307655,0.12418142
15,0.12421448,0.12652476,0.12366159,0.12638548,0.12453379,0.12481421,0.12443854,0.12542711
16,0.12448818,0.12228131,0.12594107,0.13012832,0.124046996,0.123555064,0.12391493,0.1256441
17,0.12581494,0.12587301,0.1257789,0.12578912,0.12425396,0.124525286,0.12401678,0.12394799
18,0.12771797,0.12753768,0.11877692,0.12766653,0.12351822,0.12597056,0.123467825,0.1253443
19,0.12713654,0.12588233,0.1249608,0.12525299,0.1253864,0.122702375,0.12334881,0.12532979
20,0.1262346,0.1258725,0.12608635,0.1261439,0.12401216,0.12353057,0.12400002,0.12411986
21,0.12796359,0.124449804,0.12408594,0.12681542,0.12469223,0.12422885,0.12225475,0.1255094
22,0.12551543,0.124830246,0.12529443,0.1188985,0.12778693,0.12677301,0.12695904,0.12394239
23,0.1255799,0.1257696,0.12565093,0.12568364,0.12366303,0.124045424,0.12441469,0.12519284
24,0.12124193,0.12102546,0.120690376,0.13932642,0.12007535,0.11995331,0.120047055,0.13764009
25,0.12628664,0.12539306,0.12670949,0.12482565,0.1245018,0.124099955,0.12440119,0.123782195
26,0.13122001,0.13198112,0.13368721,0.13095245,0.11893279,0.11739746,0.11815047,0.11767854
27,0.113299295,0.13007866,0.13006024,0.12386392,0.11480769,0.12961645,0.13042565,0.1278481
28,0.12653948,0.12536645,0.12591845,0.12386029,0.12577741,0.124079995,0.124164045,0.12429389
29,0.1320621,0.13249214,0.13450973,0.13121569,0.12025022,0.11580901,0.11574601,0.11791511
30,0.113593206,0.13125134,0.12769623,0.12721914,0.112750106,0.12961158,0.128973,0.12890534
31,0.12779681,0.12974189,0.11344231,0.13209474,0.12684478,0.12667805,0.11291994,0.13048148
32,0.14215761,0.120867215,0.14173186,0.09404391,0.1420725,0.12341789,0.14180519,0.09390384
33,0.13745457,0.11468098,0.11500307,0.12573177,0.13783886,0.11856466,0.1187408,0.13198529
34,0.12342089,0.12521954,0.12549795,0.12740813,0.12480269,0.12346204,0.12375547,0.12643327
35,0.12591335,0.12590587,0.12615839,0.12589082,0.12321919,0.124061786,0.124464385,0.124386206
36,0.13486022,0.11666752,0.116931014,0.1333674,0.13370284,0.11563398,0.11611045,0.13272661
37,0.12394913,0.12529255,0.12501372,0.11906527,0.12788737,0.12794085,0.12682165,0.12402942
38,0.12523991,0.12549004,0.12552486,0.12558708,0.1234175,0.1237612,0.12566103,0.1253184
39,0.12343108,0.12900256,0.12498446,0.12814313,0.12452206,0.12429984,0.12212736,0.12348954
40,0.14445926,0.12222945,0.11332985,0.13375477,0.12713632,0.11609713,0.113973364,0.12901984
41,0.11264429,0.13038172,0.13052727,0.1285555,0.111667216,0.1287806,0.1289072,0.12853624
42,0.12585329,0.12556835,0.1258214,0.12561545,0.124977075,0.12392241,0.12435786,0.12388419
43,0.12620045,0.12486107,0.12594573,0.1256686,0.12446569,0.12355281,0.12475864,0.12454701
44,0.12979081,0.13002007,0.11272035,0.12970509,0.12865302,0.12862973,0.11193386,0.12854709
45,0.13092853,0.12982044,0.1302472,0.11018402,0.12979746,0.12707214,0.12923944,0.11271075
46,0.123787455,0.12615745,0.1269033,0.124485195,0.12456788,0.124737054,0.12515135,0.12421037
47,0.122231,0.12613101,0.12686288,0.1262902,0.12423604,0.12427319,0.12513989,0.12483581
48,0.1258022,0.12481932,0.13346064,0.1337158,0.1262414,0.11829391,0.11873686,0.11892986
49,0.11317121,0.13007998,0.1305391,0.13038597,0.11240207,0.12640741,0.12800817,0.12900612
50,0.12710425,0.12571658,0.12520583,0.12744933,0.12083529,0.12541611,0.122696884,0.12557568
51,0.12431805,0.12577648,0.12631635,0.12515835,0.12464489,0.12418289,0.12452738,0.12507561
52,0.1215611,0.11696475,0.11688562,0.1421751,0.12222691,0.12037039,0.12075748,0.1390586
53,0.11338706,0.1265891,0.12820925,0.12813753,0.11342923,0.12958634,0.12984483,0.1308167
54,0.1304288,0.11316781,0.13029867,0.12813245,0.12931289,0.11202634,0.12825586,0.12837721
55,0.1254147,0.12527762,0.12560861,0.12609498,0.12421878,0.124314204,0.12444039,0.12463071
56,0.12595388,0.12475081,0.12587525,0.12584753,0.12491763,0.12371205,0.124107294,0.124835566
57,0.14396732,0.124470375,0.12439053,0.10836365,0.14254765,0.123893954,0.12409885,0.108267635
58,0.12498983,0.124944605,0.12613983,0.12500823,0.12481646,0.12366247,0.12505399,0.12538458
59,0.13238862,0.11808982,0.118244536,0.13017762,0.13409676,0.11705784,0.11732122,0.13262358
60,0.13000992,0.13065584,0.111100644,0.12807898,0.13008806,0.12858465,0.1121997,0.12928218
61,0.12570204,0.12560883,0.12533313,0.12585929,0.12460837,0.12384267,0.123990275,0.12505545
62,0.12833287,0.12972291,0.13009338,0.11379493,0.12797593,0.12811898,0.12892005,0.11304095
63,0.12521209,0.12572645,0.125933,0.12602118,0.123936474,0.12461736,0.12460999,0.12394352
64,0.12502934,0.12535128,0.12565483,0.12614058,0.124131255,0.12445561,0.12446202,0.12477502
65,0.13013653,0.13014807,0.113146774,0.12933087,0.12906046,0.1275985,0.111686,0.12889284
66,0.12685312,0.1248975,0.1268027,0.12276285,0.125621,0.12368485,0.12524793,0.12413007
67,0.112767465,0.13003615,0.13015994,0.13008073,0.111766614,0.12807056,0.12859038,0.1285282
68,0.12716456,0.12591189,0.12702797,0.12681215,0.123645335,0.12365254,0.12275205,0.123033516
69,0.12624823,0.12525186,0.12517165,0.12554257,0.12440347,0.12441872,0.124426484,0.12453701
70,0.12599905,0.12560907,0.12595107,0.12579194,0.12443718,0.123790525,0.12397063,0.12445056
71,0.14244415,0.11695383,0.117265016,0.11990165,0.1398819,0.120929524,0.12120949,0.121414445
72,0.12862973,0.12129127,0.12867343,0.1289731,0.12327537,0.12051241,0.12295515,0.12568955
73,0.12593727,0.12530795,0.1267006,0.12227737,0.12560001,0.12505181,0.12491421,0.12421077
74,0.12518606,0.12620649,0.12667994,0.12175354,0.12550128,0.12530668,0.12548593,0.123880066
75,0.12683807,0.12664948,0.12642795,0.13103256,0.12228298,0.121082634,0.122065656,0.12362065
76,0.12618858,0.12531468,0.1252373,0.12602647,0.12431226,0.12448831,0.12449174,0.123940684
77,0.12997037,0.12983298,0.1294476,0.11266309,0.1285027,0.12875356,0.12857488,0.11225485
78,0.12604623,0.1255988,0.12559094,0.1256273,0.124266095,0.12449214,0.12422478,0.12415373
79,0.13512556,0.11628555,0.11592207,0.13385846,0.1337501,0.11583146,0.115682244,0.13354458
80,0.13815175,0.12119161,0.12105419,0.12134724,0.13728993,0.12016642,0.120320365,0.120478496
81,0.124179535,0.12645045,0.12662499,0.1227965,0.12496243,0.12507682,0.12517504,0.12473425
82,0.14719002,0.10842859,0.121052496,0.12931305,0.13831589,0.10727738,0.12746935,0.120953225
83,0.12931839,0.12930751,0.112699054,0.12983617,0.12856463,0.1286321,0.11232386,0.12931828
84,0.12679295,0.12941039,0.11076185,0.13102457,0.12913468,0.12927355,0.11272419,0.13087782
85,0.12609269,0.1253946,0.12537368,0.12634152,0.12426531,0.1241111,0.12405601,0.124365084
86,0.12611529,0.1251583,0.1258949,0.124778934,0.12523405,0.12443541,0.123935655,0.124447435
87,0.12558901,0.12542392,0.12536408,0.12608571,0.12428121,0.12408347,0.12438199,0.12479057
88,0.14141408,0.120073535,0.11759064,0.14112572,0.12817231,0.111954324,0.11284877,0.12682062
89,0.12975909,0.12929165,0.12930267,0.1129542,0.12887764,0.12869287,0.12869778,0.11242407
90,0.1296068,0.11319355,0.12933259,0.12843436,0.12992294,0.11213851,0.12891367,0.1284576
91,0.13265389,0.1286114,0.12404211,0.116469115,0.12806028,0.12761535,0.12706272,0.11548518
92,0.116938524,0.11651028,0.13488819,0.13430141,0.11583345,0.1157183,0.13305645,0.13275343
93,0.12606746,0.124960504,0.12507656,0.12564972,0.124643855,0.12444215,0.12456792,0.12459186
94,0.12572154,0.1249926,0.12472275,0.12476576,0.12597123,0.12456145,0.1246779,0.12458679
95,0.12571624,0.12584922,0.12539661,0.12541406,0.124296606,0.124207,0.12447629,0.124644026
96,0.12746248,0.13093483,0.1129509,0.13037728,0.12765189,0.12927555,0.11221363,0.1291334
97,0.12759057,0.12724134,0.1272067,0.118478775,0.12648804,0.12560157,0.1252903,0.122102655
98,0.12619267,0.1262359,0.12625495,0.123718165,0.12505093,0.12405581,0.12455765,0.12393392
99,0.12534755,0.12706967,0.12367327,0.12412937,0.12449188,0.12527247,0.124487065,0.12552872
100,0.12576799,0.12545176,0.12578093,0.12562363,0.12418112,0.12436628,0.12475003,0.124078214
101,0.13157961,0.13176326,0.13346654,0.13073629,0.11981087,0.11720368,0.117955446,0.117484294
102,0.12597696,0.12558015,0.12507704,0.12552112,0.12442174,0.12470769,0.124246724,0.12446854
103,0.12489361,0.12486595,0.12596375,0.12581636,0.12487291,0.1244495,0.124613054,0.12452485
104,0.12427254,0.12541743,0.12584512,0.12660795,0.12386599,0.12386353,0.1245849,0.12554255
105,0.1257565,0.12541701,0.1258929,0.12496219,0.12486669,0.12382661,0.12474931,0.124528825
106,0.12618285,0.12393058,0.12483186,0.12622423,0.12488806,0.12443938,0.124418244,0.12508479
107,0.11374562,0.13029784,0.13067424,0.12627496,0.11259709,0.12896344,0.12922367,0.12822317
108,0.11291012,0.12985934,0.12982714,0.12962304,0.11093507,0.12900485,0.12871158,0.12912886
109,0.12761253,0.12502812,0.12578456,0.12402599,0.1274135,0.12474737,0.12127285,0.12411504
110,0.12964983,0.11363646,0.13106121,0.1267111,0.12889497,0.11241087,0.12960023,0.1280353
111,0.1256147,0.12547588,0.12552184,0.12598024,0.12432826,0.123936825,0.12440819,0.12473402
112,0.117744744,0.1354907,0.13752916,0.13467155,0.111427255,0.11955356,0.12256233,0.12102067
113,0.12586088,0.12490088,0.12501585,0.12539606,0.124928266,0.12483675,0.12419805,0.124863304
114,0.13435172,0.116661035,0.116683066,0.13419135,0.13321985,0.11589827,0.115901,0.1330937
115,0.12579106,0.12588422,0.1258946,0.12580428,0.12423591,0.12412252,0.12385972,0.12440762
116,0.13454613,0.13376895,0.11521316,0.11624633,0.13370356,0.13326722,0.11602589,0.11722878
117,0.12625653,0.12493715,0.12541299,0.12618087,0.12458698,0.124358535,0.12429123,0.12397569
118,0.11691995,0.13478705,0.1347825,0.116053484,0.115903735,0.1329064,0.13270822,0.11593863
119,0.123748615,0.12650819,0.12624858,0.12538008,0.12440323,0.124664865,0.124596596,0.12444984
120,0.12787923,0.112736985,0.12886898,0.13261738,0.12933905,0.11155868,0.12655696,0.13044274
121,0.13097575,0.12729302,0.12485495,0.12997892,0.123843245,0.11912407,0.12291654,0.12101351
122,0.12600917,0.12498625,0.12515302,0.12565999,0.1247024,0.1244678,0.1244248,0.12459659
123,0.12793995,0.12953754,0.11335712,0.13099007,0.12837815,0.12758334,0.1124353,0.12977855
124,0.12977357,0.12983915,0.12985636,0.11252338,0.1285011,0.12881553,0.12879646,0.111894414
125,0.11725276,0.134587,0.11681974,0.13420267,0.11547279,0.13323836,0.116406254,0.13202041
126,0.1259186,0.126948,0.12643524,0.12268302,0.124717414,0.12549299,0.12453328,0.123271495
127,0.12908266,0.122509144,0.12498417,0.12536642,0.12495085,0.12388732,0.12247966,0.12673981
128,0.12594302,0.12600544,0.1260813,0.12596826,0.12383906,0.12403741,0.12404341,0.12408207
129,0.11306025,0.13044016,0.12762861,0.1304919,0.11222684,0.12807558,0.12856299,0.1295137
130,0.11259106,0.12979263,0.12995867,0.12981883,0.11173763,0.12861662,0.12886164,0.12862293
131,0.12614825,0.1263116,0.12633312,0.123704895,0.12513891,0.12447743,0.1245816,0.12330416
132,0.12416517,0.12551005,0.12570068,0.12674773,0.12381981,0.12395822,0.12444191,0.12565644
133,0.12471981,0.11350492,0.12924583,0.13055748,0.12876569,0.11324924,0.12959109,0.13036598
134,0.11234753,0.14654684,0.1298582,0.112460375,0.11193807,0.14649564,0.12862734,0.11172602
135,0.12612355,0.12654532,0.1263233,0.1250545,0.123939335,0.12400629,0.12411195,0.12389577
136,0.13047169,0.12917864,0.112546496,0.13039497,0.12937623,0.12766173,0.111687504,0.12868272
137,0.12613374,0.12594193,0.12603265,0.12514171,0.12440764,0.124129295,0.12390884,0.124304146
138,0.12603986,0.12565066,0.1262778,0.12603638,0.1245325,0.123132996,0.12459948,0.12373034
139,0.12527037,0.12631144,0.1262616,0.12649803,0.12264086,0.123829275,0.12385095,0.12533748
140,0.12961419,0.12882426,0.12923796,0.10655146,0.13270095,0.13125353,0.1308908,0.1109268
141,0.12580894,0.1255586,0.12561457,0.12593523,0.12391602,0.124494396,0.124440864,0.124231435
142,0.12519526,0.12487446,0.12577415,0.12632535,0.12410936,0.124373734,0.124800734,0.12454698
143,0.12990008,0.11714216,0.11706538,0.12815803,0.13619426,0.118437335,0.11830184,0.1348009
144,0.1283015,0.124454334,0.12729709,0.12900615,0.12114793,0.12349047,0.12273111,0.123571455
145,0.12120348,0.1394451,0.12125843,0.12068801,0.1183025,0.13813733,0.120334074,0.120631136
146,0.104746014,0.13916382,0.13920082,0.12045023,0.103759095,0.13661548,0.13742577,0.11863881
147,0.12615187,0.12617661,0.12655,0.12248505,0.12529494,0.12504773,0.12507191,0.12322194
148,0.104764365,0.13883092,0.13919862,0.120587826,0.104111575,0.13650298,0.13729492,0.11870881
149,0.124873996,0.12640749,0.12663242,0.12685585,0.12205976,0.12368418,0.12429809,0.12518825
150,0.12897274,0.12378811,0.119390175,0.1283009,0.12734553,0.12282941,0.12229751,0.1270756
151,0.112977035,0.1298478,0.1294581,0.12958084,0.111261986,0.1292207,0.12863874,0.12901483
152,0.12609695,0.12621564,0.12563981,0.12456724,0.12484634,0.12464073,0.12472523,0.123268075
153,0.12639794,0.12563866,0.12622474,0.12400078,0.1253925,0.12337676,0.12448992,0.124478705
154,0.12428702,0.1259807,0.12608905,0.12580095,0.123514354,0.12400335,0.1254067,0.12491789
155,0.12759294,0.12337362,0.12679942,0.12802832,0.11989631,0.124729715,0.12328294,0.12629676
156,0.12804101,0.12082993,0.123946525,0.12627845,0.1271604,0.12208286,0.12530276,0.12635806
157,0.12724592,0.1327984,0.1330039,0.1123216,0.13007393,0.12751874,0.1277725,0.109265015
158,0.13953933,0.102520496,0.119470835,0.13436536,0.14000274,0.10543736,0.12099494,0.13766897
159,0.12771614,0.112529054,0.12935428,0.1323892,0.12928607,0.11329826,0.12520865,0.1302183
160,0.11103387,0.12972358,0.12839077,0.13413768,0.11195365,0.12731618,0.12672164,0.13072264
161,0.12463573,0.12613323,0.12626998,0.12619554,0.12425683,0.12373841,0.12318272,0.12558761
162,0.12552084,0.12607692,0.1255803,0.12620686,0.12383177,0.12423467,0.123773634,0.124774955
163,0.12592396,0.1266788,0.12667167,0.12545575,0.124104604,0.12413709,0.124400094,0.12262797
164,0.11950563,0.12115775,0.121143475,0.13916849,0.119985394,0.120231494,0.120362185,0.13844557
165,0.12869723,0.12490152,0.124424204,0.12732117,0.12387374,0.122779295,0.12199289,0.12600994
166,0.12892172,0.12569594,0.13104716,0.11685568,0.12938283,0.12641913,0.12720256,0.11447498
167,0.11064897,0.13755879,0.12694548,0.1255153,0.11052814,0.14010732,0.12364892,0.1250471
168,0.12594123,0.125501,0.12579903,0.12524095,0.12414285,0.12446622,0.12465678,0.12425194
169,0.12367697,0.12593114,0.12654248,0.12620527,0.12322493,0.12444824,0.12501976,0.12495121
170,0.12486122,0.12528642,0.12568347,0.12488665,0.12495144,0.12495347,0.12436199,0.1250154
171,0.12590297,0.120238975,0.12688734,0.12627144,0.1253708,0.12469137,0.12526661,0.12537053
172,0.1259978,0.12294608,0.12329085,0.1281248,0.12585622,0.1257583,0.12588866,0.12213724
173,0.13074036,0.13716014,0.13355848,0.12074839,0.12166767,0.119279034,0.118512385,0.11833352
174,0.11976222,0.13739152,0.13111308,0.11973091,0.116580404,0.13082698,0.12984732,0.11474757
175,0.120979436,0.11418984,0.12434737,0.11816828,0.12943633,0.13068265,0.13332714,0.12886898
176,0.1196534,0.124506615,0.12558393,0.12657309,0.12100888,0.12832113,0.12744173,0.1269112
177,0.12608656,0.12423256,0.12456094,0.12767184,0.12414901,0.12441659,0.12457097,0.12431152
178,0.12733096,0.12573501,0.12708992,0.12756428,0.12324047,0.12206828,0.12285711,0.12411396
179,0.12581782,0.12402488,0.12895311,0.117235616,0.1256803,0.12656353,0.12739386,0.124330916
180,0.1311399,0.11332799,0.13126042,0.13002014,0.12879184,0.11036026,0.12627178,0.12882766
181,0.13078533,0.12759744,0.12610647,0.12761289,0.12425807,0.115787886,0.12206968,0.1257822
182,0.12788352,0.1249124,0.12800312,0.12801841,0.12377189,0.11959527,0.124137744,0.12367763
183,0.13210747,0.13242434,0.12924944,0.13207515,0.11899776,0.11678476,0.11577033,0.12259074
184,0.123221174,0.12653115,0.12808485,0.12808885,0.12253077,0.122763,0.12304799,0.1257322
185,0.12770997,0.12684855,0.12696587,0.1260126,0.12337917,0.12311442,0.123083554,0.122885905
186,0.12544224,0.12655802,0.12581435,0.11710948,0.12644356,0.12705012,0.12644498,0.12513727
187,0.12928814,0.1224818,0.12427011,0.1262,0.1247678,0.12428466,0.124596536,0.124110945
188,0.12641722,0.13745096,0.1244477,0.12106708,0.11549232,0.13243298,0.12079541,0.12189636
189,0.124127865,0.12393623,0.13446483,0.12314698,0.119699486,0.119896986,0.13550551,0.11922213
190,0.12746644,0.12723595,0.12757424,0.1269852,0.12254388,0.122645885,0.1226682,0.12288023
191,0.12625948,0.12580734,0.12644714,0.12620091,0.12389692,0.12390364,0.123633064,0.12385153
192,0.1216797,0.12995005,0.12266074,0.12945248,0.1235242,0.1251148,0.12459341,0.12302462
193,0.1331075,0.12608474,0.12737337,0.13238914,0.12291212,0.11606507,0.115509674,0.1265584
194,0.118119545,0.13467756,0.11706839,0.1348436,0.11645803,0.13137265,0.114630006,0.13283026
195,0.12715895,0.12728085,0.12770696,0.12559775,0.1227113,0.123217665,0.123542696,0.12278383
196,0.13605724,0.102141805,0.13078465,0.13522336,0.13282889,0.09960725,0.13098903,0.13236773
197,0.12950623,0.119288616,0.12786111,0.12660742,0.12650114,0.12263963,0.1234951,0.124100715
198,0.12730522,0.13241465,0.126513,0.117024414,0.124489136,0.12563816,0.12481067,0.121804714
199,0.12737241,0.11772362,0.12044775,0.12465045,0.12778838,0.12592919,0.1280161,0.1280721
200,0.12704219,0.12455667,0.12956564,0.11971727,0.12551576,0.12441119,0.12470825,0.12448307
201,0.12561332,0.12659013,0.123860195,0.11669757,0.12771364,0.12762642,0.1267896,0.12510912
202,0.12748685,0.12826595,0.12836596,0.12817414,0.12087191,0.12170176,0.12287794,0.12225553
203,0.12753002,0.12827094,0.12788546,0.12832387,0.12091283,0.122515626,0.122248046,0.1223132
204,0.12648384,0.12719817,0.12727699,0.12682617,0.12266799,0.12338157,0.12305805,0.12310718
205,0.13214618,0.12536119,0.11429241,0.13225012,0.12946531,0.12601787,0.11126253,0.12920436
206,0.12575155,0.12636898,0.12650102,0.12640935,0.123713054,0.12404352,0.124017216,0.123195276
207,0.12621371,0.13231777,0.12701617,0.1181128,0.12519492,0.12554623,0.12390318,0.121695176
208,0.13231719,0.10973093,0.13163716,0.13045791,0.12959376,0.11043808,0.12680198,0.129023
209,0.12806107,0.12596495,0.122654885,0.12845938,0.12384271,0.124299854,0.1232284,0.12348873
210,0.12054208,0.12363892,0.122580916,0.13376749,0.120429456,0.12080474,0.12090736,0.13732903
211,0.11437113,0.13258587,0.12999015,0.13389328,0.1088355,0.12428196,0.12424061,0.13180155
212,0.12654379,0.12606663,0.12193597,0.12719662,0.12394566,0.12410957,0.12416248,0.12603934
213,0.13468823,0.12306821,0.10232467,0.13466102,0.13208857,0.12872872,0.11245206,0.13198848
214,0.12997545,0.12236065,0.12596646,0.12753518,0.12569402,0.12082595,0.12159336,0.12604895
215,0.12624757,0.12638558,0.12640905,0.12617299,0.12378504,0.12390196,0.12365803,0.12343974
216,0.11612309,0.12745324,0.112736486,0.12897323,0.13207644,0.13378136,0.11650212,0.13235405
217,0.1276746,0.12520945,0.12558693,0.12798858,0.12549734,0.1207707,0.1219585,0.1253139
218,0.114748426,0.12955102,0.1326797,0.1351357,0.11030866,0.124754936,0.1255528,0.12726875
219,0.12671892,0.12620066,0.12599277,0.12652081,0.12475578,0.12347979,0.12178314,0.12454814
220,0.12623662,0.12607007,0.1261399,0.12629676,0.123756185,0.123924665,0.12387569,0.12370014
221,0.13004097,0.122253165,0.12473884,0.12646702,0.1266411,0.12330965,0.12280787,0.12374136
222,0.12848915,0.12296634,0.12857419,0.12672447,0.12251531,0.121375754,0.12390917,0.1254456
223,0.12914355,0.12800439,0.12875557,0.12297926,0.12108223,0.12387061,0.12285439,0.12330999
224,0.12655772,0.12658165,0.12627904,0.12641728,0.12468079,0.12252492,0.12230394,0.12465468
225,0.13121481,0.111046165,0.13116878,0.13193212,0.12940943,0.11081734,0.12499066,0.12942068
226,0.12849626,0.1261312,0.128081,0.1252488,0.1225221,0.12434544,0.12272307,0.12245214
227,0.13783486,0.118778996,0.1348151,0.110278375,0.1351375,0.115890875,0.13184877,0.1154155
228,0.13147606,0.10948361,0.13116166,0.13158587,0.12946443,0.11104046,0.1265282,0.12925975
229,0.12799083,0.12626894,0.12327205,0.1280532,0.12316223,0.12397569,0.12208312,0.12519392
230,0.1279756,0.12840657,0.12795779,0.12414689,0.12408631,0.122015156,0.12184771,0.12356403
231,0.12592895,0.12678291,0.1267767,0.12622206,0.12375267,0.123863235,0.12380652,0.122866936
232,0.12614699,0.12441354,0.11834302,0.108777456,0.13014434,0.13086554,0.13065702,0.13065214
233,0.117096215,0.13604999,0.13157475,0.11685264,0.11650637,0.13303612,0.13242728,0.11645661
234,0.13477695,0.11684507,0.117592745,0.1353366,0.13335949,0.114571735,0.11457324,0.13294417
235,0.13523376,0.11769606,0.11720829,0.13436542,0.1331996,0.11561564,0.11428221,0.13239901
236,0.111225486,0.13121605,0.118863665,0.13034701,0.13040268,0.1313041,0.11581508,0.13082592
237,0.12370014,0.12680908,0.12429636,0.12695904,0.12452064,0.12486429,0.12423696,0.12461354
238,0.12661798,0.1272673,0.12741305,0.11401393,0.12554632,0.12700982,0.12600431,0.12612727
239,0.1351038,0.10087749,0.13507341,0.13520218,0.13283277,0.098374315,0.1303538,0.13218226
240,0.1268496,0.12629688,0.12691218,0.12666708,0.124576114,0.12219424,0.122544,0.12395992
241,0.11474453,0.12757777,0.13365835,0.12216821,0.11322514,0.129634,0.12966062,0.12933141
242,0.12392828,0.1264694,0.12616976,0.1266984,0.12407655,0.12426535,0.12442865,0.12396361
243,0.11854052,0.13514741,0.13429943,0.11790101,0.11522925,0.13075513,0.13019462,0.117932655
244,0.12576492,0.12625685,0.12707871,0.12679347,0.12411885,0.12369304,0.122471854,0.1238223
245,0.12601016,0.12274747,0.12524322,0.12968308,0.124073766,0.12380824,0.12330443,0.12512966
246,0.12825225,0.12623537,0.12536737,0.12840198,0.1248042,0.12118573,0.12019015,0.12556295
247,0.12615027,0.12613235,0.12635078,0.12559536,0.12407625,0.12345731,0.1241496,0.12408811
248,0.12819819,0.1259605,0.12710638,0.124735035,0.124727935,0.122797,0.12249461,0.12398031
249,0.12964243,0.123616025,0.12394278,0.12655908,0.12427346,0.123799145,0.12395276,0.12421434
250,0.11805391,0.11797579,0.13311754,0.13545956,0.11665483,0.11577251,0.13040139,0.1325645
251,0.12650815,0.12623693,0.12700067,0.12535758,0.124125,0.12397909,0.12243745,0.12435518
252,0.12553774,0.12612624,0.12477002,0.12656537,0.123963885,0.12477581,0.124909334,0.12335156
253,0.11746747,0.12741277,0.13000336,0.13284762,0.10822833,0.12851384,0.12799089,0.1275357
254,0.12061758,0.12662064,0.1252591,0.12723541,0.12487464,0.12526491,0.12539896,0.124728814
255,0.12795384,0.12821741,0.12776929,0.12396401,0.12520984,0.12183541,0.12166821,0.123382
256,0.12722544,0.121824,0.12752338,0.12608941,0.1254453,0.12301221,0.123509094,0.12537119
257,0.11004912,0.12912567,0.13196282,0.12365676,0.12569013,0.12686421,0.12699522,0.12565607
258,0.12594797,0.12594102,0.124267794,0.12719506,0.12446293,0.12397523,0.123996414,0.12421356
259,0.12941839,0.12224576,0.1247313,0.12915301,0.12373073,0.123302184,0.12280043,0.12461821
260,0.12770048,0.12848087,0.12814718,0.12854254,0.12107444,0.121905684,0.122091874,0.12205689
261,0.12183065,0.12321134,0.123803504,0.13200726,0.120799646,0.12107424,0.120867014,0.1364064
262,0.124799326,0.12405466,0.12308918,0.12810022,0.12525012,0.12449848,0.12510891,0.12509911
263,0.1247905,0.123444274,0.1264715,0.1273308,0.12465136,0.1238859,0.124892116,0.12453352
264,0.122620545,0.12452564,0.122698575,0.12805934,0.12563539,0.12497113,0.12575547,0.12573388
265,0.12621585,0.12300665,0.122858174,0.12685277,0.12527983,0.12486368,0.12544687,0.12547617
266,0.12658888,0.1273047,0.12766172,0.12762053,0.1213387,0.121978514,0.124167554,0.12333939
267,0.1272156,0.12262552,0.12378734,0.12760663,0.12529747,0.1244768,0.12478321,0.124207444
268,0.12347553,0.1243571,0.12338927,0.12767012,0.1255509,0.124801986,0.12541391,0.12534115
269,0.12603772,0.12589172,0.12589471,0.1257823,0.124081984,0.12426168,0.12417928,0.12387063
270,0.13187444,0.12938873,0.13044155,0.11514607,0.12867688,0.12625936,0.124305785,0.11390721
271,0.124638855,0.12395853,0.1214384,0.13303293,0.123585574,0.12290991,0.12334599,0.12708981
272,0.12543054,0.11618868,0.12000614,0.12080808,0.12986505,0.1297794,0.12958963,0.12833247
273,0.13183758,0.118072435,0.107353404,0.11580898,0.1356497,0.13573079,0.119583145,0.13596402
274,0.1324845,0.12724186,0.12793724,0.11733928,0.12760788,0.12765554,0.12786332,0.11187037
275,0.13440074,0.1331832,0.118606985,0.11860832,0.13112076,0.1323752,0.11587871,0.115826145
276,0.13040784,0.11248236,0.12866123,0.12903214,0.12722065,0.120464206,0.12460467,0.12712698
277,0.12830433,0.12811573,0.12812886,0.1251488,0.12242236,0.12248234,0.12283759,0.12256001
278,0.12748538,0.12766388,0.12812668,0.12513377,0.12283728,0.123011924,0.12309413,0.122647
279,0.12743765,0.12673293,0.12721097,0.12597086,0.122997455,0.12350505,0.122593984,0.123551086
280,0.12199837,0.1266737,0.12536581,0.12695861,0.124524206,0.12496019,0.125028,0.12449111
281,0.13058473,0.12049087,0.110958755,0.12761503,0.1275102,0.12760042,0.12775041,0.12748954
282,0.12968181,0.12514888,0.12914018,0.10639814,0.12725544,0.12732677,0.12739936,0.12764947
283,0.12417683,0.124311574,0.12306717,0.1264122,0.13762471,0.121627234,0.121287555,0.121492736
284,0.12757342,0.122267716,0.12995893,0.118198566,0.12654364,0.12538613,0.12704478,0.12302684
285,0.12396401,0.12654553,0.12660268,0.12683065,0.123865485,0.12406022,0.124241054,0.123890355
286,0.123214304,0.12371572,0.12396111,0.1281343,0.12568913,0.124679774,0.12495837,0.12564728
287,0.1279756,0.12840657,0.12795779,0.12414689,0.12408631,0.122015156,0.12184771,0.12356403
288,0.12716699,0.124925524,0.12608516,0.1277,0.12542163,0.121869266,0.12151043,0.12532097
289,0.12164691,0.1266073,0.12659761,0.12685569,0.12437933,0.124694735,0.12484751,0.12437089
290,0.1159246,0.13036089,0.13204497,0.12943023,0.11192758,0.1272973,0.12734826,0.12566619
291,0.12198313,0.12659788,0.12642863,0.1270525,0.12448392,0.12455862,0.124602996,0.124292314
292,0.12920319,0.12658589,0.12570576,0.12615137,0.12643237,0.12164665,0.11968149,0.1245933
293,0.1264421,0.12337513,0.11935435,0.1259804,0.12850942,0.124194324,0.12480084,0.12734339
294,0.12587838,0.12754768,0.12870799,0.1253722,0.12153856,0.12434431,0.124038115,0.12257279
295,0.13137944,0.118739486,0.14153534,0.107723355,0.13660572,0.12020578,0.13731879,0.10649215
296,0.12756813,0.12606636,0.12717937,0.12747788,0.122518234,0.12226985,0.12272855,0.12419164
297,0.12096708,0.13247043,0.13256392,0.11775661,0.12164358,0.12569107,0.1266985,0.12220879
298,0.12995484,0.123331435,0.12931778,0.11726259,0.1256741,0.12680191,0.12560472,0.122052625
299,0.12608656,0.12423256,0.12456094,0.12767184,0.12414901,0.12441659,0.12457097,0.12431152
300,0.12865253,0.11892941,0.1296493,0.13094181,0.12785187,0.110636495,0.12875012,0.124588445
301,0.12723848,0.120500445,0.12260935,0.117369965,0.12787423,0.12824145,0.12869217,0.12747392
302,0.12631473,0.12708662,0.12706944,0.12395393,0.12423424,0.124274015,0.12423673,0.12283024
303,0.11850293,0.11944848,0.12634718,0.13632978,0.11440933,0.12577146,0.12754354,0.1316473
304,0.1134364,0.13073806,0.1307516,0.13043424,0.11167481,0.12797171,0.12795432,0.12703887
305,0.12577656,0.12480117,0.1235893,0.12726752,0.12477427,0.12428482,0.124810256,0.12469612
306,0.11844125,0.119373225,0.13000034,0.13679378,0.11496013,0.115482695,0.13064782,0.13430077
307,0.12587899,0.12653449,0.12648676,0.126196,0.12370404,0.1239109,0.123702474,0.12358635
308,0.12500142,0.12755436,0.12738629,0.12818794,0.1217095,0.12262083,0.12251398,0.12502572
309,0.12218261,0.12638944,0.12680387,0.1271159,0.12454893,0.12370895,0.12484832,0.124401994
310,0.12678921,0.13284077,0.13267115,0.11255047,0.12623128,0.12817597,0.12836835,0.112372816
311,0.13678923,0.12873513,0.1189971,0.12399455,0.134855,0.11975845,0.11855517,0.11831537
312,0.13006908,0.13078523,0.130237,0.113341734,0.12805054,0.1276785,0.12830633,0.11153159
313,0.114523396,0.13140647,0.1309472,0.13188918,0.112659924,0.12486574,0.12469438,0.12901369
314,0.12961693,0.11940074,0.12781122,0.12895542,0.123577364,0.12227534,0.12553258,0.12283041
315,0.12045531,0.12338097,0.12899567,0.11674374,0.12833527,0.12838037,0.12855001,0.12515862
316,0.12649773,0.12733544,0.1268904,0.1270158,0.12512581,0.12099734,0.12083129,0.12530619
317,0.12795384,0.12821741,0.12776929,0.12396401,0.12520984,0.12183541,0.12166821,0.123382
318,0.12902153,0.1221689,0.12428396,0.124446526,0.12459275,0.12544763,0.1254916,0.12454709
319,0.12656538,0.12661985,0.1266706,0.12583527,0.12399237,0.123998426,0.12382875,0.122489356
320,0.13392963,0.12445573,0.13091668,0.107755184,0.1321656,0.12910415,0.12878573,0.11288728
321,0.1298646,0.12777735,0.12526545,0.11460054,0.12931041,0.12976179,0.12975991,0.113659956
322,0.12613343,0.12606585,0.12590152,0.12599395,0.12412975,0.124158256,0.12433417,0.12328303
323,0.12682427,0.1268126,0.1268206,0.12643969,0.12162772,0.1241293,0.1243424,0.123003416
324,0.12852544,0.1238048,0.124132045,0.12723224,0.12429177,0.123988196,0.12414204,0.123883486
325,0.13113321,0.1187477,0.12176309,0.13064331,0.12792648,0.12126726,0.12035935,0.12815958
326,0.12277381,0.124646604,0.12593283,0.12606281,0.124946006,0.1258358,0.1246815,0.12512065
327,0.12619315,0.12642153,0.12609926,0.12673734,0.12492035,0.12242975,0.12204536,0.12515324
328,0.12775543,0.12809113,0.122158036,0.12877935,0.12527123,0.12171542,0.12123999,0.12498939
329,0.12638777,0.13161127,0.11720382,0.13367952,0.11822283,0.12656146,0.11462928,0.13170403
330,0.12571146,0.12386296,0.12419036,0.12937568,0.123779655,0.124046445,0.12420037,0.12483305
331,0.10276742,0.13645014,0.124053545,0.1361423,0.10531461,0.13794868,0.121288985,0.13603435
332,0.12528697,0.12769115,0.12709287,0.12713374,0.12398514,0.1227289,0.122233436,0.12384782
333,0.11720177,0.12917727,0.13173896,0.1319199,0.11330193,0.12707742,0.1269591,0.122623615
334,0.12798437,0.12834242,0.12789387,0.12408487,0.12445116,0.121954195,0.12178683,0.12350229
335,0.12508217,0.12720992,0.12737715,0.12733462,0.12414467,0.12260829,0.122565605,0.12367756
336,0.11195282,0.12957028,0.1342657,0.115472116,0.13066341,0.131363,0.1312683,0.11544436
337,0.1266994,0.12611753,0.12616934,0.12758943,0.12244261,0.122966334,0.12332519,0.12469018
338,0.1350804,0.11754165,0.11757,0.13451703,0.13240781,0.115594886,0.11554597,0.13174224
339,0.11694326,0.12896448,0.132079,0.13451584,0.111551866,0.124190114,0.124984376,0.12677106
340,0.13311619,0.12259244,0.13425153,0.10778529,0.13189809,0.12848198,0.12914921,0.11272532
341,0.12752631,0.12666903,0.12684263,0.12700476,0.12303213,0.12310499,0.123103246,0.12271684
342,0.13505422,0.11717149,0.117267884,0.1351303,0.13261141,0.11542624,0.115274005,0.13206442
343,0.1271673,0.122586146,0.12617923,0.12752838,0.12559992,0.122523285,0.122829504,0.1255862
344,0.12667908,0.12676059,0.12670572,0.12678225,0.12320294,0.12370956,0.122537926,0.1236219
345,0.13068198,0.121808276,0.11755288,0.12968431,0.124517344,0.12462844,0.12403954,0.12708727
346,0.12755138,0.12508816,0.12828332,0.12474322,0.12247065,0.12337967,0.12391732,0.12456632
347,0.12985168,0.12939477,0.13016354,0.1139236,0.12718087,0.12952359,0.12861493,0.111347
348,0.13094747,0.11359415,0.13064483,0.130936,0.12754694,0.110672645,0.12797827,0.1276797
349,0.12744671,0.12538609,0.12532042,0.12750217,0.12446056,0.12258771,0.123125836,0.12417053
350,0.13533208,0.11799223,0.13547465,0.11622908,0.12618852,0.11804678,0.1333278,0.117408834
351,0.113865875,0.12805554,0.13261707,0.13207026,0.11151875,0.12743667,0.12741461,0.12702122
352,0.13531117,0.11815381,0.13626286,0.11801664,0.13208646,0.11454197,0.13055553,0.11507156
353,0.12377895,0.1252559,0.12874404,0.12599313,0.12457968,0.12349903,0.12357198,0.124577366
354,0.12528849,0.12791234,0.12610959,0.1282524,0.11957012,0.12486775,0.123178974,0.12482034
355,0.122508064,0.11903942,0.12976034,0.12845592,0.12562191,0.12225401,0.12591116,0.12644914
356,0.12274475,0.12677267,0.12814324,0.12611583,0.123580135,0.123543076,0.12434204,0.12475821
357,0.12590548,0.12527773,0.12475918,0.12799816,0.119734965,0.12534425,0.123633906,0.12734635
358,0.12752293,0.12199942,0.11811411,0.12832901,0.12658456,0.124788776,0.12422157,0.12843958
359,0.11665913,0.13581416,0.13534865,0.11760774,0.11570422,0.13220306,0.13135181,0.11531132
360,0.120597094,0.1187533,0.13796812,0.12245504,0.12073901,0.12082382,0.13790129,0.12076226
361,0.12978138,0.121207185,0.115487225,0.12455183,0.12590382,0.12777764,0.1270083,0.12828262
362,0.1275309,0.12385123,0.12708902,0.12798087,0.12379414,0.123080775,0.12398803,0.12268498
363,0.12579581,0.12138294,0.11790508,0.12946476,0.12582779,0.1254932,0.1253288,0.1288016
364,0.123749994,0.12655735,0.12865631,0.12553968,0.124133684,0.1235469,0.12404997,0.12376615
365,0.11333713,0.13198651,0.13024369,0.13131857,0.112336665,0.12710045,0.1269261,0.1267509
366,0.12723634,0.12420555,0.12734793,0.12748691,0.12342073,0.12314133,0.122575425,0.12458581
367,0.12742765,0.12491867,0.12526958,0.1267853,0.12530082,0.1224736,0.12319477,0.124629624
368,0.12650692,0.12559727,0.12562871,0.1267823,0.123844266,0.12365336,0.123730235,0.124256946
369,0.11534864,0.12736067,0.1337421,0.11949904,0.11774594,0.13461666,0.13411108,0.11757592
370,0.12473804,0.11982218,0.12447541,0.12721184,0.12668003,0.12532094,0.12506449,0.12668711
371,0.12802869,0.12495468,0.123617776,0.12781756,0.12524593,0.122421354,0.12205627,0.12585773
372,0.12912828,0.11934757,0.12252695,0.12690789,0.12718827,0.12442819,0.12400691,0.12646595
373,0.11622638,0.13570324,0.13555148,0.116712056,0.11495836,0.13300803,0.1324207,0.11541974
374,0.12644406,0.12619455,0.12535617,0.12466462,0.124013826,0.124645814,0.12496737,0.123713546
375,0.12472096,0.116044834,0.13774794,0.11765663,0.12327836,0.12135254,0.13740984,0.12178889
376,0.12997214,0.113533296,0.15122107,0.11364263,0.12730432,0.11144851,0.14173326,0.11114479
377,0.12582493,0.11774486,0.12372384,0.12950732,0.1215531,0.12757397,0.1264147,0.12765726
378,0.1149905,0.13053785,0.12774512,0.12972261,0.11354991,0.12735282,0.12703861,0.12906256
379,0.12596636,0.12931119,0.12703323,0.11282095,0.12693003,0.1268417,0.12606518,0.12503137
380,0.11328059,0.13196343,0.13183129,0.13154362,0.11094553,0.12659074,0.1268649,0.12697995
381,0.13024189,0.130842,0.13021782,0.11243339,0.12811927,0.12812243,0.12830783,0.11171539
382,0.11832055,0.119836815,0.12750305,0.12890615,0.12616558,0.12532651,0.12636091,0.12758046
383,0.13662745,0.11292898,0.11758499,0.13759485,0.13039975,0.11726155,0.11899194,0.12861052
384,0.1337848,0.11786057,0.1144267,0.13436948,0.133352,0.11682169,0.115808815,0.13357598
385,0.112022266,0.114891514,0.13664082,0.13503057,0.116568886,0.117525585,0.13433708,0.13298325
386,0.12764333,0.117058,0.11828842,0.13539055,0.13283193,0.11764198,0.117332846,0.133813
387,0.11132303,0.13086322,0.13005152,0.13083248,0.11152629,0.12843019,0.12872583,0.12824741
388,0.12923348,0.11942022,0.1133965,0.13310933,0.1255239,0.1250234,0.124477066,0.1298161
389,0.12690865,0.12157841,0.12621868,0.12572995,0.12437775,0.124725744,0.12569007,0.124770746
390,0.12110211,0.12414963,0.123067275,0.12620126,0.1265108,0.12637435,0.12612598,0.12646857
391,0.128849,0.12784266,0.12820199,0.11652732,0.12937735,0.1284014,0.12776928,0.113030985
392,0.12427371,0.11860708,0.12609448,0.1267368,0.12667476,0.12510175,0.12599702,0.12651446
393,0.115747385,0.13454802,0.116614036,0.11290305,0.122843236,0.13866378,0.13668561,0.12199487
394,0.14208238,0.12053131,0.11985695,0.12319838,0.13597293,0.11918868,0.11917865,0.11999073
395,0.1308726,0.11269323,0.12945339,0.13116533,0.12809739,0.11155549,0.12759559,0.12856697
396,0.12779926,0.12596549,0.11658937,0.122263536,0.13519451,0.134361,0.11814815,0.1196787
397,0.12241052,0.12830192,0.1282186,0.119071655,0.12974516,0.12852241,0.12850744,0.115222245
398,0.132944,0.1327674,0.120930694,0.11385263,0.1305137,0.13030778,0.12504254,0.113641284
399,0.11822036,0.13234513,0.13343874,0.117461346,0.11781302,0.13105106,0.13228951,0.11738082
400,0.122768,0.12325437,0.12765968,0.12787215,0.12429295,0.12425185,0.12477312,0.12512793
401,0.1264964,0.12628402,0.12636231,0.1262029,0.12381399,0.12385862,0.12348882,0.12349293
402,0.11988485,0.1265455,0.12778227,0.12269638,0.12565891,0.1266715,0.1263667,0.1243939
403,0.13343191,0.12843631,0.12372559,0.11609782,0.1313571,0.1261237,0.1266381,0.11418945
404,0.12868652,0.1251121,0.10730311,0.13350768,0.13188559,0.12839517,0.11356607,0.13154373
405,0.12707137,0.13175537,0.13088979,0.1118747,0.12825422,0.12917933,0.129668,0.11130724
406,0.13396366,0.11622715,0.1151338,0.13318175,0.13050199,0.11439152,0.12530795,0.13129218
407,0.12114219,0.12620713,0.12732567,0.12632409,0.12405984,0.124679394,0.12529747,0.124964215
408,0.122973524,0.1261285,0.1255708,0.121144526,0.12375323,0.12932739,0.12894718,0.12215483
409,0.11547281,0.1293789,0.12754354,0.111656405,0.1286013,0.13025004,0.12899882,0.12809822
410,0.12345466,0.12949549,0.12906758,0.115017116,0.13017347,0.12911895,0.1287345,0.114938274
411,0.14853735,0.11543079,0.112927355,0.12760128,0.14611498,0.1110901,0.11134411,0.12695405
412,0.13297123,0.11488145,0.12724213,0.12749836,0.13028316,0.11230133,0.12556493,0.12925746
413,0.13286574,0.1257563,0.114192665,0.13052194,0.12996908,0.1256531,0.11088189,0.13015936
414,0.12983115,0.12843065,0.12955041,0.111082524,0.12819082,0.12826899,0.12960906,0.11503637
415,0.10570767,0.13069457,0.13152198,0.12957987,0.11374766,0.1294485,0.12944546,0.12985434
416,0.13416772,0.11666016,0.13597849,0.1161892,0.1329444,0.115667194,0.13281284,0.11558
417,0.12889324,0.123494074,0.12266536,0.12772107,0.12615365,0.12349238,0.12149727,0.12608297
418,0.12981953,0.122731276,0.1050325,0.1311598,0.12876365,0.12772863,0.124880105,0.12988451
419,0.12499697,0.123164505,0.12672517,0.12756623,0.126334,0.122258715,0.12232158,0.12663284
420,0.12351547,0.1240477,0.12703542,0.12759614,0.12560174,0.12288843,0.12218233,0.12713274
421,0.12621869,0.12628607,0.12608409,0.12635559,0.12354217,0.12386804,0.123717844,0.12392751
422,0.12125385,0.132384,0.13166168,0.11633321,0.12740418,0.12889679,0.1285344,0.113531895
423,0.11930285,0.12648398,0.12824458,0.12942028,0.12398519,0.1227859,0.123507805,0.12626939
424,0.13064276,0.12907314,0.12892112,0.129639,0.120657586,0.12049426,0.12017306,0.1203991
425,0.11383278,0.13096616,0.13064562,0.13129534,0.110513784,0.12707287,0.12790316,0.1277703
426,0.13800123,0.11723225,0.1159418,0.12957156,0.13534032,0.11503352,0.11476021,0.13411911
427,0.10593792,0.13221176,0.13339357,0.12858364,0.11351368,0.12853976,0.12867874,0.12914093
428,0.12467907,0.12663138,0.12747955,0.12199294,0.12467395,0.1247616,0.1251843,0.12459719
429,0.13982761,0.10756074,0.13684562,0.11997658,0.13715331,0.10400911,0.13547127,0.11915577
430,0.12389854,0.12698415,0.12665692,0.12654077,0.12368346,0.1243887,0.12397229,0.123875186
431,0.11908855,0.1338266,0.13582249,0.117341764,0.11521566,0.13115065,0.1307437,0.11681058
432,0.12925582,0.12507625,0.12590285,0.1251541,0.12651551,0.12169902,0.12107329,0.12532318
433,0.116463065,0.13596146,0.13437134,0.11672309,0.11586574,0.13266456,0.1319255,0.11602523
434,0.1274771,0.12734357,0.12550676,0.12691785,0.12468028,0.121601716,0.12155463,0.12491811
435,0.12568559,0.124781795,0.124780044,0.12588266,0.124897055,0.12451395,0.12443085,0.1250281
