,Estim(XGBClassifier)_Imputer(IterativeImputer(<class 'sklearn.linear_model._bayes.BayesianRidge'>)),Estim(XGBClassifier)_Imputer(IterativeImputer(<class 'xgboost.sklearn.XGBRegressor'>)),Estim(XGBClassifier)_Imputer(IterativeImputer(<class 'sklearn.ensemble._forest.RandomForestRegressor'>)),Estim(XGBClassifier)_Imputer(KNNImputer),Estim(RandomForestClassifier)_Imputer(IterativeImputer(<class 'sklearn.linear_model._bayes.BayesianRidge'>)),Estim(RandomForestClassifier)_Imputer(IterativeImputer(<class 'xgboost.sklearn.XGBRegressor'>)),Estim(RandomForestClassifier)_Imputer(IterativeImputer(<class 'sklearn.ensemble._forest.RandomForestRegressor'>)),Estim(RandomForestClassifier)_Imputer(KNNImputer),Estim(<class 'new_base.ClassifierWithImputation'>)_Imputer(Identity)
0,0.10411221509666846,0.13108181946289454,0.1391730699993701,0.11164285263499354,0.09257823373868711,0.1107621148026229,0.11018699756566772,0.0924906904133564,0.10797200628573886
1,0.08799899292946829,0.11063019160036741,0.14723737254761407,0.12510438914924266,0.09555865580707697,0.10658590098121735,0.11583626602627992,0.09803257817244769,0.1130156527862855
2,0.07831340881956131,0.1450965523186302,0.11830182119030634,0.13252633291717117,0.09074250384391729,0.12411475622882588,0.10957323332698886,0.10091285383440321,0.10041853752019583
3,0.12096082116202923,0.12675749821628998,0.1377211487789377,0.0987222781881531,0.10387104228558566,0.10695950986108532,0.12574363062513078,0.09289755919752322,0.0863665116852649
4,0.1252080953978169,0.11761477476889917,0.10215764207471562,0.11727753827721306,0.11227326111333781,0.11036815959126255,0.10752369736959437,0.10715158678471964,0.10042524462244057
5,0.1367693735230677,0.10527284554502431,0.104099577247833,0.11323868359731358,0.11151980227599344,0.10781657454622526,0.10332291248907433,0.10389764201433373,0.1140625887611346
6,0.13039329133455424,0.10206305807439131,0.09067642215558092,0.1327520183986619,0.11439301232063016,0.1086750686962747,0.09847543667418054,0.11157083193743053,0.11100086040829572
7,0.11692567101131711,0.12221581942975464,0.13282465789106618,0.1028087659144385,0.10300006357647988,0.10466077462117612,0.12102837922460445,0.09835552500339319,0.0981803433277699
8,0.11044823245514328,0.12039641459847773,0.1197705045249977,0.10753784401946664,0.10669347225225964,0.11658034533433895,0.11232502375923228,0.10257119485235586,0.10367696820372813
9,0.10513934934805583,0.12092533261593717,0.13158484113433613,0.12584845951717102,0.0931222934470536,0.10257964944924612,0.11819885340049399,0.10487287529790044,0.09772834578980553
10,0.09096322832450361,0.11294822531125669,0.11426817206668338,0.106954026369931,0.107484197410704,0.12131939094108453,0.113307424653265,0.10873335925487086,0.12402197566770096
11,0.11939663748917233,0.12649707743050248,0.12192564823128973,0.11683446567050557,0.09790952160797115,0.11314894214639931,0.10517346702221186,0.10026981490318305,0.0988444254987645
12,0.12241111955230295,0.10011053842875979,0.10636382317452114,0.12607718026208328,0.10951596011798666,0.10331452110358474,0.1057911542358556,0.1160735346062169,0.11034216851868883
13,0.104881528239795,0.12588640322364844,0.12084658223355428,0.13475778229964264,0.09292097345505022,0.10385993876552825,0.10966929974652039,0.10451180909016367,0.10266568294609685
14,0.103705200118029,0.11422855190051467,0.12194568485636738,0.11211743334663626,0.10674457844690069,0.11215278983692317,0.11632199575836115,0.11164556483895616,0.10113820089731144
15,0.13945932222365787,0.10305478872019337,0.10335502074274967,0.13196578656390823,0.11294937308443834,0.09784692510675348,0.10103510861888018,0.10203912534503148,0.10829454959438735
16,0.10513934934805583,0.12092533261593717,0.13158484113433613,0.12584845951717102,0.0931222934470536,0.10257964944924612,0.11819885340049399,0.10487287529790044,0.09772834578980553
17,0.11408882124593385,0.1190668230298135,0.10504468699327502,0.11826028394302782,0.10412250135417823,0.10950180304805196,0.0990514195281937,0.10495174262190345,0.1259119182356227
18,0.10893200802082707,0.10652758545786202,0.10519024354611345,0.10678557361151149,0.11514571331112478,0.11521659731059165,0.1131223437120234,0.10886555316868812,0.12021438186125796
19,0.11124693537538875,0.12487110059583786,0.13412506095703286,0.1251539851831223,0.09555464054426939,0.10371776519386512,0.11837201312971822,0.09963842575879187,0.08732007326197357
20,0.0938338403378296,0.12530871223598733,0.13388909212689307,0.1257778560462448,0.09532307682281063,0.10852170228316801,0.11246733915177068,0.10184693996058605,0.10303144103470997
21,0.12137373550899916,0.13236697929646005,0.11501643945221145,0.13109664990182712,0.09709275824074771,0.10406555579112009,0.10804539904203797,0.10015543716349055,0.09078704560310563
22,0.1320680085024659,0.12504134559284863,0.12276714431555555,0.11725014628502185,0.10306970309325633,0.10519746704780324,0.10519986972064141,0.09468881157813681,0.0947175038642704
23,0.14026202620643768,0.10742942156367798,0.09200561909992425,0.11943630403530486,0.1132786057172515,0.1059965303456161,0.09654609497642269,0.10858990176643904,0.11645549628892571
24,0.11152877643332544,0.12505662081293487,0.1345123968655886,0.12501291643794574,0.09445936531817663,0.10578214386918101,0.11686388543829646,0.09929711769163273,0.08748677713291847
25,0.1089816747879351,0.1256657312600428,0.13670397036828402,0.12108386181188228,0.09409444765275968,0.10503886178951655,0.12304539903605745,0.0992480665004934,0.08613798679302856
26,0.09993263400888112,0.1320716966150293,0.1314977270286692,0.12063740126253351,0.09527515895552013,0.11280321070071476,0.10860021923903905,0.09356674720034949,0.10561520498926345
27,0.103705200118029,0.11422855190051467,0.12194568485636738,0.11211743334663626,0.10674457844690069,0.11215278983692317,0.11632199575836115,0.11164556483895616,0.10113820089731144
28,0.10647982389111613,0.1178796541742625,0.1347309224383059,0.11155702256379425,0.09917569725249703,0.10334129123388522,0.11401632614098091,0.10647661712270906,0.10634264518244893
29,0.12890267893045648,0.08349023771137518,0.10884603854625956,0.11806451107880654,0.12194661876836758,0.10274671915022074,0.11114981426625332,0.11795158410908958,0.10690179743917129
30,0.10723115406621417,0.1379210558249096,0.13452254319446713,0.11094110094727345,0.09390773845764629,0.11939773858479004,0.11348078528153167,0.08914357040040889,0.09345431324275885
31,0.10068812945061403,0.12573214910384647,0.12476824914004385,0.1177457282880569,0.10104005370677348,0.10690777003599518,0.1008255324796808,0.09915483150273194,0.12313755629225724
32,0.11131599412549158,0.10689256107504057,0.11816529004448537,0.10873651896812311,0.11365578124044885,0.11278860099661152,0.11977669187237498,0.10827517535915702,0.10039338631826691
33,0.10905862781675148,0.11642935557911603,0.12926112951864116,0.10184349617647753,0.10603185694719748,0.10875107813545241,0.1263585777947188,0.11294208947104496,0.08932378856059998
34,0.1044472798032208,0.1108051090879422,0.11624830491282058,0.12240531278211568,0.10659252055169763,0.10820448400247122,0.11628494715437952,0.1213682298231233,0.09364381188222914
35,0.12099004943085095,0.1198680048976091,0.10209040826517533,0.11350545967311972,0.11205193206696795,0.11138946470900202,0.10315813492160589,0.1096101120579967,0.10733643397767237
36,0.12099004943085095,0.1198680048976091,0.10209040826517533,0.11350545967311972,0.11205193206696795,0.11138946470900202,0.10315813492160589,0.1096101120579967,0.10733643397767237
37,0.1252431410152503,0.11896957630151261,0.11676414475393045,0.12370600777591206,0.10228389103074458,0.1026792074069408,0.09948214399945492,0.1045479829148156,0.10632390480143847
38,0.12307032855473943,0.1314887229269818,0.11908486349296447,0.10647402044911033,0.09817539504686484,0.10748816761468495,0.10577678585303049,0.10082403356371691,0.10761768249790696
39,0.11164804254128421,0.10409947870148671,0.1365205403761893,0.1117680505353044,0.09972725731920128,0.09997400352640852,0.11601834903329344,0.10439932478061294,0.11584495318621912
40,0.13108172025008305,0.0983167804595672,0.09901168926570228,0.12432423277406507,0.11496351006867964,0.10763751878861882,0.10643310074660774,0.11227138688842662,0.1059600607582494
41,0.11458211099870526,0.11694393834712923,0.11053779763578184,0.12967571268486225,0.10321575982693865,0.11597171724766472,0.10929694354318809,0.10262605052494515,0.09714996919078502
42,0.08546420370747704,0.1342318055424921,0.12471654239021825,0.12370689804254133,0.09416950888531789,0.11230454200906875,0.10292606450485627,0.0998955049508368,0.12258492996719139
43,0.10974031768746025,0.11570860069616207,0.08642127673234189,0.1266477777731227,0.11094489510143345,0.11734409193846948,0.09390187769601946,0.11090047851723499,0.12839068385775557
44,0.11353634094997911,0.12037521352585505,0.1274470451495174,0.12513852381481286,0.09953248387024731,0.09956642297275413,0.11541074428019195,0.09802364066602276,0.10096958477061946
45,0.1044874750830625,0.10284557190882712,0.13399195401814815,0.12458042849465817,0.10498290012821726,0.10107316626420962,0.11228010597487095,0.10506187703823382,0.11069652108977243
46,0.11584385069056695,0.11032862106981695,0.11228636392829293,0.13403435032447591,0.10262496233466116,0.10879018755082588,0.10546887739955094,0.10317056682645696,0.10745221987535232
47,0.12758027126909408,0.13094901479035922,0.13439373058680512,0.09544468572290014,0.09918102545739098,0.1084521821112468,0.11839854499321084,0.09552046933054008,0.09008007573845267
48,0.12912743103927568,0.08830069250337308,0.09234270422656497,0.11263813979231907,0.12967163541842444,0.11459732563802118,0.11685051189338626,0.1176476355086725,0.09882392397996265
49,0.09380532457206375,0.13251453876299438,0.14369218420605812,0.10454311426300643,0.09223627265984138,0.10877995144865558,0.11848558941836208,0.09802245592480341,0.10792056874421486
50,0.1418204755966589,0.10432234725511773,0.08842628712947397,0.12675031261620898,0.11416155745154515,0.1018976925969802,0.09316653408923962,0.11316478516080719,0.11629000810396821
51,0.104881528239795,0.12588640322364844,0.12084658223355428,0.13475778229964264,0.09292097345505022,0.10385993876552825,0.10966929974652039,0.10451180909016367,0.10266568294609685
52,0.12099004943085095,0.1198680048976091,0.10209040826517533,0.11350545967311972,0.11205193206696795,0.11138946470900202,0.10315813492160589,0.1096101120579967,0.10733643397767237
53,0.10798195027313852,0.11303771216030808,0.12378452274859253,0.09930542392105575,0.11183193855502312,0.10887062446277074,0.1298853810614708,0.1073182252598357,0.09798422155780459
54,0.12721143578597566,0.1266336097042568,0.10757193324003624,0.11578883444518763,0.10330656434289291,0.10673568969811952,0.10390375486585887,0.10182572143378862,0.10702245648388355
55,0.10485402489789165,0.12628026622006783,0.13799313041337338,0.10694123332326093,0.09525180776155473,0.10030303134991189,0.12105061011496177,0.10301294074721391,0.10431295517176414
56,0.0938338403378296,0.12530871223598733,0.13388909212689307,0.1257778560462448,0.09532307682281063,0.10852170228316801,0.11246733915177068,0.10184693996058605,0.10303144103470997
57,0.10647099315195598,0.1132995939971521,0.11935808016918112,0.12010271747220894,0.10560908260070619,0.10870770468227303,0.11639857515426379,0.10943219635021242,0.1006210564220463
58,0.12211701430383395,0.130587532508355,0.1125506366795584,0.12177779384113602,0.1027433506483334,0.10958373653369731,0.10405685786197033,0.10313451973449002,0.09344855788862552
59,0.11706620050829575,0.10752119069082933,0.12023063011891685,0.11300672990115751,0.1126264045169607,0.11029056373725686,0.11487280702746204,0.11229821796958206,0.09208725552953914
0,0.1065703730714766,0.12117743700364925,0.13837790237374076,0.110532786363135,0.0965560644962551,0.10911844152318566,0.10729614113708968,0.10065593047870211,0.10971492355276563
1,0.12516556265451273,0.09958085858561472,0.13245684101061242,0.12186382512187871,0.10162243260674628,0.0854413312487976,0.10752747231279247,0.0994938467163092,0.12684782974273565
2,0.11861910831528197,0.08917055519710625,0.12030991890569694,0.14143115658251815,0.10276949321927469,0.08919181488641378,0.10380357912123181,0.10361110227537285,0.1310932714971037
3,0.11160516196738385,0.10117632865202786,0.13713237292520367,0.09883173323994815,0.11055972137867422,0.1114373633309138,0.12013689237771975,0.10565663672167348,0.10346378940645516
4,0.09751985367724354,0.11538152503297308,0.11567892095363617,0.0970206716095494,0.10830341647151756,0.10822595142166419,0.1141137218319585,0.11010626363879966,0.13364967536265812
5,0.11096892362773073,0.10602815276188561,0.1277221095280931,0.10546833860282152,0.10425037800324215,0.09795696931966044,0.12034201376585003,0.1047047801168946,0.12255833427382208
6,0.08497771669071442,0.12339202029319016,0.11997560546495988,0.09788208469529229,0.10801874739862315,0.1096371931969908,0.11292012168917263,0.10853088814662841,0.1346656224244283
7,0.11048431486122806,0.10459851456348854,0.14261559314499875,0.08600223335832068,0.10445099852716916,0.11001342166340267,0.12388382833112524,0.0999238351944936,0.11802726035577325
8,0.13177703045309827,0.13619036552353592,0.1201813057078778,0.08463119774276162,0.10286239643613239,0.11179762018680993,0.10482495894286925,0.09662870253515805,0.11110642247175698
9,0.1073132618662046,0.11821963270421545,0.14143533173988687,0.0970129192138228,0.10552629324534216,0.10896471968517361,0.1174796851909607,0.10061095292470089,0.10343720342969294
10,0.12377204391704195,0.11513922865463315,0.11359740573523917,0.12632693394218672,0.10091224753311212,0.09329777667195074,0.09799644744881986,0.10315886134093827,0.12579905475607814
11,0.1190693977308808,0.10401573580158709,0.11527977644836176,0.13087649128227122,0.1142709936875125,0.10629914114237843,0.11099390654312959,0.10638381724738591,0.09281074011649292
12,0.12468737243167463,0.11706890546987762,0.09456607716811563,0.13341506747734638,0.1033311219985344,0.09754504411925705,0.09454095448741623,0.10488789796910426,0.12995755887867377
13,0.10879482137186774,0.10905580764535944,0.14326840362453505,0.08896466288067315,0.09948921304772722,0.10440955804712566,0.12182380523285287,0.10304688652530287,0.12114684162455584
14,0.11858578258301261,0.1288063274214079,0.13793704704169416,0.10047096059694124,0.09726880847480797,0.10057492033602503,0.10962716787874593,0.0951780426045617,0.11155094306280339
15,0.11291469975858387,0.13505723837784353,0.1326544813913944,0.0913863975628619,0.11146645298529241,0.11284953826591627,0.11622211107905184,0.10423220903266862,0.08321687154638738
16,0.09840372361794256,0.1095166302995573,0.14018711237383052,0.11153558904457488,0.09621958979987384,0.10181637532599173,0.11423412191867803,0.10494113838496812,0.12314571923458313
17,0.12073893479230666,0.11346519345927966,0.12559257247619385,0.122574779182807,0.10453267112899081,0.09984618883417458,0.10044841194695958,0.10002900226467261,0.1127722459146151
18,0.11160516196738385,0.10117632865202786,0.13713237292520367,0.09883173323994815,0.11055972137867422,0.1114373633309138,0.12013689237771975,0.10565663672167348,0.10346378940645516
19,0.12004419047744079,0.1266831783942466,0.12943396858618325,0.11500355344459504,0.1008351313013271,0.10377164388420654,0.10862996935000234,0.0917774025080837,0.10382096205391474
20,0.12480372775624667,0.11798743498564918,0.13289610931553575,0.09694801768763493,0.09925039857429019,0.10292499088274552,0.11605542999008293,0.09296926000805213,0.11616463079976262
21,0.13096861136071855,0.08959956236440869,0.13128604812809175,0.10946459249179862,0.11282382337459482,0.09076650270704403,0.11628045048389472,0.10639624392340016,0.11241416516604867
22,0.12864023768660948,0.1051171139465892,0.13245849929300216,0.10311495903591537,0.10344375834993541,0.09982652305663528,0.10841592126373151,0.09882822135451866,0.12015476601306285
23,0.12268503367392945,0.11870528757037588,0.13368059618215866,0.10126846569061881,0.09759043263696839,0.09831103327176414,0.109154939225585,0.09662853675289618,0.12197567499570336
24,0.11909766514193297,0.1278199245467156,0.1255786021766527,0.09543553898333677,0.10429765511844598,0.10074496443757183,0.10434938753928719,0.09307269977428584,0.1296035622817709
25,0.11247467073060824,0.0927887439445007,0.12841366569525614,0.11506772869565514,0.10733815830927365,0.10233393330789128,0.11703814384250086,0.10625438292569706,0.11829057254861669
26,0.11782381028081312,0.11709045589793918,0.11207721485566888,0.08452503107743575,0.10696293620745038,0.09945755736364331,0.11471933877326898,0.10039913762112646,0.14694451792265406
27,0.12837434520206722,0.10971207467300917,0.13589209615132264,0.09658883003407659,0.10227474999623258,0.09646064248387745,0.11280187102451776,0.09555625387310078,0.12233913656179575
28,0.11048431486122806,0.10459851456348854,0.14261559314499875,0.08600223335832068,0.10445099852716916,0.11001342166340267,0.12388382833112524,0.0999238351944936,0.11802726035577325
29,0.10659339074677626,0.10590869480337409,0.13858622752515456,0.10746404045089261,0.10129795379328865,0.09813396824305062,0.11682197865771166,0.10726072731856698,0.11793301846118487
30,0.12099976681498119,0.13067332870127377,0.12080213599558438,0.10784849919055478,0.0992470344967354,0.10036436006377987,0.1032469144229452,0.10149106920895049,0.11532689110519506
31,0.12896138198486962,0.11688436061718786,0.1292939408850829,0.0785633000789529,0.10291358001690644,0.09870832203135847,0.11317657119302799,0.09558607398018419,0.13591246921242975
32,0.10157117595613839,0.1153602175557404,0.13396635198800264,0.10530268969690255,0.10409127244824903,0.10800117535927846,0.11258298742726279,0.10246363107983159,0.11666049848859436
33,0.11048431486122806,0.10459851456348854,0.14261559314499875,0.08600223335832068,0.10445099852716916,0.11001342166340267,0.12388382833112524,0.0999238351944936,0.11802726035577325
34,0.12815369781676259,0.10356924246614399,0.12734143783572346,0.10501039865884046,0.10400439122391122,0.0990805809638415,0.11666453135359084,0.09991604611327458,0.11625967356791117
35,0.11147727676165312,0.09816451147027061,0.13186880304401596,0.11415646457043459,0.10618789757826488,0.10578020297178181,0.11880355970721025,0.10222130583798064,0.11133997805838834
36,0.11959142680829492,0.12705259696429066,0.12578915845946606,0.12816813873632946,0.09515380025060122,0.09431740079330773,0.09027903156708536,0.09415153000658566,0.12549691641403918
37,0.11662301216723384,0.11592636045714907,0.12734680476024493,0.119126206332221,0.10013452687076611,0.09727837864706589,0.10889594443091932,0.09481590633199617,0.11985286000240394
38,0.1278877141323071,0.1004730369888424,0.13021387716687965,0.09902798821066831,0.1064678827892815,0.10091142735948556,0.11118060388858493,0.10049218204860533,0.12334528741534546
39,0.11247467073060824,0.0927887439445007,0.12841366569525614,0.11506772869565514,0.10733815830927365,0.10233393330789128,0.11703814384250086,0.10625438292569706,0.11829057254861669
40,0.12265109773794446,0.12635599645467063,0.13198429079208962,0.0964575821131029,0.09948902482829346,0.1037834065067096,0.10924386813366811,0.0961033602879106,0.11393137314561054
41,0.11318095817177513,0.10853587798749932,0.12153211327077497,0.10909266606814617,0.09921413100701748,0.09856310161770779,0.11047470773459617,0.10040603864834191,0.13900040549414094
42,0.13469375782643025,0.10783057095544678,0.13119132942265416,0.07479516582312991,0.10765519833097957,0.09667246551539144,0.11674292745035926,0.09435164419776924,0.13606694047783952
43,0.13146356731618267,0.0997278762792637,0.11267934251959438,0.13119345606761318,0.11458915900383104,0.10456811059552773,0.1086620258346242,0.10842782627617581,0.08868863610718762
44,0.12231889123349257,0.11837716736478847,0.12748266150725793,0.12203933073355215,0.10445983364149554,0.10281420164768858,0.10552944237574903,0.09739286586545451,0.09958560563052105
45,0.14110466482856135,0.09079297157384036,0.11623787206218521,0.11459025086803445,0.11379512798689966,0.10599796678110864,0.11290665696765366,0.10338978884167466,0.10118470009004174
46,0.13533325009250738,0.11279578547875771,0.11528068140093063,0.10985587615961802,0.1094137126472378,0.1048386073718558,0.10944704136300074,0.10791511456701808,0.09511993091907382
47,0.1194995077507897,0.10133535460211143,0.13281201672406664,0.1246751670297075,0.1016020416960012,0.08742994849639092,0.10877723124194152,0.10123800562498833,0.12263072683400271
48,0.09670053679825774,0.12340561164689438,0.11998463970479338,0.12423278561890443,0.09897501139853881,0.10591982374776253,0.10177486306809269,0.10213429200003829,0.12687243601671772
49,0.1152468539565318,0.12862463599060434,0.1275517670989901,0.09303447142540637,0.09845880160658274,0.1074820235317354,0.11184480263613121,0.09512207425142717,0.12263456950259087
50,0.11258904822480596,0.10751371014977984,0.11250654995003866,0.11745905424068398,0.10955787628037274,0.10959490795544286,0.11776556742893585,0.11248508567885522,0.10052820009108511
51,0.12516451156079975,0.09521220604915719,0.12884209750469922,0.1298276913574384,0.10257067457011419,0.08823919992161437,0.10313212316984466,0.10268708992297554,0.12432440594335684
52,0.13472180819726487,0.1248078705126568,0.12976936551084006,0.07982051833622342,0.11063896527716774,0.10660924648348308,0.1143620180238274,0.09668774347558746,0.10258246418294935
53,0.10226874725475509,0.11125209427377447,0.13801898859210357,0.1039614232637863,0.10187084805793616,0.10945898856612886,0.11514367413802502,0.10434711446916385,0.11367812138432636
54,0.10802992499714675,0.10259803784265473,0.13615951772993165,0.10491617559748136,0.10803183682636712,0.107050213921592,0.11674637139576029,0.10181939568162005,0.11464852600744611
55,0.10630315715827625,0.11219524108929263,0.134263807006499,0.11009560874388771,0.09907386401266584,0.10113068057636584,0.11149305747368543,0.10478637292338862,0.1206582110159386
56,0.11662301216723384,0.11592636045714907,0.12734680476024493,0.119126206332221,0.10013452687076611,0.09727837864706589,0.10889594443091932,0.09481590633199617,0.11985286000240394
57,0.11389730319266266,0.12083046030179222,0.1359393117024876,0.10480897530525116,0.09430934394652069,0.10073832685819659,0.11044037092890004,0.09900719711708063,0.12002871064710818
58,0.10142974182230723,0.11450461885846447,0.13824079514813736,0.11161137524991466,0.10610710865569213,0.10803659290024194,0.11660600361071978,0.10900993850942114,0.09445382524510117
59,0.1293781899616659,0.09118863313817929,0.12022971081713502,0.10421011858427906,0.11304772245853004,0.09090068370966839,0.11283452640675552,0.10716002635972294,0.13105038856406376
0,0.1384771979064522,0.10838990812359185,0.08582657563448787,0.09097096112633382,0.12979318860031117,0.11755228437315376,0.1006804122188583,0.10919786320313589,0.11911160881367527
1,0.1384771979064522,0.10838990812359185,0.08582657563448787,0.09097096112633382,0.12979318860031117,0.11755228437315376,0.1006804122188583,0.10919786320313589,0.11911160881367527
2,0.09011401493622596,0.128921861355296,0.11476498235762521,0.10757573677339365,0.10206190006186612,0.12041896538781031,0.1158340895842267,0.10295376688910422,0.11735468265445187
3,0.11205888333809784,0.12169212121164687,0.11768666297432415,0.10177340473271516,0.10499042518147478,0.11333928803519004,0.10683949720580807,0.10648183752216947,0.11513787979857378
4,0.10959360335670726,0.11059314771098068,0.11093273997560538,0.10897360175930991,0.10940579292533689,0.11634000704766016,0.11418078317531419,0.11594112927017769,0.10403919477890787
5,0.11380539741667726,0.1137638378894516,0.11767831609701727,0.10260691474498118,0.09813090633001352,0.10603636621586907,0.10426204027251655,0.10555483643626964,0.13816138459720376
6,0.10673080500681147,0.10003453040277092,0.09090925009650729,0.104122758390863,0.11816263036962159,0.11506956259535854,0.10786894567548463,0.1356722784715786,0.1214292389910041
7,0.12458240730510128,0.09830660049991866,0.10961480698013912,0.08956571771685541,0.11997570967420287,0.11421599604130787,0.10944302567031147,0.11633366416112846,0.11796207195103486
8,0.13202303451727715,0.1259685984604296,0.09848693821517768,0.10633667728946279,0.10467476492627982,0.11208369392079272,0.09959607644492212,0.09997886624201806,0.12085134998364025
9,0.13772004032346558,0.14091684559505957,0.09459879918304799,0.07865325171140217,0.1185164702824557,0.12837190419010738,0.10764262049500807,0.10278011224641927,0.09079995597303409
10,0.12377834623353723,0.11856759457593194,0.10104283136069239,0.09986897991741366,0.11138255291419424,0.12042422167725658,0.1074030573644573,0.10525136834298383,0.11228104761353241
11,0.10016750994509167,0.13483988740330388,0.13191195932662347,0.11796918805138806,0.09768757615597756,0.11327834726955821,0.11174569455659587,0.10063948127112927,0.09176035602033202
12,0.13985150715782776,0.12604998856769567,0.11268098960918349,0.08592223118866674,0.11244334188968147,0.12013918344484915,0.10865394213877687,0.10252411672988881,0.09173469927343013
13,0.15704927553676618,0.12074966374483356,0.1037340550622428,0.08956495275387168,0.11456845056777526,0.11329002045393932,0.10809391987881323,0.0987203608012809,0.09422930120047725
14,0.1292544572474682,0.11759515630939936,0.09923018355255453,0.10044164690146218,0.11693778347285556,0.11669996115827654,0.10512000887779131,0.10784670004565729,0.1068741024345354
15,0.11256626615606768,0.10519270500570907,0.120545356137672,0.11362274082776372,0.10590387940875426,0.10355742587762294,0.11861505347662911,0.107319212918582,0.11267736019119894
16,0.0974445708323384,0.12990772454151056,0.13068251112322554,0.10613272702341808,0.09363434698440155,0.10589000349244909,0.11686631806056234,0.10181581275315763,0.1176259851889368
17,0.10974600912482033,0.10931705260760032,0.13383385498479264,0.10082076080262134,0.0995784952522289,0.10178597374827848,0.10265406002017054,0.104153936700562,0.1381098567589256
18,0.11882765180251828,0.12374348472760915,0.11513477341983964,0.12578812983149693,0.09045823265631887,0.10245704855597208,0.09876788566197187,0.10026631703190177,0.12455647631237159
19,0.12364435189522804,0.12394675915960565,0.09211763092259938,0.08904393837284727,0.12101299894858486,0.12581303904140312,0.10130267909924384,0.10074408873144898,0.12237451382903931
20,0.15607869465073768,0.10452191658955674,0.09970357944914957,0.09397595826268626,0.12512102260402763,0.10801065475088194,0.1021022912989121,0.09957982778920543,0.11090605460484279
21,0.11283025837420127,0.13094087243885993,0.10715726438053419,0.1040408043845041,0.10609317126509156,0.11955806444167345,0.1069682147057057,0.09881810141769404,0.11359324859173568
22,0.0952377580264993,0.11527606063273058,0.10935862149690101,0.12068512110341394,0.1046826607722259,0.11211321232905747,0.10780275560330707,0.11217695696752308,0.1226668530683415
23,0.12166382196234944,0.11046157439206775,0.11145037382222474,0.09137636230745746,0.11268905953915591,0.10971759660225257,0.10469794663574397,0.10401882930669834,0.13392443543204965
24,0.09100209654185461,0.12639172854889213,0.11215505813906262,0.11096285266530755,0.10506614137143207,0.11780392058930354,0.11160288496705298,0.10603302925713841,0.11898228791995623
25,0.12508517517539736,0.11639768438704043,0.12787888492532157,0.10018550925416815,0.10885875770994144,0.10478766366283364,0.11782819964662894,0.10842808613764933,0.09055003910101914
26,0.14874201522542146,0.10114886754093425,0.1017885691218472,0.11286079782898667,0.11307369674855867,0.10109336293354435,0.1000600430258318,0.10871391500031079,0.11251873257456475
27,0.131730737056875,0.12017594588166038,0.0981000783762048,0.11113761896322658,0.10912753511728265,0.10638887318344341,0.09686547092230066,0.10173139321918058,0.124742347279826
28,0.12544029572191065,0.12007796012792661,0.09504802881338482,0.09862456054329954,0.11667078551703086,0.12040213678857258,0.10503574544432305,0.10327760977328951,0.1154228772702622
29,0.12009293661178633,0.11320599238817908,0.10040430248460443,0.10041692706665199,0.11976472181001924,0.11659991030952528,0.10757904201631172,0.10925093967950172,0.11268522763342019
30,0.10095048444948157,0.13627250310360758,0.11527629398468624,0.130646401045686,0.09541447017373908,0.10859080087306111,0.1088368297563342,0.1021793771301549,0.10183283948324913
31,0.12952144263979726,0.10253813201860068,0.11922798029735907,0.09448637692757374,0.10988110759663565,0.1008217149246887,0.10921580063191952,0.10757022028811122,0.1267372246753141
32,0.10006109237465367,0.11686195312664799,0.11113077608789983,0.11423890921458048,0.10795586284983451,0.1088466581183211,0.10731704559632999,0.10777192254489115,0.12581578008684124
33,0.14329550987672074,0.12062636853034667,0.10646739393290953,0.09390555772188336,0.11417199967678975,0.11776310120780956,0.11326131535056476,0.09745942857768485,0.09304932512529057
34,0.09604861295897141,0.11210564518833943,0.12995920399629252,0.11269815850544619,0.10448971232849324,0.11011449815768659,0.11067460357275885,0.11031444222436326,0.11359512306764874
35,0.10992497305348672,0.12063790437127234,0.12121518027574114,0.10605653840675769,0.09787443047159197,0.10903965989608333,0.11441933810962868,0.10466564091503211,0.1161663345004063
36,0.11682416558815455,0.12017128407208122,0.13131344623642952,0.11530240953416894,0.09680840570309625,0.10024598390953875,0.09455983324120354,0.0965990629084942,0.12817540880683323
37,0.08807652866098631,0.12668360128816364,0.13824677145787684,0.11453616724210791,0.09923974197074961,0.11159833432841454,0.13167865310392496,0.10664792485612146,0.08329227709165504
38,0.0918549819399362,0.12019075685544302,0.1282775425477382,0.12681253644978824,0.08937972433965961,0.10549048287189437,0.10875020464857506,0.10384381863078232,0.1253999517161827
39,0.09065571052089966,0.11371148732694979,0.12261841842569698,0.12267950359301501,0.09874640794393237,0.10661751083269597,0.11279868915407928,0.11437599306089291,0.11779627914183782
40,0.14183416248384642,0.13100967797063154,0.09876301231805719,0.10519312371495995,0.10811441083945028,0.11365492894638826,0.09511493185071124,0.09084942679897193,0.11546632507698339
41,0.1279156696681532,0.12470451866297445,0.1168266298666493,0.11624621212272526,0.09711290550351372,0.09806491186305026,0.09649764887168351,0.09267942368822729,0.1299520797530227
42,0.11103478627818367,0.12251678110505486,0.11338586680533348,0.11327699428008567,0.11606657567351043,0.11395857602348619,0.11284593477078493,0.10915932625595431,0.08775515880760694
43,0.06516553417058696,0.13361432192845224,0.13871478107372312,0.11544287056327614,0.08910763413570057,0.11767953876873942,0.12366214020178988,0.11479592947495519,0.10181724968277647
44,0.12693392122562278,0.10979337225530242,0.11050630450381851,0.1097925878409033,0.11123719922431025,0.10658450567607397,0.10211519457755085,0.11176795165318561,0.1112689630432324
45,0.12191317452142848,0.09993096427649543,0.11143792578593593,0.08685914615287808,0.11573596948592614,0.1093385755319673,0.11182917066040124,0.1153330350779192,0.12762203850704798
46,0.10930902701612207,0.1280439102875337,0.1362452545691719,0.09835843019514383,0.10945224491694137,0.11212010837316459,0.13007636503105563,0.10720945078663593,0.06918520882423108
47,0.13369575047241702,0.12017749472957627,0.09081643017782358,0.09078289162169251,0.11860487474770358,0.12201267342263866,0.09850119935711349,0.10670740441300136,0.11870128105803342
48,0.12863380692980364,0.10466517360407421,0.10899677704935329,0.1095656147075235,0.11286821822133139,0.10391847596745026,0.10916313698176319,0.11279233406859417,0.10939646247010613
49,0.1323755446986648,0.11894532054622463,0.13132334860859743,0.10251283268408704,0.10689010263585282,0.11392362912550763,0.1038674416960116,0.08926817719205907,0.10089360281299521
50,0.10503571202978029,0.10841423238793958,0.12836698524747273,0.11721068960170408,0.1074028153392804,0.11152766101055239,0.1161557803799029,0.10717020209299145,0.09871592191037667
51,0.14803747486383206,0.12150987259804688,0.09684462205164242,0.0939917994489492,0.11647039884686876,0.11453715516223131,0.10503884063667272,0.09655741484264577,0.1070124215491108
52,0.11931337757666277,0.1229082240347866,0.1139108481636028,0.1247225222757918,0.09318417114862793,0.10574925149274378,0.10404672884948642,0.1042315266943295,0.11193334976396857
53,0.0955528980149727,0.1312190822443179,0.131117134412711,0.10662658458310481,0.10364115047985853,0.11086558511545315,0.12070636466946254,0.10743519028659324,0.09283601019352601
54,0.12049813160031961,0.1069382747423861,0.11855244118570056,0.11324934844378551,0.11084004273560376,0.11150750724782163,0.11295411207444384,0.10291005419008398,0.10255008777985546
55,0.13371621058943933,0.11605461617202505,0.112205680565847,0.10010247338625976,0.11107940654689519,0.10899839214849309,0.09878324370978239,0.10757452222465264,0.1114854546566056
56,0.12364435189522804,0.12394675915960565,0.09211763092259938,0.08904393837284727,0.12101299894858486,0.12581303904140312,0.10130267909924384,0.10074408873144898,0.12237451382903931
57,0.12797368775098078,0.12522846180179303,0.10842509517035635,0.10638844929465154,0.10275337604524969,0.1154025321384926,0.10754345183053463,0.10105469583103789,0.10523025013690349
58,0.11112125525890355,0.11733566618137045,0.11991951002737024,0.11187819370338847,0.10119333571179659,0.11100823377538618,0.10375738890275472,0.1049596563950713,0.11882676004395834
0,0.10699714208386044,0.10538604228971503,0.13867356617561608,0.09729197739492496,0.10740250218419918,0.11055542177118717,0.118918394704441,0.10281982243633345,0.11195513095972266
1,0.11188004046329035,0.10673177961802069,0.1124201147163594,0.1075984337374001,0.10987230391897401,0.11244274144525522,0.10890022880100698,0.10419606895901505,0.12595828834067807
2,0.11793265865478637,0.1352573059179316,0.08866833371849976,0.10700937826516144,0.11106535866144729,0.1078895465506959,0.09153351258646729,0.11358261525255461,0.1270612903924558
3,0.1123190970069929,0.12100338598477901,0.09937567125008218,0.09557211915006732,0.11238774804438964,0.10825298755413987,0.10006095433890322,0.12038928752930943,0.13063874914133672
4,0.1267423338081641,0.138531080310674,0.11346782286418922,0.0973390502057323,0.10493000432885091,0.10362307341245489,0.09447995846662018,0.10512763939753934,0.11575903720577495
5,0.09532759274164668,0.13051728352791536,0.12338027153397434,0.08150166315347272,0.10898253268995575,0.12446889945814818,0.1141333375646673,0.10097649340439038,0.12071192592582919
6,0.1244011155923506,0.11984608447851572,0.11959321883592049,0.11501182501943488,0.10002851915060523,0.10886295429968547,0.10238462861033495,0.0991888462375026,0.1106828077756501
7,0.11680214458189307,0.12735706807517552,0.10320185309916452,0.0970409920313015,0.11258644600247945,0.11010530638336537,0.10106312853395652,0.1163766075140461,0.1154664537786177
8,0.10699714208386044,0.10538604228971503,0.13867356617561608,0.09729197739492496,0.10740250218419918,0.11055542177118717,0.118918394704441,0.10281982243633345,0.11195513095972266
9,0.10215714321708887,0.10846797882340245,0.1413443862828661,0.09479560854255843,0.09927069152378716,0.11792591316825307,0.12243208452525346,0.10231180331881767,0.11129439059797296
10,0.114799649797594,0.12575360992478876,0.12563485214435993,0.10692027907342722,0.1049799002543918,0.1061615786575256,0.1058812720938291,0.09459396843403772,0.11527488962004552
11,0.13053177684918593,0.10465323176511582,0.1116327757229843,0.12251532212346743,0.11096391791609102,0.09978266452427874,0.10591748226569195,0.10499507135980746,0.10900775747337747
12,0.12257868634529309,0.11955558835501809,0.11777690457690733,0.10221476258840659,0.10757773177632587,0.11227512566704505,0.09971528852654377,0.09838263282373917,0.11992327934072049
13,0.100696765988061,0.10587809599708492,0.13934209322545527,0.09879348411968718,0.10308436042390183,0.11445380675002982,0.11992690209657746,0.1058858963838391,0.11193859501536325
14,0.1283748620574162,0.10212879545233236,0.11168901939865496,0.1266856066382597,0.09829345066772871,0.09899474714113667,0.10294765307083903,0.10751992440625442,0.12336594116737802
15,0.12265084592732645,0.11674945197003726,0.09643066499667882,0.09865500819035701,0.1115617221348845,0.11837710027299009,0.10680037236741996,0.10899010583763964,0.11978472830266661
16,0.1101474649616206,0.11404252206782597,0.11716617015109485,0.11067141755237153,0.10308118145457511,0.10808362804847124,0.10684231380994111,0.10539147546280789,0.12457382649129159
17,0.12385862524325668,0.1060876041078,0.12383447735604325,0.11358622655278368,0.10303441020153761,0.10404341853598612,0.1095461831527147,0.09663313304750727,0.11937592180237092
18,0.12536234263886273,0.11799283277816115,0.11556151817718052,0.11837648722218688,0.10130171239799032,0.1076972763215076,0.10769936601906636,0.09167011027950653,0.11433835416553752
19,0.10974162416356976,0.13061529590412946,0.0966176527167478,0.13026883383818194,0.10708523393398554,0.10197755145920916,0.08966665042521475,0.11029877227635165,0.12372838528261
20,0.12257868634529309,0.11955558835501809,0.11777690457690733,0.10221476258840659,0.10757773177632587,0.11227512566704505,0.09971528852654377,0.09838263282373917,0.11992327934072049
21,0.11024637686040226,0.1147359790545261,0.118308609933098,0.11088694956142575,0.10471766045773077,0.10604517109765854,0.10720146389067563,0.10061071804905779,0.12724707109542527
22,0.11878748432136604,0.11883698007537663,0.09766718922602383,0.10818763084524287,0.11077626727833258,0.11612513365420923,0.10688921108106465,0.1135554344783705,0.1091746690400135
23,0.10416185096493176,0.10423080268903269,0.13795012111114213,0.10292177645492269,0.10500403498086326,0.10769300859027611,0.11762506783016285,0.1092876300796915,0.11112570729897686
24,0.11792171208815701,0.10671504370769905,0.1077573436538072,0.11290082190314343,0.11294728838075738,0.1085309011306926,0.10305567741521754,0.1078884241309244,0.12228278758960148
25,0.12324786856347603,0.10755259963696236,0.12154361619418888,0.1170975958390242,0.10216255958780114,0.10162501681504606,0.10764560419690333,0.09882342836780489,0.12030171079879326
26,0.12257868634529309,0.11955558835501809,0.11777690457690733,0.10221476258840659,0.10757773177632587,0.11227512566704505,0.09971528852654377,0.09838263282373917,0.11992327934072049
27,0.1125144796643041,0.11888964842777286,0.11535901327515617,0.10834894752653279,0.11185715005142138,0.1127960760981415,0.107850312676459,0.10865859256401815,0.10372577971619366
28,0.11959675004336434,0.11363442188887916,0.10818795936185353,0.10620509430040707,0.1081003792848182,0.11369877827448681,0.10667674571193389,0.10098550837355315,0.12291436276070379
29,0.13074156793051736,0.11265135247043498,0.11317060945931322,0.10193229014714263,0.11269308434813634,0.10799174177285556,0.10470575245539863,0.10626799891756435,0.10984560249863717
30,0.1265497669488494,0.12920999870924557,0.12958438705562317,0.10939607660201807,0.1016906804076153,0.10158784368224598,0.09700454434570802,0.08923109559238043,0.1157456066563138
31,0.12504494021927218,0.1358248333682408,0.10659667271739774,0.1043940982896689,0.104276302307332,0.10189898034295163,0.0928359668285127,0.10855819331804703,0.1205700126085771
32,0.1037903884025534,0.11080916791843522,0.1326216360828803,0.10928434144206974,0.10175132430139835,0.11035164758220758,0.10941978646607962,0.11028119078578141,0.11169051701859406
33,0.11040573275472455,0.11715573360725827,0.14416868535919783,0.08790351097319177,0.10046217650587545,0.116249155731105,0.10942916956245308,0.10041416572120994,0.11381166978498398
34,0.12801588449311413,0.11748216929508341,0.13010546093342962,0.10901963915416017,0.1029352844415279,0.10409473198415072,0.10058303884563767,0.09245958412058324,0.1153042067323131
35,0.10385269285175266,0.14702830010862897,0.11766415559927282,0.10941256871898379,0.09720080526723503,0.11372668720235678,0.10004890987739687,0.09494004077102823,0.11612583960334473
36,0.11953037505122797,0.1101506143104491,0.11870906173726352,0.12588073728736085,0.1048651365991646,0.09568179649380705,0.10064682534318672,0.10287632008239406,0.1216591330951464
