,Estim(XGBClassifier)_Imputer(IterativeImputer(<class 'sklearn.linear_model._bayes.BayesianRidge'>)),Estim(XGBClassifier)_Imputer(IterativeImputer(<class 'xgboost.sklearn.XGBRegressor'>)),Estim(XGBClassifier)_Imputer(IterativeImputer(<class 'sklearn.ensemble._forest.RandomForestRegressor'>)),Estim(XGBClassifier)_Imputer(KNNImputer),Estim(RandomForestClassifier)_Imputer(IterativeImputer(<class 'sklearn.linear_model._bayes.BayesianRidge'>)),Estim(RandomForestClassifier)_Imputer(IterativeImputer(<class 'xgboost.sklearn.XGBRegressor'>)),Estim(RandomForestClassifier)_Imputer(IterativeImputer(<class 'sklearn.ensemble._forest.RandomForestRegressor'>)),Estim(RandomForestClassifier)_Imputer(KNNImputer),Estim(<class 'new_base.ClassifierWithImputation'>)_Imputer(Identity)
0,0.1172321551942382,0.11853201955172557,0.12005257885135065,0.11850957470614558,0.10518511954265487,0.10306763842505319,0.10927881332297078,0.0966477260490714,0.11149437435678967
1,0.12050837473906968,0.1205253599507205,0.12072962673229619,0.09808202882190788,0.1134385574778783,0.10488977911627156,0.1126424672403622,0.09380369178479803,0.11538011413669574
2,0.10752521653920723,0.0970525502144228,0.1026143661745596,0.10857096382551606,0.12012822115622952,0.10367042145427055,0.10818309952596884,0.11830651297911554,0.13394864813070967
3,0.1139615215925323,0.10975160042214298,0.11253519337496425,0.10427889519740584,0.11647113568859468,0.11761603580751086,0.12155690648740126,0.10207195399667533,0.10175675743277247
4,0.10851995033866535,0.10533218826701249,0.10547007350246282,0.09849584198835518,0.12593868072687156,0.1185724795308643,0.12028513381768115,0.1134413168206624,0.10394433500742488
5,0.12543604477265927,0.11771764223903596,0.1124409948863871,0.1293385624530635,0.10051309456954834,0.09625424150153637,0.10095004992807077,0.10445689367817551,0.11289247597152327
6,0.10851995033866535,0.10533218826701249,0.10547007350246282,0.09849584198835518,0.12593868072687156,0.1185724795308643,0.12028513381768115,0.1134413168206624,0.10394433500742488
7,0.12328890209273743,0.11248459438197353,0.10720069057138197,0.12322233390184326,0.11474384641009605,0.10068028883847088,0.09696814662112914,0.10975449992439529,0.1116566972579725
8,0.11502706318055218,0.10586067497228169,0.11515097646267673,0.10318056366877176,0.11469500861159439,0.1105697860986722,0.11980313675624446,0.10212364301922001,0.11358914722998638
9,0.11715308891908965,0.11698669180425132,0.11713674705362112,0.10395480295653109,0.10912560083258066,0.1101098619705442,0.11242899503744956,0.09753104723497127,0.11557316419096096
10,0.11146363654027011,0.10144420762130188,0.10723626243075952,0.11141120164062966,0.11056380419929772,0.10379086102660787,0.10903911035189363,0.107996570417669,0.13705434577157058
11,0.09908427611998673,0.09308280033985761,0.09326645822678199,0.10188717877111884,0.12376603252917175,0.11608754485036733,0.1175570439692775,0.13471675758091875,0.12055190761251976
12,0.11681849482054875,0.11515372087861403,0.11585695996279759,0.10646335152485428,0.11037657398799293,0.11247363174568632,0.1161375833334866,0.09959536555346596,0.10712431819255329
13,0.1102878587436158,0.10196467781008389,0.10217107197709543,0.1110025018749868,0.11421438210363316,0.1071834799057334,0.10833631565617143,0.1127759319331169,0.1320637799955631
14,0.11304702238409409,0.10804852543726504,0.10982406588896751,0.10269715075914551,0.11825831829040907,0.11395584020936922,0.11976939275232723,0.10622336490507983,0.10817631937334245
15,0.11146351155251095,0.11442578895673988,0.1151831895130642,0.11322796387119143,0.1064726894214904,0.1053842975154436,0.11130878218970659,0.11045649406574745,0.11207728291410518
16,0.11711936606353131,0.11722132435302314,0.11722843624096531,0.10408147169986318,0.10667337051871632,0.1108439769858903,0.11055090270248676,0.10021657071417574,0.11606458072134807
17,0.10919755312353506,0.10367339907832009,0.10530610664308725,0.09854378225081271,0.126109469882235,0.11874639708483382,0.11947966030511685,0.11382872814991499,0.10511490348214393
18,0.11304702238409409,0.10804852543726504,0.10982406588896751,0.10269715075914551,0.11825831829040907,0.11395584020936922,0.11976939275232723,0.10622336490507983,0.10817631937334245
19,0.13365314994881736,0.12144984976614046,0.11527211598642952,0.09575234279614288,0.11359508094386984,0.10703716682021394,0.10610918574794347,0.09150625483350094,0.11562485315694164
20,0.11654788846965702,0.11470067300461231,0.11756829819603337,0.11656248078330042,0.1076579915675698,0.10653987099777398,0.11192014916834657,0.10013615066446405,0.10836649714824244
21,0.11202214125461442,0.10865331061611022,0.11033180497378303,0.10979452725461442,0.11845211750081196,0.10741964809278909,0.11005069080061362,0.11156045084404335,0.11171530866261971
22,0.11149160664423396,0.1115004872551719,0.1115143960948966,0.11164099684062524,0.10919275457596088,0.11109986355595967,0.11023891567356377,0.1107640183570654,0.11255696100252213
23,0.11637563468836443,0.11505265317956646,0.11737786926609563,0.1175195554455837,0.10784101906307722,0.10016554474761379,0.10452885030654353,0.1030637870539673,0.1180750862491881
24,0.11304702238409409,0.10804852543726504,0.10982406588896751,0.10269715075914551,0.11825831829040907,0.11395584020936922,0.11976939275232723,0.10622336490507983,0.10817631937334245
25,0.10851995033866535,0.10533218826701249,0.10547007350246282,0.09849584198835518,0.12593868072687156,0.1185724795308643,0.12028513381768115,0.1134413168206624,0.10394433500742488
26,0.13229575867375004,0.12107303342292625,0.11599791194963385,0.10740420640091657,0.11234579393903574,0.10517883684530356,0.10633579708688823,0.09201774322359921,0.1073509184579464
27,0.12051007035594899,0.120627380567469,0.12062631659966903,0.0867080723377411,0.11349939483034992,0.11394148097114373,0.11372411393934927,0.09349027005096283,0.1168729003473662
28,0.11547229811566224,0.09593328344231813,0.11286440283931373,0.0938947931612821,0.12083426196251093,0.1079172576653267,0.11073230236142734,0.11068514142751432,0.1316662590246441
29,0.1139615215925323,0.10975160042214298,0.11253519337496425,0.10427889519740584,0.11647113568859468,0.11761603580751086,0.12155690648740126,0.10207195399667533,0.10175675743277247
30,0.1139615215925323,0.10975160042214298,0.11253519337496425,0.10427889519740584,0.11647113568859468,0.11761603580751086,0.12155690648740126,0.10207195399667533,0.10175675743277247
31,0.113857582100972,0.10859894205413588,0.11644616738810598,0.11139227220302102,0.11494529411334711,0.10122718038198653,0.11196513466981631,0.10493764693807364,0.11662978015054162
32,0.11206351191527046,0.10720431312006867,0.10876206374413627,0.10154563933040162,0.11794076357872395,0.11772756659337398,0.11912085014370127,0.10802688303239007,0.10760840854193372
33,0.11654788846965702,0.11470067300461231,0.11756829819603337,0.11656248078330042,0.1076579915675698,0.10653987099777398,0.11192014916834657,0.10013615066446405,0.10836649714824244
34,0.11260087080211421,0.10915241914300393,0.11088933745171228,0.10970703504705115,0.11901830753824043,0.10869201521347861,0.11103559370080762,0.10632862916086365,0.11257579194272815
35,0.11996359693264134,0.11886553672597697,0.12113962070128587,0.09882076944530667,0.11124824758441286,0.10598488417250482,0.10611140633893361,0.09757810085409191,0.12028783724484601
36,0.11904463809761998,0.11040436721771447,0.12439280512848583,0.12494820420711326,0.09908316479277794,0.0955156481740773,0.10724259473182877,0.10662435189371196,0.11274422575667062
37,0.10677186031493505,0.10463188995993979,0.10589980436795655,0.10929057033821879,0.11254121692176951,0.11281233961293813,0.12290927982398842,0.11883593171354334,0.10630710694671032
38,0.1139615215925323,0.10975160042214298,0.11253519337496425,0.10427889519740584,0.11647113568859468,0.11761603580751086,0.12155690648740126,0.10207195399667533,0.10175675743277247
39,0.11829046137770162,0.12232802741241477,0.12319796623016224,0.10034482679380147,0.10449788938330765,0.10213851694211608,0.11217503519628619,0.09934192715944777,0.11768534950476224
40,0.10855949794358917,0.1025454849798616,0.10149263453565409,0.11022916874987329,0.11566904780261793,0.10677805501298375,0.1082527785051032,0.1149627089689464,0.13151062350137055
41,0.11639183111217563,0.11522873232269452,0.1174677584659238,0.11566915979881127,0.10792176123570162,0.10399301829958345,0.10439706375611445,0.10040087098819672,0.11852980402079868
42,0.11304702238409409,0.10804852543726504,0.10982406588896751,0.10269715075914551,0.11825831829040907,0.11395584020936922,0.11976939275232723,0.10622336490507983,0.10817631937334245
43,0.11478231998483415,0.09583983729041241,0.11171044309238494,0.11843468127328202,0.11005664597621066,0.09831488259956365,0.1059742869743247,0.11182541850163293,0.13306148430735482
44,0.10919755312353506,0.10367339907832009,0.10530610664308725,0.09854378225081271,0.126109469882235,0.11874639708483382,0.11947966030511685,0.11382872814991499,0.10511490348214393
45,0.1123362496539079,0.11040703599960261,0.11098565652743618,0.1035131404757403,0.11337475330305075,0.1142868004229736,0.11612979736271764,0.10784461789508643,0.11112194835948455
46,0.1030253221537574,0.09759017595439416,0.0977631856810197,0.10486994983099326,0.11425777288711852,0.11657521771529582,0.11884690995441444,0.12335003862049429,0.12372142720251258
47,0.11459852168224713,0.11561236351027641,0.11845940387124755,0.11876147926970014,0.1009681544483754,0.09699452184024361,0.1097670457845164,0.10822898958233355,0.11660952001105969
48,0.11795330589815756,0.11695876506347219,0.11837129943179978,0.11673121969130604,0.10695455558985882,0.10478641098084684,0.10141455109411682,0.10246422735800575,0.11436566489243613
49,0.11995234597435094,0.12096821551615354,0.12212845176847036,0.09674372253568775,0.11258427340876193,0.11309652451414254,0.11503199153199861,0.08993977111007823,0.10955470364035581
50,0.11331864757705642,0.11149490451644867,0.11177265778150483,0.10378019801393112,0.11122531295070598,0.11705159255450127,0.11488209166706323,0.10459237855342549,0.11188221638536294
51,0.11751536629456048,0.11568488597382177,0.1185910834563284,0.11543257264031623,0.10744093198581783,0.10782421133565866,0.11359192284418776,0.09594927055378862,0.10796975491551992
52,0.11339463308727685,0.11182382589053098,0.11293134852800701,0.10261999968470836,0.11414965364844872,0.122512110802602,0.12303524731715683,0.09949926286322261,0.10003391817804666
53,0.11559447231187178,0.10976431225277537,0.11237280571048056,0.10476144327560355,0.11429652827791663,0.11374635645971032,0.11538885617754929,0.10293982850925412,0.11113539702483828
54,0.1139615215925323,0.10975160042214298,0.11253519337496425,0.10427889519740584,0.11647113568859468,0.11761603580751086,0.12155690648740126,0.10207195399667533,0.10175675743277247
55,0.11109961320576248,0.11104715796349454,0.11242954635760745,0.11448283927766889,0.11090369564213724,0.10591235569051244,0.10736842556765785,0.11142012094157992,0.11533624535357907
56,0.12166094893972124,0.10707123362649028,0.12071526718939973,0.0895060793159905,0.11939356644284756,0.11584719166283489,0.12514063263148925,0.09909894312066118,0.10156613707056536
57,0.11159362446586596,0.10918624142610432,0.10929445010249787,0.10208469440629198,0.11617180492491005,0.1173224686159715,0.11947934356682656,0.10809832095380655,0.10676905153772519
58,0.11273887519086366,0.10662832816509604,0.10530588637413593,0.0946699372066869,0.11978324085161003,0.10845943534607261,0.11002350658287004,0.10868947337879674,0.1337013169038682
59,0.10920797152752175,0.10430246801965914,0.10518435974258918,0.11653790283053513,0.10616492952272537,0.09915133834721572,0.10621095066923045,0.1188733807192118,0.1343666986213118
0,0.12258807211918107,0.1360700043615879,0.12609988549044523,0.1232514007899505,0.09325520271256191,0.10348650089166954,0.09795665676671955,0.0959302688488547,0.1013620080190295
1,0.09836375792420596,0.112697351484274,0.12844697670679187,0.08392253593826828,0.11121963917352962,0.11738302167715481,0.12543946111235083,0.11336027569570961,0.10916698028771513
2,0.1208988335422543,0.11880364621414327,0.12283806352964728,0.12325502649777363,0.1029153627783454,0.09963201243074785,0.10502179057782422,0.1102163277504004,0.09641893667886384
3,0.11240793553135353,0.12174532146617521,0.10653440014106579,0.1318896428358853,0.10857055659936242,0.10695492472451454,0.1086619179831213,0.10211740875278007,0.10111789196574165
4,0.10624436780406862,0.11087637090502579,0.12659322893320554,0.12589423139072997,0.10410206787114207,0.10631517281608925,0.10872694606344478,0.09908768552687772,0.11215992868941604
5,0.1221025951562319,0.1199426685194331,0.1260544257200045,0.12510939502497878,0.10265922475997497,0.09824187716225538,0.10477859848689276,0.10538853122304372,0.09572268394718483
6,0.09366223572054201,0.10464789420230634,0.10360844310843034,0.13796545606176297,0.1046773702690232,0.10216124256527338,0.10462589835242542,0.1114403969875963,0.13721106273264017
7,0.10646991468437228,0.11108013404928017,0.10379763611920578,0.13833571054069277,0.10610134198322019,0.10390676964412138,0.10886411990339936,0.11657013414597708,0.1048742389297311
8,0.09944788182131538,0.12854975289070883,0.11988772846645303,0.08244924698591166,0.11357502701261914,0.11937439163367838,0.1221106741634254,0.10201238581477177,0.11259291121111659
9,0.09466165648685072,0.10395198957268736,0.09181394752136504,0.12931041440681385,0.10598218081858239,0.10794494272658585,0.10667983994198466,0.12288838640513378,0.13676664211999634
10,0.10793036835799681,0.11273725459926916,0.1063614434775563,0.09816513152062228,0.11746245947386484,0.110524490602225,0.1142580507855331,0.09877771019719725,0.1337830909857353
11,0.0988966847889772,0.11417192986929181,0.12416103367027333,0.08088860200002833,0.11277444470573418,0.11929930994575695,0.11867650165230315,0.10579774400131274,0.12533374936632236
12,0.12524387175393287,0.10077431841039211,0.11750116869623191,0.11030988048246358,0.11507660754531263,0.1041273442578726,0.10252545828780998,0.11217535546871563,0.11226599509726895
13,0.094154967679709,0.1054430478672091,0.1094303435613994,0.14391391944431542,0.10365866330884409,0.10188693432065046,0.10839696804837767,0.11454254777097844,0.11857260799851653
14,0.1160669734190177,0.12738103795351308,0.1123419906212788,0.12157695835034216,0.09252356384139052,0.10664315611582542,0.09817774178997098,0.10243224234922604,0.12285633555943502
15,0.10375974132373893,0.11532221160037953,0.09597958565810855,0.12619531592595837,0.1063041183145182,0.10331352132764715,0.10509572254276243,0.11043132685868555,0.13359845644820123
16,0.12646983345795498,0.12456429558444625,0.1256208533236246,0.11042592505054774,0.10754644305944897,0.10285070818148825,0.10628297035517069,0.09313503547526102,0.10310393551205735
17,0.1236587772091863,0.12184015017763832,0.12311556278187441,0.11120372511210112,0.10710484752914429,0.10301100698464306,0.10568240458533419,0.09224426739416501,0.11213925822591374
18,0.11514082691009735,0.12513103145224558,0.12338948252136474,0.08927589673095115,0.11258854243486263,0.11067227012278218,0.11399712485834157,0.10866782000437675,0.1011370049649782
19,0.10811178142864657,0.10490265113205918,0.11604359830024298,0.10011441594916477,0.11587761979586546,0.11245488296170365,0.11423228446937755,0.11162821625628887,0.11663454970665053
20,0.10646991468437228,0.11108013404928017,0.10379763611920578,0.13833571054069277,0.10610134198322019,0.10390676964412138,0.10886411990339936,0.11657013414597708,0.1048742389297311
21,0.1236286399648704,0.12425397901341334,0.1249404472040863,0.11922449699525647,0.09831425329944457,0.10225049149497978,0.10447147954331439,0.10278809581688832,0.10012811666774643
22,0.1153680760313806,0.12086377610912212,0.12138169101045858,0.10463183597935402,0.09979341337768563,0.10757149408624918,0.10502832543237985,0.10970340407866429,0.1156579838947056
23,0.11433437204144246,0.13947843379257902,0.11209924060867527,0.11052741059633357,0.09577326162354027,0.11039078620780989,0.10262016027952929,0.10366384935348914,0.11111248549660092
24,0.11327546474178439,0.1190249318945275,0.11865810958530804,0.10162306270506992,0.10237446257889969,0.11323325072138483,0.10881742344544795,0.10345253594337472,0.11954075838420312
25,0.10223106469793006,0.11773742419401317,0.11937294233228955,0.09097944985424007,0.1108054920617799,0.11427411402926535,0.11687341286293405,0.10048493527242378,0.12724116469512417
26,0.12091338356710607,0.11551860043185733,0.12017404920347262,0.11647174722801631,0.10726322812994941,0.10424368757173799,0.10664919469120257,0.10008978599742181,0.108676323179236
27,0.09998484974827945,0.107413764237797,0.09327166664870176,0.12791101070432317,0.1099054562299452,0.10435387614114652,0.102042069987055,0.11190201390812031,0.14321529239463168
28,0.1028400828481939,0.11962064404619305,0.1225978018132446,0.09136343656047231,0.11016989628677201,0.11512743957755366,0.11797791115582741,0.09561474054308969,0.1246880471686531
29,0.11255148711636315,0.12175173678093178,0.12358356556809819,0.08973016801787739,0.11460606656607533,0.1148919087435672,0.12076785712873528,0.11027950116034034,0.09183770891801124
30,0.09466165648685072,0.10395198957268736,0.09181394752136504,0.12931041440681385,0.10598218081858239,0.10794494272658585,0.10667983994198466,0.12288838640513378,0.13676664211999634
31,0.09326226393300353,0.12007178144243154,0.09840343468846724,0.12672229061595913,0.10639215774816695,0.10514662937929715,0.10619614825242188,0.11258390913367916,0.13122138480657355
32,0.10237993127161378,0.12134323128052142,0.12032207432477521,0.1142503513173395,0.10289750419465075,0.10905475160454277,0.10849661062681613,0.10296075885883899,0.11829478652090156
33,0.1269785764988629,0.13156291791876046,0.13016694892749522,0.11654291640753353,0.10295600979013617,0.10319361958215464,0.0996363611619742,0.08969126009942194,0.09927138961366096
34,0.1137071001402903,0.11335164560160614,0.11210064357569623,0.12025393797203963,0.10826980591142947,0.1036497224715625,0.09830368356463315,0.10582225280676598,0.12454120795597672
35,0.09326226393300353,0.12007178144243154,0.09840343468846724,0.12672229061595913,0.10639215774816695,0.10514662937929715,0.10619614825242188,0.11258390913367916,0.13122138480657355
36,0.10631413002204579,0.12809251006109482,0.10202239540455356,0.11577734129606392,0.11064390060164438,0.10851462280941476,0.10976639846220103,0.10706419502776729,0.11180450631521432
37,0.10226980575928869,0.10349490565788289,0.102493163390288,0.10953882533058966,0.1146861166062403,0.11536517204001508,0.1141073690039088,0.114099225474446,0.12394541673734068
38,0.09758873186368501,0.1129870714825028,0.09089092944265291,0.13474823160566263,0.10081949065491723,0.10557602814371957,0.09764946304077012,0.11512459744736568,0.14461545631872424
39,0.10719357735667577,0.11268789467779566,0.10047178858883361,0.1335175250974968,0.1077321507553181,0.10574789413226268,0.10313606550082012,0.1089426781714927,0.12057042571930485
40,0.11433437204144246,0.13947843379257902,0.11209924060867527,0.11052741059633357,0.09577326162354027,0.11039078620780989,0.10262016027952929,0.10366384935348914,0.11111248549660092
41,0.1085357167653834,0.11562667296676121,0.10382158899487842,0.1318799163316375,0.10684451217659396,0.10219307328219514,0.10715677353715337,0.11321077439128938,0.1107309715541075
42,0.10306189307710649,0.12319461120462952,0.12085112009170042,0.12141729712338552,0.10372758446879592,0.10680348874374286,0.1107914323750046,0.10507939496546265,0.10507317795017203
43,0.09026366588659855,0.11131665720086333,0.1115391500684372,0.09541413301985055,0.10552960443048554,0.11697962237840447,0.11640902709850061,0.11502851147157529,0.13751962844528465
44,0.11481160858735315,0.1278467993999411,0.11920168989174029,0.08628201333312291,0.11080641728526423,0.11466337574347982,0.11411465100465577,0.10041258447430941,0.11186086028013312
45,0.11373237910647405,0.10734655895879447,0.12327726541599636,0.10407395250859337,0.11126178267158383,0.11205721689900167,0.11767112551104628,0.11208143766017117,0.09849828126833884
46,0.10483216854793491,0.10980400017373067,0.10855597961617501,0.101945602028121,0.10631812609021794,0.11449828596235041,0.10614332260591555,0.11131461755913115,0.13658789741642324
47,0.10077134314232426,0.10123663804943604,0.12364307045436869,0.13693145198758305,0.10266202660361295,0.10589698429779039,0.11116512573448255,0.1141934446505912,0.10349991507981067
48,0.10483216854793491,0.10980400017373067,0.10855597961617501,0.101945602028121,0.10631812609021794,0.11449828596235041,0.10614332260591555,0.11131461755913115,0.13658789741642324
49,0.11930858198599226,0.12769190085152426,0.11954193769895076,0.12840703466838158,0.09153908038452657,0.09953492601186013,0.09614318784559905,0.104799942335619,0.1130334082175466
50,0.1164434340293021,0.1125747192535121,0.11477640100546771,0.12174302463064016,0.10609332866396268,0.10816395879599969,0.10441427394551497,0.10476516405628528,0.11102569561931501
51,0.10278255405124388,0.10543770253275132,0.12373899246006284,0.13061232392167796,0.10343743971886968,0.10420721634783178,0.10948131667429695,0.1109630087493931,0.1093394455438726
52,0.10287421366788449,0.12121467567822626,0.12391640064241907,0.10110629556658077,0.10783510339095238,0.11587254845038089,0.11932461943846219,0.10864575297944346,0.09921039018565034
53,0.10483216854793491,0.10980400017373067,0.10855597961617501,0.101945602028121,0.10631812609021794,0.11449828596235041,0.10614332260591555,0.11131461755913115,0.13658789741642324
54,0.09061591805558078,0.12622878027620282,0.09691337378375338,0.13417005820799216,0.09635371002817018,0.1064257275310479,0.10190342771327003,0.11502096384213394,0.1323680405618486
55,0.10294335179450162,0.10478021470744658,0.12982862426143413,0.10777698399763602,0.10684078554080342,0.10589698583193026,0.11065334717481597,0.10857732527609333,0.12270238141533842
56,0.11669225766010966,0.11263293991002374,0.12030744289152394,0.12583580062643507,0.10506404674640767,0.10685960437666299,0.11077762624425423,0.10724622413737757,0.09458405740720527
57,0.10332672210044212,0.11735479861107957,0.10234917063022914,0.11169000328837696,0.1033594817638326,0.11007690049145498,0.10691117076570428,0.11241864912621109,0.1325131032226689
58,0.12177774188393342,0.12034294992985473,0.11943494674042704,0.10794605632900171,0.11077103348484589,0.10890338023997893,0.10613659700487585,0.08754335616839753,0.11714393821868484
59,0.1153680760313806,0.12086377610912212,0.12138169101045858,0.10463183597935402,0.09979341337768563,0.10757149408624918,0.10502832543237985,0.10970340407866429,0.1156579838947056
0,0.12512406818618027,0.105050129116227,0.10569523231517353,0.1054421985620954,0.11571770290518857,0.10063893553097919,0.09873010552387296,0.104161911829692,0.13943971603059122
1,0.12099925774569632,0.12112972482215878,0.12028074078299346,0.11970075099023123,0.10411379289473692,0.10108427723853329,0.09691183044248579,0.09794939772180541,0.11783022736135886
2,0.12425510210412967,0.10213541978237853,0.10295623240909739,0.10638190688686504,0.11908090825955378,0.09969809069410403,0.10704631340546066,0.10472819402596571,0.13371783243244525
3,0.12393767698991423,0.10423601845454313,0.10443589707487824,0.10407052448698738,0.11677964455915045,0.09952844246959773,0.10481628470349871,0.10383104634869142,0.13836446491273866
4,0.1267427613204478,0.1256795057829503,0.10193402634706891,0.11525898082255269,0.10982424779178657,0.10505701105653713,0.1041895506523302,0.09776711856843692,0.11354679765788968
5,0.12399899294628719,0.09588651139574586,0.12418857824148039,0.12395267075885165,0.11199496989706864,0.09302459177008252,0.11222096248169162,0.10715473083235257,0.10757799167643951
6,0.11690725797984593,0.10887838535738645,0.08465242314856165,0.08807757147341054,0.12193290143792362,0.10625722311937719,0.1006164018307989,0.10515259907929887,0.1675252365733967
7,0.11833114352509853,0.11376233948511419,0.118580165757788,0.11669600081660016,0.10580966397667908,0.11108952065100734,0.0949791846456913,0.09828240272604763,0.12246957841597324
8,0.11439651829627788,0.09362628476265818,0.0943286420048356,0.09779549380240662,0.12340077179085451,0.10407439721728777,0.1055906891512703,0.11039322276888729,0.1563939802055219
9,0.1268046504197993,0.09980323161476828,0.10464574591903228,0.10908728192447802,0.11673309029683998,0.09797755166418956,0.10310801175358716,0.10836020608429023,0.1334802303230151
10,0.12399899294628719,0.09588651139574586,0.12418857824148039,0.12395267075885165,0.11199496989706864,0.09302459177008252,0.11222096248169162,0.10715473083235257,0.10757799167643951
11,0.12016454276389628,0.1191497178997907,0.11981376262895263,0.11969929814903957,0.10703873860217827,0.09760442452473253,0.09850810341213946,0.10109223608175132,0.11692917593751907
12,0.12587530556371854,0.10628574033308429,0.10644280355765671,0.10472831886816264,0.11016992218264025,0.10246179149759825,0.10608478584933395,0.1002764752036871,0.1376748569441185
13,0.12374811257044342,0.10197286104935778,0.1022725045330785,0.10569770055720923,0.11699856878806635,0.10174315278694107,0.10499669010310685,0.10797004425408299,0.1346003653577136
14,0.1271340208360801,0.10708148548411553,0.10783088471907724,0.10614736662578922,0.11306329892242212,0.09949537976980181,0.106350672951236,0.09661725401130036,0.1362796366801773
15,0.1239906159422538,0.10413973975127856,0.1043365688520161,0.10364438125853771,0.11676125377123092,0.10234024869663869,0.10430512852123669,0.10637596781493798,0.1341060953918694
16,0.1274256626353821,0.10093745149940826,0.10526734936681852,0.1061743025425473,0.12217913218756296,0.09256266076024856,0.10714240241414881,0.1016343694352786,0.13667666915860516
17,0.125809013916565,0.1061883484313063,0.10682840825839045,0.1052564686246223,0.1099414422809917,0.10179721583619811,0.10677567363086343,0.09999912627252396,0.1374043027485387
18,0.13199052656546506,0.08559681914745232,0.11190304005245622,0.11183194337716557,0.12583195656556562,0.08988917053116205,0.10929923725351466,0.10547351842931467,0.12818378807790354
19,0.12062481309574456,0.11972186252585057,0.12043335108623814,0.11136411829728987,0.10820144810551303,0.0986897272188587,0.10492963776252588,0.09730501358674162,0.11873002832123732
20,0.12320181635382103,0.0813017957949345,0.11899405904315769,0.10847246687664192,0.12969090077704198,0.09544997652346214,0.1126938010982688,0.11108232463394258,0.11911285889872932
21,0.12664343236433445,0.11875281332129967,0.09191155728315535,0.09532952917591758,0.11577079150318072,0.1040243882076528,0.10019226342406114,0.1029902945201923,0.14438493020020585
22,0.12374811257044342,0.10197286104935778,0.1022725045330785,0.10569770055720923,0.11699856878806635,0.10174315278694107,0.10499669010310685,0.10797004425408299,0.1346003653577136
23,0.12668663936195285,0.1065657010697577,0.10674264596289125,0.10439822592474426,0.10992602417479792,0.101989293507749,0.10490216477554411,0.09941442117661105,0.1393748840459518
24,0.1296280168986281,0.12945547887089084,0.1286225593273868,0.12876967450596832,0.09797711988316085,0.09243899860854335,0.09379480661994437,0.09160528123769546,0.10770806404778194
25,0.12543384789088294,0.1256778468764748,0.12436036962410528,0.12409833120547988,0.09727025956974004,0.09629804140014382,0.0894422928027328,0.0937969634728583,0.12362204715758243
26,0.1280342846729816,0.10531721186386513,0.10562376308235591,0.1090764837448322,0.11639824042321906,0.10090698044434371,0.09629529974099924,0.10107504493504942,0.13727269109235385
27,0.116614565676879,0.11429821342478742,0.11414465598697077,0.11779340053978447,0.10587974294112304,0.10307193117074992,0.10979732133503013,0.10629056178458696,0.11210960714008816
28,0.12704685484541942,0.11643212881568657,0.09066576522989778,0.09750745974525749,0.11812569010804208,0.10426659006313986,0.10238763416251581,0.10394486769536657,0.13962300933467459
29,0.12664343236433445,0.11875281332129967,0.09191155728315535,0.09532952917591758,0.11577079150318072,0.1040243882076528,0.10019226342406114,0.1029902945201923,0.14438493020020585
30,0.12031133481995135,0.13418699139609905,0.10345797881403185,0.10722345285065395,0.10587475345195436,0.10466314257150364,0.1032536506021337,0.10093622958022207,0.12009246591345007
31,0.1295541466711765,0.1082633900569843,0.10983452179889507,0.10033380149338687,0.11366397789852538,0.09900005593491791,0.10511703422366042,0.0930555560425215,0.14117751587993224
32,0.12387510857257304,0.10414277701085764,0.1048165184160337,0.1045976391344349,0.11653999958882802,0.0988850502903614,0.10550121313764117,0.10354612526966307,0.13809556857960703
33,0.13234405805240088,0.1448059292748013,0.09186830982706641,0.10031168679432662,0.11125759232132434,0.10692123299360781,0.1002294468667313,0.09047875539978546,0.12178298846995568
34,0.1275537590076401,0.10312337974369461,0.1074375733996756,0.10448482358930566,0.1218863941153842,0.09050017931992672,0.10690207284445094,0.09768685803780279,0.1404249599421193
35,0.13205341397184478,0.14703338324858323,0.11280319218777012,0.11745931813344683,0.09659986839921736,0.09776894055207397,0.09143452646650663,0.09172998449823094,0.11311737254232633
36,0.12095768971864188,0.11945411289479739,0.12044341163215488,0.11172102443205026,0.10667333276440748,0.09756297834279325,0.10223900747526508,0.09997008473302248,0.12097835800686728
37,0.13024536156110902,0.122132453942849,0.10388163710786005,0.1175062159442339,0.10650140384441249,0.10721260704969568,0.09781620393113444,0.09532022638161881,0.11938389023708651
38,0.10063258725476278,0.10596276618716402,0.10405462561990615,0.10704618502551522,0.11062136306802293,0.10897091334374019,0.11121812296951272,0.10727759903349755,0.14421583749787859
39,0.1352550112166044,0.110908948088119,0.10444090012964555,0.10703531150879862,0.11929578205881028,0.1023149702833071,0.09681401561164656,0.10177347153913793,0.12216158956393075
40,0.1303004642695344,0.12092136403148813,0.09480804552045254,0.09129838464269875,0.11940192295679575,0.10047573123039671,0.0992445560323765,0.09554150083120894,0.1480080304850484
41,0.12366269468897371,0.1025102055123405,0.10459761885228044,0.10458286048484781,0.11749310312109539,0.09746532626181856,0.10437318918992053,0.1065592096469828,0.13875579224174014
42,0.12496399020229604,0.10337149076595648,0.10557822667685013,0.10546712306823794,0.12082832395675412,0.09526059920339844,0.10395683057423959,0.10295457010493902,0.13761884544732855
43,0.11662473751885818,0.11504037341388816,0.11661919917770208,0.11662550018143801,0.10633029431710192,0.09976254569782335,0.10590036306562498,0.10669068236403428,0.11640630426352899
44,0.12989493667205884,0.11246515512939505,0.11164100667262043,0.09064029310821015,0.11567544587649355,0.097960276783451,0.10253647137301274,0.09731040900647737,0.1418760053782809
45,0.12000902146572691,0.11148931415376262,0.11737363870958148,0.11844087079304608,0.1115975982247729,0.09252917180558323,0.11096784130199698,0.10308068111663801,0.11451186242889205
46,0.11403681446418902,0.09549538309908642,0.09562773984465293,0.09561410533272466,0.1209444755758474,0.10383587332093346,0.10332985505169183,0.10938283554662427,0.16173291776424992
47,0.11875647087527486,0.11656819043655027,0.11695195550834052,0.11913825388786033,0.10152243183006647,0.10383133820518486,0.11313678799068537,0.09943024687085088,0.11066432439518661
48,0.112836143099716,0.12548998121174892,0.09710865668516601,0.09961219211906146,0.10497949707167874,0.11175418049794072,0.10739019179987562,0.10081812610792015,0.1400110314068922
49,0.12474032323407902,0.1045137652345165,0.10473327793546047,0.1037456665258244,0.11652466484354004,0.0990724907533848,0.10365096353115186,0.10294157165940189,0.14007727628264124
50,0.12128870470493235,0.13581327335007867,0.10462117756001171,0.1069807260742793,0.09890392097491088,0.10856039464395369,0.10611113269227906,0.09798189540998987,0.11973877458956453
51,0.12387510857257304,0.10414277701085764,0.1048165184160337,0.1045976391344349,0.11653999958882802,0.0988850502903614,0.10550121313764117,0.10354612526966307,0.13809556857960703
52,0.12374811257044342,0.10197286104935778,0.1022725045330785,0.10569770055720923,0.11699856878806635,0.10174315278694107,0.10499669010310685,0.10797004425408299,0.1346003653577136
53,0.11733828047882988,0.11623173671043795,0.11647767410472376,0.12034575555424554,0.1030949915500517,0.10206884141772513,0.10818014167913315,0.10219562012413104,0.11406695838072178
54,0.12386759233778168,0.10418216661903078,0.10462059477231496,0.1045768016069277,0.11644563537120192,0.09982715371981064,0.10227881845060484,0.10522376108097328,0.13897747604135416
55,0.12647451916854752,0.13785513139466493,0.10619578129834445,0.11429024210393868,0.10275830113403119,0.10589160671497777,0.10094753450352828,0.10029998611276492,0.10528689756920231
56,0.11990768171827837,0.11607741570688615,0.12087155370381103,0.12148450825400371,0.10085503395073254,0.09810621291129934,0.10400230495953666,0.1016679368930726,0.1170273519023795
57,0.12374811257044342,0.10197286104935778,0.1022725045330785,0.10569770055720923,0.11699856878806635,0.10174315278694107,0.10499669010310685,0.10797004425408299,0.1346003653577136
58,0.13283894174533334,0.13151061519433516,0.1068761772153021,0.12123775678818302,0.1054089805114106,0.09728565612840939,0.09649979463306291,0.09029930626267828,0.11804277152128527
0,0.10741690836774437,0.12438997640333949,0.12462495204931238,0.10547567422309026,0.10039828571834948,0.1134510227918104,0.11693661699123666,0.09626763652483616,0.11103892693028093
1,0.12155736743432353,0.12908551484804337,0.10255539167477609,0.1276879100012673,0.10074238298246227,0.10939075150525825,0.10214454088301479,0.1102546514317691,0.0965814892390852
2,0.10365558243139919,0.12393179272878928,0.11939857218345491,0.1032414441208854,0.1043658734774495,0.12107818051679393,0.1179294398766172,0.10027817127240919,0.10612094339220114
3,0.10374536165133183,0.1084918482986079,0.1320695098003077,0.09586003283030074,0.10943166693388759,0.11225711824814572,0.1295258996948062,0.10631479409405506,0.10230376844855732
4,0.10741690836774437,0.12438997640333949,0.12462495204931238,0.10547567422309026,0.10039828571834948,0.1134510227918104,0.11693661699123666,0.09626763652483616,0.11103892693028093
5,0.12186113375378435,0.12095338078606792,0.1043064596684442,0.1294848185325042,0.10438904416088357,0.10632488431766358,0.10586408862412414,0.1087529515761742,0.09806323858035382
6,0.10741690836774437,0.12438997640333949,0.12462495204931238,0.10547567422309026,0.10039828571834948,0.1134510227918104,0.11693661699123666,0.09626763652483616,0.11103892693028093
7,0.1171233064372881,0.11602667672382903,0.11684863570265112,0.11580377633097275,0.1039432431685028,0.10501052698033546,0.10687876938781364,0.10602796921442427,0.11233709605418297
8,0.10342148243345958,0.10528750132426573,0.10246475821130718,0.1048108476626562,0.11709793317823614,0.11499585957315298,0.11420920112112577,0.12119723640965259,0.11651518008614348
9,0.0992351112077239,0.12637597871434872,0.12645798408421324,0.10809604334523004,0.10018258108593224,0.11306219642424083,0.11720114570479151,0.0997978563615358,0.10959110307198398
10,0.11209749158079159,0.11558041613850067,0.11085036343765807,0.1119494543724469,0.10664076610642925,0.11584522454966029,0.10871191294426075,0.10869960084469914,0.10962477002555324
11,0.0992351112077239,0.12637597871434872,0.12645798408421324,0.10809604334523004,0.10018258108593224,0.11306219642424083,0.11720114570479151,0.0997978563615358,0.10959110307198398
12,0.10651858234686445,0.11687902834477618,0.11312871935626252,0.11946866257994566,0.10468003448245745,0.10858701461889896,0.10730262258023092,0.11342028359305256,0.11001505209751156
13,0.10400649697700118,0.09237651557333311,0.11419064869948699,0.09783989210759005,0.12268369703796009,0.10493972834308314,0.125033758896262,0.1287564981390075,0.110172764226276
14,0.11493495198825306,0.12305413745129382,0.10778364142844564,0.11276376245536535,0.10067294847490274,0.10825567592254272,0.12143682631635182,0.09459864213903389,0.11649941382381084
15,0.10741690836774437,0.12438997640333949,0.12462495204931238,0.10547567422309026,0.10039828571834948,0.1134510227918104,0.11693661699123666,0.09626763652483616,0.11103892693028093
16,0.11520056928131367,0.09246911252052312,0.1261486607851309,0.11105291175467909,0.109328132743039,0.09660531000170955,0.11481653918473848,0.11281264810958339,0.12156611561928302
17,0.11640511719792408,0.1226737122566132,0.1200210938133403,0.10778783092571918,0.10991517601531735,0.11097722539016097,0.11085299494434726,0.10577616182335801,0.09559068763321933
18,0.11173658759700969,0.11755945389142498,0.09474230717382386,0.11945612896201976,0.11144611770326272,0.11024275520230632,0.1089389129997012,0.12375183989879424,0.10212589657165708
19,0.12115921480884898,0.11214694311654516,0.0980442272953986,0.12107350727844432,0.10466647401354771,0.1049583974010473,0.11437494318379282,0.10507883417166901,0.1184974587307062
20,0.1033403836178924,0.13155619127449275,0.12672137684051812,0.09387073781918057,0.10745297798449817,0.1269182657064218,0.12261965462210744,0.09500166963534266,0.0925187424995458
21,0.10232738844702081,0.11935400927351142,0.09514277285326375,0.12084666650334125,0.10969754120951675,0.113505822525676,0.11006509272010243,0.1261958954953836,0.1028648109721839
22,0.10503380569603135,0.10566323234031699,0.09334359075490295,0.11665962313309017,0.11299601579939955,0.10351620344068353,0.11907524224994487,0.11873234582539204,0.12497994076023872
23,0.10741690836774437,0.12438997640333949,0.12462495204931238,0.10547567422309026,0.10039828571834948,0.1134510227918104,0.11693661699123666,0.09626763652483616,0.11103892693028093
24,0.10127229048013738,0.10966993755797873,0.1315781173425855,0.09182566660896238,0.10930529760593859,0.12006240364202968,0.13074297188888956,0.103873348165785,0.10166996670769324
25,0.11451737373899086,0.11774592134226494,0.10875617694509337,0.11290162894043773,0.10015025462965586,0.1042612571856371,0.1250347482181799,0.09754831960242723,0.11908431939731313
26,0.11166536062887948,0.13861585432632836,0.10955891390352217,0.11648962019994746,0.09746532070554373,0.11837610499719255,0.11193917556441874,0.10026853031330239,0.09562111936086512
27,0.10686582974559126,0.12349422057076707,0.12423796552045811,0.10562730250141068,0.10206535441759584,0.1126547335010876,0.11750648943784366,0.09778515612937166,0.109762948175874
28,0.12210321210945059,0.11943304070991918,0.10200795101607879,0.11398372173037086,0.11226739007065813,0.10778457280555186,0.11708318989909228,0.10540704828388286,0.09992987337499555
29,0.11464611737404598,0.11415085432538673,0.11108141918641187,0.11667582096595937,0.1065885270306308,0.10813602268223758,0.10752285895417316,0.11107157283452752,0.11012680664662702
30,0.10741690836774437,0.12438997640333949,0.12462495204931238,0.10547567422309026,0.10039828571834948,0.1134510227918104,0.11693661699123666,0.09626763652483616,0.11103892693028093
31,0.10671492304528862,0.12346720370516447,0.12019580790206631,0.10760297826877638,0.10276113249238107,0.11398621403173287,0.11624379797913267,0.10102386264227498,0.10800407993318294
32,0.11273225684104228,0.12116547900078904,0.10597464843440527,0.1115953111369999,0.10259892270265232,0.11024317038270039,0.12357145974123475,0.0959804305432684,0.11613832121690736
33,0.11340761155506564,0.11885585341407395,0.12085613193747233,0.10355136446568061,0.10940169547618105,0.11450599248619565,0.11540334797350747,0.10674856590775979,0.09726943678406363
34,0.11992098854876805,0.1281099881442592,0.1012144100827144,0.12626597418953459,0.10105882074370794,0.1122598971335798,0.10350364579281543,0.11020115150058996,0.09746512386403053
35,0.11273225684104228,0.12116547900078904,0.10597464843440527,0.1115953111369999,0.10259892270265232,0.11024317038270039,0.12357145974123475,0.0959804305432684,0.11613832121690736
36,0.11273225684104228,0.12116547900078904,0.10597464843440527,0.1115953111369999,0.10259892270265232,0.11024317038270039,0.12357145974123475,0.0959804305432684,0.11613832121690736
