,Estim(XGBClassifier)_Imputer(IterativeImputer(<class 'sklearn.linear_model._bayes.BayesianRidge'>)),Estim(XGBClassifier)_Imputer(IterativeImputer(<class 'xgboost.sklearn.XGBRegressor'>)),Estim(XGBClassifier)_Imputer(IterativeImputer(<class 'sklearn.ensemble._forest.RandomForestRegressor'>)),Estim(XGBClassifier)_Imputer(KNNImputer),Estim(RandomForestClassifier)_Imputer(IterativeImputer(<class 'sklearn.linear_model._bayes.BayesianRidge'>)),Estim(RandomForestClassifier)_Imputer(IterativeImputer(<class 'xgboost.sklearn.XGBRegressor'>)),Estim(RandomForestClassifier)_Imputer(IterativeImputer(<class 'sklearn.ensemble._forest.RandomForestRegressor'>)),Estim(RandomForestClassifier)_Imputer(KNNImputer),Estim(<class 'new_base.ClassifierWithImputation'>)_Imputer(Identity)
0,0.11283399495088954,0.13121374927787316,0.13551346943962447,0.08972478108853797,0.10075070133966543,0.11068595827990939,0.11454168153292194,0.10050822545597866,0.10422743863459948
1,0.12241789777929574,0.13728196745655835,0.12151070102590869,0.10048405890474546,0.10465107050061605,0.10633120508575,0.10049368365218277,0.1010174311822295,0.10581198441271353
2,0.12316796381917389,0.13556225495338123,0.12403838021457418,0.11301905139264597,0.10430968365606086,0.09935367181035697,0.10178034547081437,0.09788834886185137,0.10088029982114123
3,0.11008109957164414,0.10148010641883015,0.09933573054914872,0.11600022326881357,0.12138121435896584,0.11423818294598523,0.11335524650348273,0.11506481381179076,0.10906338257133834
4,0.13491289167490003,0.10095076764359535,0.1112004546461307,0.12079300561516759,0.11028287322935394,0.10264424724780363,0.10943116626186923,0.10676963506470309,0.10301495861647642
5,0.11085424556277032,0.10261948578678053,0.10948460931379105,0.12404502580605431,0.11135863208105241,0.10835916814403601,0.1110469150934618,0.1046827037436481,0.11754921446840569
6,0.11251720040484009,0.1113730644457346,0.11073787478579941,0.10082342318648363,0.11932573915709159,0.11406108400274279,0.11445970798753154,0.10250852469088607,0.11419338133889023
7,0.12316796381917389,0.13556225495338123,0.12403838021457418,0.11301905139264597,0.10430968365606086,0.09935367181035697,0.10178034547081437,0.09788834886185137,0.10088029982114123
8,0.1092038759475345,0.096560278781403,0.11436538892381402,0.12143365424529051,0.09787673709755915,0.10668278448702981,0.10402848111601362,0.10946029626382188,0.1403885031375335
9,0.1267623943485546,0.10080689522115274,0.11282609203229066,0.11886081663279033,0.11304214036672341,0.1072293164000024,0.1126252639629177,0.11094780785815148,0.09689927317741644
10,0.13491289167490003,0.10095076764359535,0.1112004546461307,0.12079300561516759,0.11028287322935394,0.10264424724780363,0.10943116626186923,0.10676963506470309,0.10301495861647642
11,0.14023073130793995,0.1378816457923309,0.09384814711837618,0.12506837892463968,0.10244186170956257,0.10466746393631493,0.08793002385033052,0.09281771994539405,0.11511402741511133
12,0.11013675808466321,0.09433187600326265,0.11488309862708253,0.11688869545387867,0.09667617637943537,0.10329546232177006,0.10881694212318153,0.1088175781613047,0.1461534128454212
13,0.12382890679860749,0.10877037628258,0.11613386584706101,0.13266934780692502,0.09986500894003816,0.09197647890022442,0.09344984403129354,0.09911612533442614,0.13419004605884402
14,0.10655255738376444,0.09774269993259009,0.09613221187041539,0.11238779421230985,0.12008717786925822,0.11277806024243231,0.11259565972513301,0.11047944723969866,0.13124439152439854
15,0.11659913545780107,0.11536515794350362,0.11249234392258263,0.11671036634329221,0.10635347783489742,0.1032532244238162,0.1060922575501334,0.10580149458876113,0.11733254193521199
16,0.12316796381917389,0.13556225495338123,0.12403838021457418,0.11301905139264597,0.10430968365606086,0.09935367181035697,0.10178034547081437,0.09788834886185137,0.10088029982114123
17,0.12241789777929574,0.13728196745655835,0.12151070102590869,0.10048405890474546,0.10465107050061605,0.10633120508575,0.10049368365218277,0.1010174311822295,0.10581198441271353
18,0.1241398796462343,0.12669538554188386,0.12688563053766017,0.11267883192735108,0.10361125880478203,0.10785919463084835,0.10559757539018047,0.0925583753675574,0.0999738681535023
19,0.11085424556277032,0.10261948578678053,0.10948460931379105,0.12404502580605431,0.11135863208105241,0.10835916814403601,0.1110469150934618,0.1046827037436481,0.11754921446840569
20,0.11478189655643195,0.12556965019722469,0.12490161368831748,0.12467165323793332,0.09715115429563334,0.10694810584091098,0.10859441047802154,0.0974644310115249,0.09991708469400178
21,0.1241398796462343,0.12669538554188386,0.12688563053766017,0.11267883192735108,0.10361125880478203,0.10785919463084835,0.10559757539018047,0.0925583753675574,0.0999738681535023
22,0.1241398796462343,0.12669538554188386,0.12688563053766017,0.11267883192735108,0.10361125880478203,0.10785919463084835,0.10559757539018047,0.0925583753675574,0.0999738681535023
23,0.11576757177401002,0.13439919929336883,0.12337166862610982,0.08307574490665647,0.10786049680862089,0.11013119806844952,0.11097803000743718,0.09774033610837396,0.11667575440697356
24,0.11625874577344383,0.11574030186224828,0.10114099074510348,0.11340307248988078,0.10521607545851135,0.1033289766025272,0.09786612659515778,0.10763788561834516,0.13940782485478206
25,0.10713523488225649,0.1091216352237181,0.11629094077173746,0.11346375758698228,0.11088224347428716,0.10702344470636774,0.11192202311470181,0.11919340249249646,0.1049673177474523
26,0.11997158055761266,0.10782588743207479,0.10867993094192895,0.12800891643380485,0.1034874907270964,0.09688391808278209,0.1005280618418965,0.10522460910610441,0.12938960487669937
27,0.10713523488225649,0.1091216352237181,0.11629094077173746,0.11346375758698228,0.11088224347428716,0.10702344470636774,0.11192202311470181,0.11919340249249646,0.1049673177474523
28,0.1241398796462343,0.12669538554188386,0.12688563053766017,0.11267883192735108,0.10361125880478203,0.10785919463084835,0.10559757539018047,0.0925583753675574,0.0999738681535023
29,0.11478189655643195,0.12556965019722469,0.12490161368831748,0.12467165323793332,0.09715115429563334,0.10694810584091098,0.10859441047802154,0.0974644310115249,0.09991708469400178
30,0.10713523488225649,0.1091216352237181,0.11629094077173746,0.11346375758698228,0.11088224347428716,0.10702344470636774,0.11192202311470181,0.11919340249249646,0.1049673177474523
31,0.12312255808881915,0.12362536427910258,0.12362536427910258,0.11967071877688516,0.10008832723129829,0.1012784884905663,0.10087978796227628,0.09804268323557262,0.10966670765637682
32,0.12680131314569645,0.14340417201482134,0.10096801972365121,0.11162297427618265,0.10836345523917491,0.11173645913133219,0.0939815728874466,0.10172413217627728,0.10139790140541764
33,0.11659913545780107,0.11536515794350362,0.11249234392258263,0.11671036634329221,0.10635347783489742,0.1032532244238162,0.1060922575501334,0.10580149458876113,0.11733254193521199
34,0.11478189655643195,0.12556965019722469,0.12490161368831748,0.12467165323793332,0.09715115429563334,0.10694810584091098,0.10859441047802154,0.0974644310115249,0.09991708469400178
35,0.12241789777929574,0.13728196745655835,0.12151070102590869,0.10048405890474546,0.10465107050061605,0.10633120508575,0.10049368365218277,0.1010174311822295,0.10581198441271353
36,0.11071410014210777,0.11007487888428662,0.11144411472589777,0.11439293103967949,0.1082385680458686,0.10409246415162801,0.10733408149838475,0.11510051555448828,0.1186083459576585
37,0.12316796381917389,0.13556225495338123,0.12403838021457418,0.11301905139264597,0.10430968365606086,0.09935367181035697,0.10178034547081437,0.09788834886185137,0.10088029982114123
38,0.12164947958865373,0.123648763762664,0.1238344339702976,0.11319231363576039,0.10532994722972257,0.1086491737718564,0.10679139308995159,0.09451284518760046,0.10239164976349346
39,0.12241789777929574,0.13728196745655835,0.12151070102590869,0.10048405890474546,0.10465107050061605,0.10633120508575,0.10049368365218277,0.1010174311822295,0.10581198441271353
40,0.09436760264237765,0.12464766395056111,0.13074864615329485,0.1064757772375046,0.10298259079686957,0.10908017074619364,0.11427236087570192,0.10646836800985639,0.11095681958764035
41,0.1303107505012211,0.12768432530444337,0.12706644066347142,0.12859979914212447,0.0997958780659523,0.10185951488088842,0.10536019185592126,0.09992013075502391,0.07940296883095391
42,0.11478189655643195,0.12556965019722469,0.12490161368831748,0.12467165323793332,0.09715115429563334,0.10694810584091098,0.10859441047802154,0.0974644310115249,0.09991708469400178
43,0.11659913545780107,0.11536515794350362,0.11249234392258263,0.11671036634329221,0.10635347783489742,0.1032532244238162,0.1060922575501334,0.10580149458876113,0.11733254193521199
44,0.1241398796462343,0.12669538554188386,0.12688563053766017,0.11267883192735108,0.10361125880478203,0.10785919463084835,0.10559757539018047,0.0925583753675574,0.0999738681535023
45,0.1303107505012211,0.12768432530444337,0.12706644066347142,0.12859979914212447,0.0997958780659523,0.10185951488088842,0.10536019185592126,0.09992013075502391,0.07940296883095391
46,0.11754383346062837,0.12592985689048036,0.12591460670767032,0.12710685232444116,0.10152559664326473,0.10229856327851261,0.10626070342863927,0.0958563751625659,0.09756361210379733
47,0.11440188360781617,0.11042300869220233,0.1162922358896022,0.10773581968825767,0.10762185893069003,0.10790923355036869,0.10826953115794037,0.10469076210675507,0.12265566637636725
48,0.11722327154443796,0.11677638016359379,0.12226442832656637,0.11690792715327002,0.09803710039543356,0.10031320879222387,0.10047351888003797,0.09634946532662082,0.1316546994178159
49,0.10713523488225649,0.1091216352237181,0.11629094077173746,0.11346375758698228,0.11088224347428716,0.10702344470636774,0.11192202311470181,0.11919340249249646,0.1049673177474523
50,0.09439199278534871,0.1325764248939595,0.1266837198482319,0.10867412802261113,0.1022610577054419,0.10646233464353524,0.10736150690158323,0.10844632942269888,0.11314250577658976
51,0.12241789777929574,0.13728196745655835,0.12151070102590869,0.10048405890474546,0.10465107050061605,0.10633120508575,0.10049368365218277,0.1010174311822295,0.10581198441271353
52,0.1241398796462343,0.12669538554188386,0.12688563053766017,0.11267883192735108,0.10361125880478203,0.10785919463084835,0.10559757539018047,0.0925583753675574,0.0999738681535023
53,0.11584873175248574,0.11523920059234956,0.1140397415644405,0.1037109472569154,0.12020221134087987,0.11514567912283064,0.11484076958091294,0.10640070714952927,0.09457201163965606
54,0.12032914496695828,0.14088022802051334,0.10287025673209023,0.09260527760686944,0.11207446085906107,0.11613138496346159,0.10414682328109529,0.09876579732018122,0.11219662624976925
55,0.13491289167490003,0.10095076764359535,0.1112004546461307,0.12079300561516759,0.11028287322935394,0.10264424724780363,0.10943116626186923,0.10676963506470309,0.10301495861647642
56,0.12680131314569645,0.14340417201482134,0.10096801972365121,0.11162297427618265,0.10836345523917491,0.11173645913133219,0.0939815728874466,0.10172413217627728,0.10139790140541764
57,0.11722327154443796,0.11677638016359379,0.12226442832656637,0.11690792715327002,0.09803710039543356,0.10031320879222387,0.10047351888003797,0.09634946532662082,0.1316546994178159
58,0.13491289167490003,0.10095076764359535,0.1112004546461307,0.12079300561516759,0.11028287322935394,0.10264424724780363,0.10943116626186923,0.10676963506470309,0.10301495861647642
59,0.11478189655643195,0.12556965019722469,0.12490161368831748,0.12467165323793332,0.09715115429563334,0.10694810584091098,0.10859441047802154,0.0974644310115249,0.09991708469400178
0,0.11041066505151714,0.11363571034040756,0.11483437762819869,0.10983275425303198,0.11865045584144568,0.10497099068762826,0.11247585231540516,0.10730029486467269,0.10788889901769284
1,0.11240938859210835,0.11178809484915994,0.11103037173576133,0.11046292730287252,0.1124167728028698,0.112989018712146,0.11021580873986175,0.10703934465228643,0.11164827261293393
2,0.1271365323698179,0.11152092810289846,0.11556122219080803,0.11459524751647528,0.1096844951889767,0.10308021061973881,0.10682624803440996,0.10933421639324079,0.10226089958363409
3,0.12326564135534157,0.12885215168513262,0.12488319681087214,0.11072754907049603,0.10739752467945202,0.10510513042114256,0.10948769950612437,0.09536445589913195,0.09491665057230665
4,0.15010948522459513,0.11042842412213058,0.09950017363558437,0.10202378285997712,0.11949451463594385,0.10826438130601714,0.10782614901698039,0.10457974374674878,0.09777334545202275
5,0.1017563827866833,0.09793197131275753,0.13610887544075126,0.11590904046812923,0.11298805310644672,0.10394341208052359,0.11848639047431388,0.11709472170776705,0.09578115262262764
6,0.11240938859210835,0.11178809484915994,0.11103037173576133,0.11046292730287252,0.1124167728028698,0.112989018712146,0.11021580873986175,0.10703934465228643,0.11164827261293393
7,0.09764801038168588,0.11956365394480663,0.10977511134792825,0.11888692959226212,0.11328122604107538,0.10596271748511002,0.10664543742442412,0.10543878927542397,0.12279812450728365
8,0.11600885567862357,0.12026987902906368,0.12481697108260537,0.11659566104841666,0.10670789428771596,0.10922830723301125,0.11434586917656375,0.10588108199196368,0.08614548047203593
9,0.11693804116576373,0.1055283569239508,0.13059837167048768,0.12689063759702435,0.10568361225432561,0.09738858393863259,0.10987334997403506,0.10544908400325427,0.10164996247252632
10,0.12045533938733875,0.11504863112322915,0.11793751307111819,0.1080388639424947,0.10888842432470047,0.10937246358819856,0.1092079506935746,0.09743289282831971,0.11361792104102579
11,0.11079933342506774,0.13143903021515327,0.12717682346759493,0.1100657243591707,0.10587532453704937,0.10764186660021392,0.1095462256076522,0.09064438175096047,0.10681129003713741
12,0.11585949548630214,0.11903120807711379,0.12432572303974461,0.10330759938365265,0.10990350995203414,0.10963884255977369,0.11060904940377324,0.1035332506083167,0.10379132148928899
13,0.1271365323698179,0.11152092810289846,0.11556122219080803,0.11459524751647528,0.1096844951889767,0.10308021061973881,0.10682624803440996,0.10933421639324079,0.10226089958363409
14,0.11467160692170628,0.12821563861631344,0.12519892179457875,0.10743196732889962,0.10849736334772755,0.10816757405784423,0.11422392625264764,0.09859308753309154,0.09499991414719096
15,0.11240938859210835,0.11178809484915994,0.11103037173576133,0.11046292730287252,0.1124167728028698,0.112989018712146,0.11021580873986175,0.10703934465228643,0.11164827261293393
16,0.11340670518779003,0.13044650845721006,0.12444563186744241,0.11159921674950257,0.1023693610921347,0.10606086765906511,0.10209832703623928,0.09151185307623866,0.11806152887437697
17,0.11506961009728618,0.11961690771009825,0.11833659277194461,0.11528357059993877,0.10414739435293058,0.10438713310669386,0.10531155756144771,0.10105472993524856,0.1167925038644112
18,0.1115986363439464,0.1268043063352218,0.12139392726183207,0.10971621007718386,0.10046909368784289,0.1057880315262131,0.10033466148045718,0.09735726093805029,0.12653787234925262
19,0.1135816098889748,0.11187585744442871,0.11174465094091046,0.11300337708329648,0.11337742912190298,0.10717194333039451,0.10790981727606828,0.11216008365238513,0.10917523126163889
20,0.11041066505151714,0.11363571034040756,0.11483437762819869,0.10983275425303198,0.11865045584144568,0.10497099068762826,0.11247585231540516,0.10730029486467269,0.10788889901769284
21,0.100500390081245,0.10930241612835767,0.10838014947981693,0.10943141551292067,0.11008401425949987,0.11492492678467298,0.11343464726709845,0.10917629083137169,0.12476574965501654
22,0.1002419247507312,0.11515633308443628,0.11793638816498415,0.11458911167458757,0.10438153616056618,0.1096566693185556,0.11190410430966928,0.10253014172139176,0.1236037908150782
23,0.11506961009728618,0.11961690771009825,0.11833659277194461,0.11528357059993877,0.10414739435293058,0.10438713310669386,0.10531155756144771,0.10105472993524856,0.1167925038644112
24,0.11686125285460233,0.12177542529243277,0.12159623125121874,0.11919889274814822,0.09853900879548942,0.09889300017660257,0.10026534363884017,0.09890901886450452,0.12396182637816117
25,0.10319510031986366,0.10384853289660442,0.0995639959875387,0.0999712355519536,0.11557969597354448,0.12472113500157929,0.11977089013181073,0.11400574750712791,0.11934366662997696
26,0.1115986363439464,0.1268043063352218,0.12139392726183207,0.10971621007718386,0.10046909368784289,0.1057880315262131,0.10033466148045718,0.09735726093805029,0.12653787234925262
27,0.11634987434842037,0.11835794706126965,0.12068073015917993,0.1171033814526692,0.10145552202853819,0.10085018373581149,0.10265494751436234,0.1007329207958421,0.12181449290390671
28,0.11506961009728618,0.11961690771009825,0.11833659277194461,0.11528357059993877,0.10414739435293058,0.10438713310669386,0.10531155756144771,0.10105472993524856,0.1167925038644112
29,0.11506961009728618,0.11961690771009825,0.11833659277194461,0.11528357059993877,0.10414739435293058,0.10438713310669386,0.10531155756144771,0.10105472993524856,0.1167925038644112
30,0.12735508097673565,0.10970260332324068,0.11111458489956205,0.10518185013130783,0.11627914831748028,0.11094644090936337,0.10955878877704867,0.10830289166991683,0.10155861099534462
31,0.11939741003907894,0.12141374401869601,0.12383272650017477,0.12196038271980593,0.09968637110100173,0.10040245146750658,0.10025189565129297,0.10477085662891274,0.10828416187353018
32,0.1267459538608751,0.11177524616931107,0.11513410471658657,0.11263743247669167,0.11015510418561915,0.10330204617319924,0.1029169376264627,0.10751362453516945,0.10981955025608527
33,0.11227162098313034,0.1222070693419418,0.12554752655119691,0.11669256639219616,0.10622280600657773,0.111066870084997,0.11315783711327117,0.10389803282618354,0.08893567070050538
34,0.1135816098889748,0.11187585744442871,0.11174465094091046,0.11300337708329648,0.11337742912190298,0.10717194333039451,0.10790981727606828,0.11216008365238513,0.10917523126163889
35,0.11467160692170628,0.12821563861631344,0.12519892179457875,0.10743196732889962,0.10849736334772755,0.10816757405784423,0.11422392625264764,0.09859308753309154,0.09499991414719096
36,0.15010948522459513,0.11042842412213058,0.09950017363558437,0.10202378285997712,0.11949451463594385,0.10826438130601714,0.10782614901698039,0.10457974374674872,0.09777334545202275
37,0.1506061223840428,0.10393476319131226,0.10596541338041503,0.10041137447193578,0.12039812110282078,0.10786819881456172,0.1120895596410327,0.10510125678503837,0.09362519022884082
38,0.11227162098313034,0.1222070693419418,0.12554752655119691,0.11669256639219616,0.10622280600657773,0.111066870084997,0.11315783711327117,0.10389803282618354,0.08893567070050538
39,0.11535576712768886,0.1158567364325664,0.12282473807557868,0.10839991781755139,0.10744920494031879,0.10810777644964012,0.11182736982768539,0.10173524745024974,0.10844324187872097
40,0.12357247805132007,0.11521354211673426,0.12346680586870651,0.12024952898767616,0.1049048132911828,0.10112253980311073,0.10679339677839986,0.10223662466533445,0.1024402704375355
41,0.11240938859210835,0.11178809484915994,0.11103037173576133,0.11046292730287252,0.1124167728028698,0.112989018712146,0.11021580873986175,0.10703934465228643,0.11164827261293393
42,0.12735508097673565,0.10970260332324068,0.11111458489956205,0.10518185013130783,0.11627914831748028,0.11094644090936337,0.10955878877704867,0.10830289166991683,0.10155861099534462
43,0.11506961009728618,0.11961690771009825,0.11833659277194461,0.11528357059993877,0.10414739435293058,0.10438713310669386,0.10531155756144771,0.10105472993524856,0.1167925038644112
44,0.1017563827866833,0.09793197131275753,0.13610887544075126,0.11590904046812923,0.11298805310644672,0.10394341208052359,0.11848639047431388,0.11709472170776705,0.09578115262262764
45,0.1115986363439464,0.1268043063352218,0.12139392726183207,0.10971621007718386,0.10046909368784289,0.1057880315262131,0.10033466148045718,0.09735726093805029,0.12653787234925262
46,0.1017563827866833,0.09793197131275753,0.13610887544075126,0.11590904046812923,0.11298805310644672,0.10394341208052359,0.11848639047431388,0.11709472170776705,0.09578115262262764
47,0.1002419247507312,0.11515633308443628,0.11793638816498415,0.11458911167458757,0.10438153616056618,0.1096566693185556,0.11190410430966928,0.10253014172139176,0.1236037908150782
48,0.11240938859210835,0.11178809484915994,0.11103037173576133,0.11046292730287252,0.1124167728028698,0.112989018712146,0.11021580873986175,0.10703934465228643,0.11164827261293393
49,0.10230441231986465,0.13422040921692746,0.10540494754723023,0.11521434622814149,0.10476742767166335,0.11657145708949469,0.10861173145613687,0.11229863220048081,0.10060663627006018
50,0.12158978908629564,0.11381996916586677,0.11735188621251799,0.09706794136453897,0.11181638214721144,0.11236054290124446,0.11338156628756886,0.10726107325932284,0.1053508495754327
51,0.1115986363439464,0.1268043063352218,0.12139392726183207,0.10971621007718386,0.10046909368784289,0.1057880315262131,0.10033466148045718,0.09735726093805029,0.12653787234925262
52,0.09960023520090365,0.11437902677780049,0.11711476136917028,0.11386576859171772,0.10445466681386233,0.10967650515398268,0.11220450760638864,0.10602854283516991,0.12267598565100422
53,0.10319510031986366,0.10384853289660442,0.0995639959875387,0.0999712355519536,0.11557969597354448,0.12472113500157929,0.11977089013181073,0.11400574750712791,0.11934366662997696
54,0.10230441231986465,0.13422040921692746,0.10540494754723023,0.11521434622814149,0.10476742767166335,0.11657145708949469,0.10861173145613687,0.11229863220048081,0.10060663627006018
55,0.11939741003907894,0.12141374401869601,0.12383272650017477,0.12196038271980593,0.09968637110100173,0.10040245146750658,0.10025189565129297,0.10477085662891274,0.10828416187353018
56,0.1017563827866833,0.09793197131275753,0.13610887544075126,0.11590904046812923,0.11298805310644672,0.10394341208052359,0.11848639047431388,0.11709472170776705,0.09578115262262764
57,0.15010948522459513,0.11042842412213058,0.09950017363558437,0.10202378285997712,0.11949451463594385,0.10826438130601714,0.10782614901698039,0.10457974374674878,0.09777334545202275
58,0.11467160692170628,0.12821563861631344,0.12519892179457875,0.10743196732889962,0.10849736334772755,0.10816757405784423,0.11422392625264764,0.09859308753309154,0.09499991414719096
59,0.10230441231986465,0.13422040921692746,0.10540494754723023,0.11521434622814149,0.10476742767166335,0.11657145708949469,0.10861173145613687,0.11229863220048081,0.10060663627006018
0,0.1283548394936661,0.1305564116658867,0.1309660315421985,0.11950775450076234,0.10321070226890236,0.10450039745810212,0.10478176398414814,0.08798436828285328,0.09013773080348053
1,0.10159433280964955,0.11091837688574857,0.11565067580888042,0.11408269798059102,0.10758874910665239,0.11331823963426856,0.11212883611058488,0.10507682340250336,0.11964126826112088
2,0.11980973482102879,0.11093493021493042,0.09352188478981198,0.13378325968397578,0.099577882787835,0.0988274347252585,0.09312862798015825,0.10129166623611019,0.1491245787608912
3,0.12704057482200717,0.12886295166796324,0.12936964856278138,0.12258740929963567,0.10587849892818399,0.10034812179372694,0.09965278750961823,0.09764930033914837,0.08861070707693476
4,0.12427781678278535,0.11127277630554791,0.0993656738461187,0.10592461590231166,0.11557233290815346,0.10742068386952237,0.09815230729857957,0.10789158866466919,0.1301222044223119
5,0.11401085320408282,0.1256782900131319,0.12154253445387232,0.13104457693331648,0.08865928539962036,0.10106469117245828,0.09782240058862132,0.09889125127350848,0.12128611696138825
6,0.10352621229680847,0.10592755265278,0.09651673660001203,0.1349514899581786,0.11093462678273339,0.10897334367380022,0.1022293168438096,0.11359119736149877,0.1233495238303792
7,0.12704057482200717,0.12886295166796324,0.12936964856278138,0.12258740929963567,0.10587849892818399,0.10034812179372694,0.09965278750961823,0.09764930033914837,0.08861070707693476
8,0.1145511166564497,0.10868439987523228,0.10452065402216056,0.10842678975272935,0.10970157598982008,0.11305996768124248,0.09922943316209241,0.10377958746335103,0.13804647539692189
9,0.13053177166168167,0.1315736161117871,0.10628622413449756,0.11303452842223606,0.11192784243552864,0.10950080855759121,0.10719694395552783,0.09048154121534048,0.09946672350580922
10,0.11401085320408282,0.1256782900131319,0.12154253445387232,0.13104457693331648,0.08865928539962036,0.10106469117245828,0.09782240058862132,0.09889125127350848,0.12128611696138825
11,0.10352621229680847,0.10592755265278,0.09651673660001203,0.1349514899581786,0.11093462678273339,0.10897334367380022,0.1022293168438096,0.11359119736149877,0.1233495238303792
12,0.12092247070826179,0.12056878716254858,0.12411257514186033,0.12314611310170354,0.0991060548673143,0.09751642826052982,0.10303943694702594,0.10240283712264174,0.10918529668811379
13,0.12704057482200717,0.12886295166796324,0.12936964856278138,0.12258740929963567,0.10587849892818399,0.10034812179372694,0.09965278750961823,0.09764930033914837,0.08861070707693476
14,0.10768786343611868,0.11356545280433544,0.10453429734624067,0.11552655581165187,0.10610176602212422,0.10964178789933093,0.10156713591716324,0.1171511624648745,0.1242239782981603
15,0.10268289075851757,0.12512359279109483,0.12592120546535857,0.11773005089940786,0.10074745737069837,0.10549077272174501,0.10798208547800062,0.10231543855715078,0.11200650595802643
16,0.11499911142274738,0.12369696910990947,0.11281651888912102,0.1290750595321466,0.09796079901120844,0.10355632224908166,0.0912487500882663,0.10078798904862171,0.12585848064889754
17,0.12704057482200717,0.12886295166796324,0.12936964856278138,0.12258740929963567,0.10587849892818399,0.10034812179372694,0.09965278750961823,0.09764930033914837,0.08861070707693476
18,0.10352621229680847,0.10592755265278,0.09651673660001203,0.1349514899581786,0.11093462678273339,0.10897334367380022,0.1022293168438096,0.11359119736149877,0.1233495238303792
19,0.11997057658168837,0.11479237511077012,0.1195460809776129,0.10685195217752327,0.11393334051509976,0.10928430153539821,0.11541428679371188,0.10000209827634857,0.10020498803184716
20,0.11707848984130168,0.11365390040862934,0.08954906382406243,0.14412224241621044,0.10607091886878925,0.11049413469826562,0.09542210478977928,0.11358923937976349,0.1100199057731985
21,0.12704057482200717,0.12886295166796324,0.12936964856278138,0.12258740929963567,0.10587849892818399,0.10034812179372694,0.09965278750961823,0.09764930033914837,0.08861070707693476
22,0.11401085320408282,0.1256782900131319,0.12154253445387232,0.13104457693331648,0.08865928539962036,0.10106469117245828,0.09782240058862132,0.09889125127350848,0.12128611696138825
23,0.10352621229680847,0.10592755265278,0.09651673660001203,0.1349514899581786,0.11093462678273339,0.10897334367380022,0.1022293168438096,0.11359119736149877,0.1233495238303792
24,0.11401085320408282,0.1256782900131319,0.12154253445387232,0.13104457693331648,0.08865928539962036,0.10106469117245828,0.09782240058862132,0.09889125127350848,0.12128611696138825
25,0.12467458367442373,0.11774699828697535,0.09708840269762838,0.10182839077750691,0.10904451985785132,0.1098179382592761,0.09552974719538487,0.09905661415884225,0.1452128050921114
26,0.12467458367442373,0.11774699828697535,0.09708840269762838,0.10182839077750691,0.10904451985785132,0.1098179382592761,0.09552974719538487,0.09905661415884225,0.1452128050921114
27,0.11980973482102879,0.11093493021493042,0.09352188478981198,0.13378325968397578,0.099577882787835,0.0988274347252585,0.09312862798015825,0.10129166623611019,0.1491245787608912
28,0.11811057586712596,0.12578726224731954,0.12576529128287228,0.12150259094259508,0.09548065378589632,0.10962244832582523,0.10922285165241784,0.09469108526770229,0.0998172406282455
29,0.11401085320408282,0.1256782900131319,0.12154253445387232,0.13104457693331648,0.08865928539962036,0.10106469117245828,0.09782240058862132,0.09889125127350848,0.12128611696138825
30,0.12437929135782544,0.10169422284573637,0.11362007966748733,0.12320535790896786,0.10585452168080507,0.0999167296610346,0.09787954046394867,0.09700987213093962,0.13644038428325495
31,0.12467458367442373,0.11774699828697535,0.09708840269762838,0.10182839077750691,0.10904451985785132,0.1098179382592761,0.09552974719538487,0.09905661415884225,0.1452128050921114
32,0.1210949436789483,0.12952951027713328,0.1294410577221652,0.11861920332534961,0.09799447524588359,0.11115452132538191,0.11197647549626212,0.08937035853010518,0.09081945439877066
33,0.11499911142274738,0.12369696910990947,0.11281651888912102,0.1290750595321466,0.09796079901120844,0.10355632224908166,0.0912487500882663,0.10078798904862171,0.12585848064889754
34,0.12092247070826179,0.12056878716254858,0.12411257514186033,0.12314611310170354,0.0991060548673143,0.09751642826052982,0.10303943694702594,0.10240283712264174,0.10918529668811379
35,0.10268289075851757,0.12512359279109483,0.12592120546535857,0.11773005089940786,0.10074745737069837,0.10549077272174501,0.10798208547800062,0.10231543855715078,0.11200650595802643
36,0.12073557524529195,0.11673610215345422,0.1208073710891756,0.11739026055859299,0.10851298892059864,0.10841579062280678,0.1078487900504426,0.09409801803280364,0.10545510332683378
37,0.13053177166168167,0.1315736161117871,0.10628622413449756,0.11303452842223606,0.11192784243552864,0.10950080855759121,0.10719694395552783,0.09048154121534048,0.09946672350580922
38,0.12819802443536782,0.1104064588744997,0.13803103519132173,0.08168223191324736,0.10525161227912244,0.11280783802595809,0.11926295869824534,0.09146177929920972,0.11289806128302782
39,0.11499911142274738,0.12369696910990947,0.11281651888912102,0.1290750595321466,0.09796079901120844,0.10355632224908166,0.0912487500882663,0.10078798904862171,0.12585848064889754
40,0.12427781678278535,0.11127277630554791,0.0993656738461187,0.10592461590231166,0.11557233290815346,0.10742068386952237,0.09815230729857957,0.10789158866466919,0.1301222044223119
41,0.11401085320408282,0.1256782900131319,0.12154253445387232,0.13104457693331648,0.08865928539962036,0.10106469117245828,0.09782240058862132,0.09889125127350848,0.12128611696138825
42,0.11127908678245753,0.11858184699120625,0.1107107342100358,0.10819560061788776,0.10119705493823013,0.10931169495518364,0.10735296472995311,0.10282519090486929,0.13054582587017677
43,0.11401085320408282,0.1256782900131319,0.12154253445387232,0.13104457693331648,0.08865928539962036,0.10106469117245828,0.09782240058862132,0.09889125127350848,0.12128611696138825
44,0.10768786343611868,0.11356545280433544,0.10453429734624067,0.11552655581165187,0.10610176602212422,0.10964178789933093,0.10156713591716324,0.1171511624648745,0.1242239782981603
45,0.10768786343611868,0.11356545280433544,0.10453429734624067,0.11552655581165187,0.10610176602212422,0.10964178789933093,0.10156713591716324,0.1171511624648745,0.1242239782981603
46,0.1239583641298468,0.13720538400410062,0.10333887556550977,0.12510419403131734,0.11132252803684146,0.10757911618934068,0.09944695840734999,0.10539743156738146,0.08664714806831188
47,0.12051102028259175,0.11539688882525073,0.11942145157907261,0.11512098646071606,0.1049951112856166,0.10074945313959943,0.09972268448527088,0.09069742850357472,0.13338497543830702
48,0.11273459660019121,0.10864777591961092,0.12070266448847058,0.12958678824142777,0.09933855920666736,0.10821691085780924,0.10336156152448966,0.09595042343219246,0.12146071972914062
49,0.12638487469063175,0.11751100576194382,0.09875508418519657,0.12977330711279825,0.09856913908019224,0.104953509332486,0.09489605143033722,0.10484345638923372,0.12431357201718028
50,0.11780202570319846,0.11260785490074739,0.11688305335095296,0.11897636475671892,0.10359313827913667,0.09973607142336333,0.099042136398425,0.09934626101115906,0.1320130941762979
51,0.11707848984130168,0.11365390040862934,0.08954906382406243,0.14412224241621044,0.10607091886878925,0.11049413469826562,0.09542210478977928,0.11358923937976349,0.1100199057731985
52,0.12437929135782544,0.10169422284573637,0.11362007966748733,0.12320535790896786,0.10585452168080507,0.0999167296610346,0.09787954046394867,0.09700987213093962,0.13644038428325495
53,0.10179638119033992,0.11140149184582834,0.1094664482438858,0.11697456214771078,0.11119336431392877,0.11738467405806251,0.10551380747655711,0.10672366415963784,0.11954560656404904
54,0.10159433280964955,0.11091837688574857,0.11565067580888042,0.11408269798059102,0.10758874910665239,0.11331823963426856,0.11212883611058488,0.10507682340250336,0.11964126826112088
55,0.1145511166564497,0.10868439987523228,0.10452065402216056,0.10842678975272935,0.10970157598982008,0.11305996768124248,0.09922943316209241,0.10377958746335103,0.13804647539692189
56,0.1280950828239431,0.11045088086898389,0.11830768549164368,0.12139797399963222,0.10150961232801552,0.10359626648923997,0.10169272929945539,0.09318647062272123,0.1217632980763649
57,0.11783404660085135,0.12217671194981318,0.12215645595971732,0.12348667898759347,0.09632252584183855,0.10160337907524669,0.1043617203604314,0.10095603487200894,0.11110244635249872
58,0.1119477865653275,0.1067276943696171,0.11148394594310167,0.10429667102514531,0.11538743490230158,0.11256491328043054,0.11693176308560327,0.10955424459817327,0.11110554623029974
0,0.10465511200438755,0.1296108360556126,0.11573276728146267,0.0988786587341461,0.10503813285229455,0.1089800004472506,0.11538479340412552,0.10286426392996297,0.1188554352907573
1,0.10142835012017952,0.13856317862842119,0.11284407151382701,0.10644017163578326,0.1026294019678962,0.116642919990927,0.10299648604951783,0.1001027767417181,0.11835264335172989
2,0.11862049009498606,0.11515144168200021,0.11916236791854254,0.11612437110160785,0.10894185777272104,0.10521901023902654,0.11049466895598108,0.10363981632810239,0.10264597590703219
3,0.1336913280271668,0.10462338216687046,0.10512954514245024,0.14104110472005596,0.10348901855364996,0.09764684832723683,0.098843367339796,0.10217357049730622,0.11336183522546754
4,0.08807736811881721,0.12205005616269617,0.10820900146234674,0.11558912345395034,0.10069999452557236,0.11241990798297848,0.11675012012429557,0.11386286346915316,0.12234156470019002
5,0.1101112464695989,0.11824506909917196,0.11233389260274929,0.12291977790421953,0.10018091684059467,0.10921823479356187,0.1014383096012924,0.09979424316695605,0.12575830952185554
6,0.10207030720092942,0.09532209050502109,0.0914557782775579,0.11056658657936014,0.12068241160072399,0.11795265601119809,0.1173608850020011,0.12075438615331828,0.12383489866988989
7,0.12288480131341874,0.11789796777886041,0.11605319439952134,0.12274243930994291,0.0992501706156479,0.10439593574533057,0.09730239340692615,0.0982521484306363,0.1212209489997156
8,0.07738436474022925,0.10142814209916357,0.10626957664450934,0.12160308637184035,0.101198103635536,0.11195959231483561,0.11483383736541472,0.12048253376495531,0.14484076306351568
9,0.1188569408336853,0.1267598510871918,0.1264721434154329,0.11845191099758688,0.10304582411327916,0.10711279435715254,0.10599453553665325,0.09892078803452398,0.09438521162449412
10,0.1069836076405928,0.10829508151599535,0.11795121236534621,0.10637566587958742,0.10439484024775315,0.11169755168236944,0.11056995608874749,0.10503698058748123,0.12869510399212689
11,0.10517733660634343,0.11838798219021594,0.1128008213562308,0.14119529246637863,0.09501061452355651,0.10350711111467983,0.10385237165797076,0.10858153405831153,0.1114869360263123
12,0.1076368647234367,0.11099047607081276,0.1173961709160209,0.11095356187165184,0.10867697587575155,0.10447163274132285,0.10930267950258271,0.10389215893684765,0.12667947936157295
13,0.10881216872672579,0.10297383524155118,0.12696999568269365,0.11500314314744949,0.10247381361547261,0.0987506856763088,0.10113491217588716,0.1058492789013621,0.1380321668325493
14,0.1188569408336853,0.1267598510871918,0.1264721434154329,0.11845191099758688,0.10304582411327916,0.10711279435715254,0.10599453553665325,0.09892078803452398,0.09438521162449412
15,0.12757322582201605,0.12296780097975736,0.1208911426725279,0.11008911131848989,0.09915486197078777,0.10398296073338498,0.09741650924125887,0.09743413858350179,0.12049024867827551
16,0.11914468098753869,0.11913539787357506,0.11861005532599209,0.11488742737556026,0.10467927687286893,0.10128219795290777,0.10462401603916241,0.10192010743336233,0.11571684013903245
17,0.11454064546251057,0.11078202009200064,0.10845657078894776,0.10081798766993652,0.11151169540627692,0.10159553500940546,0.11323856704629584,0.10835857374813826,0.1306984047764882
18,0.11454064546251057,0.11078202009200064,0.10845657078894776,0.10081798766993652,0.11151169540627692,0.10159553500940546,0.11323856704629584,0.10835857374813826,0.1306984047764882
19,0.10319890257337686,0.13979059759443574,0.1149194766910611,0.11293617116666434,0.09577431202679526,0.11482584069968488,0.10056129214124934,0.09810567104985643,0.11988773605687619
20,0.12397047255284258,0.09968517683462241,0.08299480949569932,0.12186052382028949,0.1167526936864399,0.11353874731659708,0.10257140052602716,0.12501580298610496,0.11361037278137727
21,0.1188569408336853,0.1267598510871918,0.1264721434154329,0.11845191099758688,0.10304582411327916,0.10711279435715254,0.10599453553665325,0.09892078803452398,0.09438521162449412
22,0.10508484854564952,0.10604949240565362,0.11587128654435754,0.10447920268214726,0.10692907695141626,0.11288688226539584,0.11248912389307227,0.10752669780517927,0.12868338890712866
23,0.09879351345154472,0.1454533751391905,0.09719777047919743,0.08314477520442454,0.1130818774421135,0.12788254094571866,0.11999504691552204,0.10779766577864003,0.1066534346436484
24,0.12789440740526845,0.12297465696241436,0.1301394452631364,0.09887377059644169,0.10670620072525816,0.10401382762877118,0.10892899989130696,0.09567564429136485,0.10479304723603802
25,0.07738436474022925,0.10142814209916357,0.10626957664450934,0.12160308637184035,0.101198103635536,0.11195959231483561,0.11483383736541472,0.12048253376495531,0.14484076306351568
26,0.08807736811881721,0.12205005616269617,0.10820900146234674,0.11558912345395034,0.10069999452557236,0.11241990798297848,0.11675012012429557,0.11386286346915316,0.12234156470019002
27,0.07738436474022925,0.10142814209916357,0.10626957664450934,0.12160308637184035,0.101198103635536,0.11195959231483561,0.11483383736541472,0.12048253376495531,0.14484076306351568
28,0.10651979647473156,0.10860781901506694,0.11618906112236779,0.10163967394707368,0.10826410796368183,0.11377644400369245,0.11177971556300323,0.10457395632780012,0.12864942558258233
29,0.12397047255284258,0.09968517683462241,0.08299480949569932,0.12186052382028949,0.1167526936864399,0.11353874731659708,0.10257140052602716,0.12501580298610496,0.11361037278137727
30,0.10651979647473156,0.10860781901506694,0.11618906112236779,0.10163967394707368,0.10826410796368183,0.11377644400369245,0.11177971556300323,0.10457395632780012,0.12864942558258233
31,0.09734328816441845,0.10570714344318023,0.10572835298888136,0.13090334011098897,0.10705551828462745,0.10734979477876537,0.11533509662175809,0.11387295054666688,0.11670451506071315
32,0.1054727176452902,0.11806285731822005,0.11715528319557969,0.11253543040089135,0.10345322484376047,0.10846425636655287,0.11104962929414068,0.10648311577772775,0.11732348515783708
33,0.1054727176452902,0.11806285731822005,0.11715528319557969,0.11253543040089135,0.10345322484376047,0.10846425636655287,0.11104962929414068,0.10648311577772775,0.11732348515783708
34,0.10319890257337686,0.13979059759443574,0.1149194766910611,0.11293617116666434,0.09577431202679526,0.11482584069968488,0.10056129214124934,0.09810567104985643,0.11988773605687619
35,0.08807736811881721,0.12205005616269617,0.10820900146234674,0.11558912345395034,0.10069999452557236,0.11241990798297848,0.11675012012429557,0.11386286346915316,0.12234156470019002
36,0.10319890257337686,0.13979059759443574,0.1149194766910611,0.11293617116666434,0.09577431202679526,0.11482584069968488,0.10056129214124934,0.09810567104985643,0.11988773605687619
