,Estim(XGBClassifier)_Imputer(IterativeImputer(<class 'sklearn.linear_model._bayes.BayesianRidge'>)),Estim(XGBClassifier)_Imputer(IterativeImputer(<class 'xgboost.sklearn.XGBRegressor'>)),Estim(XGBClassifier)_Imputer(IterativeImputer(<class 'sklearn.ensemble._forest.RandomForestRegressor'>)),Estim(XGBClassifier)_Imputer(KNNImputer),Estim(RandomForestClassifier)_Imputer(IterativeImputer(<class 'sklearn.linear_model._bayes.BayesianRidge'>)),Estim(RandomForestClassifier)_Imputer(IterativeImputer(<class 'xgboost.sklearn.XGBRegressor'>)),Estim(RandomForestClassifier)_Imputer(IterativeImputer(<class 'sklearn.ensemble._forest.RandomForestRegressor'>)),Estim(RandomForestClassifier)_Imputer(KNNImputer),Estim(<class 'new_base.ClassifierWithImputation'>)_Imputer(Identity)
0,0.12373981748566654,0.1145969199479099,0.12499310108181438,0.10128718616940399,0.10725357785444428,0.10307614811384325,0.11128234022120322,0.09567918583457351,0.11809172329114073
1,0.11814505699306775,0.10552246194998345,0.11204485754117782,0.1103918589789481,0.10878890429208996,0.10589580751822243,0.10956630259545487,0.10868077038927183,0.12096397974178395
2,0.11159896918878022,0.11609801992299432,0.1248381498035219,0.10311119058029279,0.10526336723160853,0.10494309048438695,0.11071234622884055,0.10930531885881319,0.11412954770076152
3,0.10762407152915283,0.12879419587200622,0.12649104961306262,0.09969480291036487,0.09821187329059196,0.1081107940722876,0.11183317119092762,0.09548960220766407,0.12375043931394225
4,0.10365523210726658,0.11163881212079681,0.10803276841693178,0.12363778483627562,0.10720152830585614,0.1122948813343822,0.1037658033854953,0.11311361181373213,0.11665957767926348
5,0.12033468721201994,0.10928301281063178,0.12613994762991648,0.10040198597406043,0.10623601959579088,0.099965869992193,0.10741136179056682,0.1040087214882384,0.12621839350658254
6,0.11129076575236636,0.12074715108726994,0.14555354781524654,0.10087100978605706,0.10840269148674811,0.1023903400522875,0.10682447095866532,0.09552946036654489,0.10839056269481435
7,0.10852768496929283,0.11834033620747328,0.1085231132736183,0.1062625229172328,0.11009578385855386,0.10955123376180907,0.11236316272077848,0.10846939110637151,0.11786677118486999
8,0.1165170783591379,0.11203917962576643,0.10345883277846431,0.12290003639351527,0.10739371050411375,0.10989417255563175,0.10552912454019484,0.10930117892971584,0.11296668631345996
9,0.12406577255239255,0.11447128055577711,0.1269766326712719,0.10359447427153695,0.10629392186639448,0.10677892856890189,0.1134510683133301,0.10115359366618688,0.10321432753420791
10,0.11959652491706466,0.107098102718259,0.12181981481751022,0.09784213665840727,0.11082681762927644,0.1037682384524041,0.10669763268052693,0.1016915093115153,0.1306592228150358
11,0.11700907556974913,0.11601330240552499,0.10197271089885648,0.09582473053144251,0.11923155095842149,0.11046183964910206,0.10416111441539264,0.10559606357033108,0.1297296120011796
12,0.1165170783591379,0.11203917962576643,0.10345883277846431,0.12290003639351527,0.10739371050411375,0.10989417255563175,0.10552912454019484,0.10930117892971584,0.11296668631345996
13,0.10365523210726658,0.11163881212079681,0.10803276841693178,0.12363778483627562,0.10720152830585614,0.1122948813343822,0.1037658033854953,0.11311361181373213,0.11665957767926348
14,0.09690298016407393,0.13097584037487378,0.1303080706643877,0.10190527655690576,0.09920705591737389,0.11292895870507302,0.11359617373407505,0.09654180241148143,0.11763384147175558
15,0.11959652491706466,0.107098102718259,0.12181981481751022,0.09784213665840727,0.11082681762927644,0.1037682384524041,0.10669763268052693,0.1016915093115153,0.1306592228150358
16,0.09690298016407393,0.13097584037487378,0.1303080706643877,0.10190527655690576,0.09920705591737389,0.11292895870507302,0.11359617373407505,0.09654180241148143,0.11763384147175558
17,0.10365523210726658,0.11163881212079681,0.10803276841693178,0.12363778483627562,0.10720152830585614,0.1122948813343822,0.1037658033854953,0.11311361181373213,0.11665957767926348
18,0.10917396991061501,0.09811551927517605,0.11986905629235957,0.12846161279054985,0.10735374599444278,0.10767195013053531,0.10963878868125974,0.10957742050795638,0.11013793641710537
19,0.10852768496929283,0.11834033620747328,0.1085231132736183,0.1062625229172328,0.11009578385855386,0.10955123376180907,0.11236316272077848,0.10846939110637151,0.11786677118486999
20,0.13141477516351296,0.11432216400577755,0.10333371560682379,0.1125267184812024,0.114171235625578,0.11009835811333904,0.10345433179070135,0.10262855858414126,0.1080501426289234
21,0.11549312946277047,0.10468818071130663,0.1269699914442451,0.10665436145027347,0.10732709008495113,0.10147835336811581,0.11191977214072703,0.10316894003865505,0.12230018129895555
22,0.12977109708584286,0.10190604893872039,0.0918571880939789,0.13021645538947973,0.11626418854047847,0.10385002458274084,0.0976046158042542,0.1169242066910019,0.11160617487350297
23,0.11655108467003332,0.11915111123593136,0.11028872686549152,0.11321648616653447,0.10475634376902221,0.10458062029337054,0.10591583981358302,0.10225280600224235,0.12328698118379096
24,0.10279596381030878,0.11340775055776302,0.12571693946296109,0.12817142115114233,0.10494464169395828,0.10837002727030161,0.10562629037475685,0.11195906628465183,0.09900789939415619
25,0.11480366832492298,0.10245489034643489,0.08740559097399192,0.13608540429412283,0.1117721879289453,0.10839193630156173,0.09754375179094621,0.12581247115738825,0.11573009888168569
26,0.11655108467003332,0.11915111123593136,0.11028872686549152,0.11321648616653447,0.10475634376902221,0.10458062029337054,0.10591583981358302,0.10225280600224235,0.12328698118379096
27,0.09148018158015635,0.12296670307506818,0.1268692638740523,0.11654361929605463,0.1089306265568916,0.11073536300231851,0.10806784576329047,0.11142665010219875,0.10297974674996922
28,0.11549312946277047,0.10468818071130663,0.1269699914442451,0.10665436145027347,0.10732709008495113,0.10147835336811581,0.11191977214072703,0.10316894003865505,0.12230018129895555
29,0.09148018158015635,0.12296670307506818,0.1268692638740523,0.11654361929605463,0.1089306265568916,0.11073536300231851,0.10806784576329047,0.11142665010219875,0.10297974674996922
30,0.1165170783591379,0.11203917962576643,0.10345883277846431,0.12290003639351527,0.10739371050411375,0.10989417255563175,0.10552912454019484,0.10930117892971584,0.11296668631345996
31,0.11655108467003332,0.11915111123593136,0.11028872686549152,0.11321648616653447,0.10475634376902221,0.10458062029337054,0.10591583981358302,0.10225280600224235,0.12328698118379096
32,0.1072758409018231,0.09692458364585858,0.10332818164485973,0.1320869132860752,0.10147718728428379,0.10563124542848025,0.10075887712244715,0.10543097297701877,0.14708619770915377
33,0.12977109708584286,0.10190604893872039,0.0918571880939789,0.13021645538947973,0.11626418854047847,0.10385002458274084,0.0976046158042542,0.1169242066910019,0.11160617487350297
34,0.11381339478778837,0.1283826242337601,0.1478079077375458,0.10746472270199661,0.10910109803633686,0.10019226095259615,0.10155761826867729,0.09836914571332805,0.09331122756797076
35,0.12502355829976414,0.11700162954642897,0.14075624479917181,0.10192458514248028,0.10446481479599927,0.10115945248837943,0.107163494496379,0.09458086722403097,0.10792535320736618
36,0.09148018158015635,0.12296670307506818,0.1268692638740523,0.11654361929605463,0.1089306265568916,0.11073536300231851,0.10806784576329047,0.11142665010219875,0.10297974674996922
37,0.11381339478778837,0.1283826242337601,0.1478079077375458,0.10746472270199661,0.10910109803633686,0.10019226095259615,0.10155761826867729,0.09836914571332805,0.09331122756797076
38,0.09995735344734227,0.1351292141193206,0.14899697759801162,0.09984889473026828,0.11136497008510862,0.10988096365821447,0.10251354781765143,0.10056245351265211,0.09174562503143036
39,0.11959652491706466,0.107098102718259,0.12181981481751022,0.09784213665840727,0.11082681762927644,0.1037682384524041,0.10669763268052693,0.1016915093115153,0.1306592228150358
40,0.11819181167834875,0.12175285529501495,0.11219373548481269,0.11119605625041123,0.10838067982190235,0.10367006329100745,0.10364646978525571,0.10352689747341516,0.11744143091983168
41,0.11164185654397087,0.1287604190640701,0.13145896021233927,0.11970314176862716,0.09643806992677165,0.10842014630114472,0.10582483931125451,0.10014143175068056,0.09761113512114111
42,0.12966808571101676,0.1130936803441712,0.11627840724468358,0.11267361862090192,0.10498076659890847,0.09637996981612036,0.09585317160466435,0.09745104472839085,0.1336212553311425
43,0.1018892031783354,0.11202165420446099,0.1248998513886937,0.1391948094389909,0.09633325626145449,0.10357007751408014,0.1057241818237103,0.11253622238981838,0.10383074380045572
44,0.11159896918878022,0.11609801992299432,0.1248381498035219,0.10311119058029279,0.10526336723160853,0.10494309048438695,0.11071234622884055,0.10930531885881319,0.11412954770076152
45,0.09927052641706206,0.13949848595948922,0.13255470053697427,0.10875398270471286,0.10001855188008035,0.11069537089447216,0.10818185006611214,0.09958316438699985,0.1014433671540972
46,0.10365523210726658,0.11163881212079681,0.10803276841693178,0.12363778483627562,0.10720152830585614,0.1122948813343822,0.1037658033854953,0.11311361181373213,0.11665957767926348
47,0.09995735344734227,0.1351292141193206,0.14899697759801162,0.09984889473026828,0.11136497008510862,0.10988096365821447,0.10251354781765143,0.10056245351265211,0.09174562503143036
48,0.1048614963356519,0.12027568339446851,0.1273428057534426,0.13620608016221405,0.10535497935039233,0.10577672471122725,0.10016581407944312,0.1149970194219447,0.08501939679121555
49,0.11797300249380797,0.1266563464897539,0.11393711267221299,0.0919725435062431,0.10521698478150339,0.10976583035062165,0.10912151582687296,0.09991929571616606,0.12543736816281786
50,0.10952293640100105,0.11024030164854524,0.11935248194949172,0.11019572153277257,0.10608739105858396,0.10276507168379133,0.1075404425391149,0.1091717766187265,0.1251238765679728
51,0.11129076575236636,0.12074715108726994,0.14555354781524654,0.10087100978605706,0.10840269148674811,0.1023903400522875,0.10682447095866532,0.09552946036654489,0.10839056269481435
52,0.11028109404666764,0.12437511491926195,0.12920425878638178,0.10962374541151992,0.09714230004016233,0.10292060839344834,0.11248128008735746,0.09438951302095198,0.11958208529424838
53,0.1072758409018231,0.09692458364585858,0.10332818164485973,0.1320869132860752,0.10147718728428379,0.10563124542848025,0.10075887712244715,0.10543097297701877,0.14708619770915377
54,0.12011086687367532,0.0954705066498645,0.09854890153084271,0.12368034380031617,0.11331613475173655,0.10369651036860064,0.10273649434332145,0.11739993074425234,0.1250403109373905
55,0.09995735344734227,0.1351292141193206,0.14899697759801162,0.09984889473026828,0.11136497008510862,0.10988096365821447,0.10251354781765143,0.10056245351265211,0.09174562503143036
56,0.09690298016407393,0.13097584037487378,0.1303080706643877,0.10190527655690576,0.09920705591737389,0.11292895870507302,0.11359617373407505,0.09654180241148143,0.11763384147175558
57,0.10365523210726658,0.11163881212079681,0.10803276841693178,0.12363778483627562,0.10720152830585614,0.1122948813343822,0.1037658033854953,0.11311361181373213,0.11665957767926348
58,0.12097960015767281,0.09662339478878008,0.08371155424446006,0.13405407116093485,0.10542122004925017,0.10901514385095032,0.0926782577208787,0.11249142552590896,0.14502533250116398
59,0.12368901093209632,0.11940410538426653,0.1081603371133995,0.11785025873787143,0.10736782998134912,0.10814992372671554,0.10259581815678717,0.10141297934849276,0.11136973661902172
0,0.10757531642484897,0.11025312971500249,0.12567003124521528,0.11612030826512755,0.11200382803709534,0.10444149912795704,0.11336968777272813,0.10301223996875948,0.10755395944326578
1,0.1417985450037596,0.11481739807470395,0.11106612128739007,0.10797243160218495,0.10634753560733427,0.10034963290838643,0.10161270923542805,0.10240731997039801,0.11362830631041454
2,0.08947014128429116,0.09650958357772084,0.14699319123920565,0.1169820737120063,0.10937191640785278,0.10238000236167061,0.13074108755709105,0.1091740188110437,0.09837798504911788
3,0.11263907355326931,0.10953772005178829,0.1224660969813133,0.10921960392431773,0.10764276990522788,0.10927603077391215,0.10895718570073612,0.10463767494278806,0.11562384416664684
4,0.1015730651404532,0.11208336021621597,0.13808082142448316,0.13522397993609542,0.09600300259109983,0.10463889201999298,0.11078030337502237,0.10005657607073908,0.10155999922589808
5,0.08947014128429116,0.09650958357772084,0.14699319123920565,0.1169820737120063,0.10937191640785278,0.10238000236167061,0.13074108755709105,0.1091740188110437,0.09837798504911788
6,0.1015730651404532,0.11208336021621597,0.13808082142448316,0.13522397993609542,0.09600300259109983,0.10463889201999298,0.11078030337502237,0.10005657607073908,0.10155999922589808
7,0.11542302689083003,0.13766318941167385,0.12960814329388035,0.13876466831501902,0.09716014432321862,0.10915276958369845,0.10044242168783263,0.09594290604661906,0.07584273044722803
8,0.12002628486336643,0.10544964979284417,0.11925257194370892,0.10643212127305546,0.10502760608813652,0.10491472379609205,0.1077479491570117,0.10387611986075768,0.12727297322502693
9,0.12002628486336643,0.10544964979284417,0.11925257194370892,0.10643212127305546,0.10502760608813652,0.10491472379609205,0.1077479491570117,0.10387611986075768,0.12727297322502693
10,0.11471523148607854,0.11777616750458836,0.11744948205592468,0.11732307846582522,0.10101863983046191,0.10004624925116787,0.0986847634595015,0.09383820656864784,0.13914818137780377
11,0.11326789244796616,0.1163235669886872,0.11828045677173755,0.11717162919867778,0.1015264331770414,0.1017520715867677,0.1001093133897672,0.09371084290868188,0.1378577935306731
12,0.12545919479305379,0.09004903613575983,0.12044327562759333,0.134723063197128,0.11729656880360415,0.10352857246905717,0.11416034686100911,0.09715440228471563,0.09718553982807883
13,0.1459197961710077,0.08596927186858941,0.12029081258929886,0.15058469306441444,0.10606354181760168,0.0866795883099373,0.11355082453520048,0.10066120462886835,0.09028026701508177
14,0.1306174217244186,0.09172054028385099,0.11524258486819143,0.13565140350900412,0.1123750511144439,0.0904465954199516,0.11132265724106964,0.11404179998306335,0.09858194585600628
15,0.1015730651404532,0.11208336021621597,0.13808082142448316,0.13522397993609542,0.09600300259109983,0.10463889201999298,0.11078030337502237,0.10005657607073908,0.10155999922589808
16,0.12545919479305379,0.09004903613575983,0.12044327562759333,0.134723063197128,0.11729656880360415,0.10352857246905717,0.11416034686100911,0.09715440228471563,0.09718553982807883
17,0.1417985450037596,0.11481739807470395,0.11106612128739007,0.10797243160218495,0.10634753560733427,0.10034963290838643,0.10161270923542805,0.10240731997039801,0.11362830631041454
18,0.1417985450037596,0.11481739807470395,0.11106612128739007,0.10797243160218495,0.10634753560733427,0.10034963290838643,0.10161270923542805,0.10240731997039801,0.11362830631041454
19,0.1015730651404532,0.11208336021621597,0.13808082142448316,0.13522397993609542,0.09600300259109983,0.10463889201999298,0.11078030337502237,0.10005657607073908,0.10155999922589808
20,0.10269850904457839,0.11717173270221391,0.1261979769141719,0.10593989496145315,0.10349807052095368,0.11165049939154259,0.11235612643011532,0.11121272082425865,0.10927446921071252
21,0.12217132542805369,0.11150496173766715,0.09930324103832258,0.12786702240688164,0.10875244431024866,0.10501817193858234,0.10628531013718166,0.11440514206637992,0.10469238093668208
22,0.10269850904457839,0.11717173270221391,0.1261979769141719,0.10593989496145315,0.10349807052095368,0.11165049939154259,0.11235612643011532,0.11121272082425865,0.10927446921071252
23,0.10757531642484897,0.11025312971500249,0.12567003124521528,0.11612030826512755,0.11200382803709534,0.10444149912795704,0.11336968777272813,0.10301223996875948,0.10755395944326578
24,0.1228911774114085,0.12533372289535868,0.11635898325456435,0.1217586042738031,0.09911900691476452,0.10300210636488036,0.09814002986808694,0.10444001917887769,0.10895634983825603
25,0.12545919479305379,0.09004903613575983,0.12044327562759333,0.134723063197128,0.11729656880360415,0.10352857246905717,0.11416034686100911,0.09715440228471563,0.09718553982807883
26,0.11960126093099199,0.11476059845914595,0.12270679475583375,0.11570258402580494,0.10082396420671502,0.10230281393327849,0.10350359256198322,0.09394307424683594,0.12665531687941053
27,0.1187342363864453,0.10813481737129473,0.12999925938286377,0.09425722038235411,0.10988357082368236,0.11080527275826738,0.11626273237083239,0.1085750879064547,0.10334780261780521
28,0.11542302689083003,0.13766318941167385,0.12960814329388035,0.13876466831501902,0.09716014432321862,0.10915276958369845,0.10044242168783263,0.09594290604661906,0.07584273044722803
29,0.10269850904457839,0.11717173270221391,0.1261979769141719,0.10593989496145315,0.10349807052095368,0.11165049939154259,0.11235612643011532,0.11121272082425865,0.10927446921071252
30,0.1417985450037596,0.11481739807470395,0.11106612128739007,0.10797243160218495,0.10634753560733427,0.10034963290838643,0.10161270923542805,0.10240731997039801,0.11362830631041454
31,0.0967035219855704,0.09782733626038694,0.11336349317876014,0.11288520461104182,0.11231809662511197,0.11619230455962132,0.11686322480826675,0.11966500977829776,0.11418180819294245
32,0.12217132542805369,0.11150496173766715,0.09930324103832258,0.12786702240688164,0.10875244431024866,0.10501817193858234,0.10628531013718166,0.11440514206637992,0.10469238093668208
33,0.08702312044986732,0.09939639117019462,0.1231821367868862,0.09390758308215974,0.10877276441444639,0.11582057139381949,0.12167827268068927,0.11827497141926967,0.13194418860266724
34,0.1417985450037596,0.11481739807470395,0.11106612128739007,0.10797243160218495,0.10634753560733427,0.10034963290838643,0.10161270923542805,0.10240731997039801,0.11362830631041454
35,0.11542302689083003,0.13766318941167385,0.12960814329388035,0.13876466831501902,0.09716014432321862,0.10915276958369845,0.10044242168783263,0.09594290604661906,0.07584273044722803
36,0.13294395154467528,0.11933041473337236,0.11622083713791469,0.08629065476305645,0.11652615854759245,0.10972851397353493,0.11171058037788179,0.10102964103718653,0.10621924788478572
37,0.11542302689083003,0.13766318941167385,0.12960814329388035,0.13876466831501902,0.09716014432321862,0.10915276958369845,0.10044242168783263,0.09594290604661906,0.07584273044722803
38,0.11326789244796616,0.1163235669886872,0.11828045677173755,0.11717162919867778,0.1015264331770414,0.1017520715867677,0.1001093133897672,0.09371084290868188,0.1378577935306731
39,0.12273273738729956,0.11673461825788242,0.12929952694256977,0.10654162234981245,0.10539856630081072,0.10145172367694757,0.1093873598882689,0.10581032211199946,0.10264352308440933
40,0.08947014128429116,0.09650958357772084,0.14699319123920565,0.1169820737120063,0.10937191640785278,0.10238000236167061,0.13074108755709105,0.1091740188110437,0.09837798504911788
41,0.08702312044986732,0.09939639117019462,0.1231821367868862,0.09390758308215974,0.10877276441444639,0.11582057139381949,0.12167827268068927,0.11827497141926967,0.13194418860266724
42,0.13294395154467528,0.11933041473337236,0.11622083713791469,0.08629065476305645,0.11652615854759245,0.10972851397353493,0.11171058037788179,0.10102964103718653,0.10621924788478572
43,0.1417985450037596,0.11481739807470395,0.11106612128739007,0.10797243160218495,0.10634753560733427,0.10034963290838643,0.10161270923542805,0.10240731997039801,0.11362830631041454
44,0.08702312044986732,0.09939639117019462,0.1231821367868862,0.09390758308215974,0.10877276441444639,0.11582057139381949,0.12167827268068927,0.11827497141926967,0.13194418860266724
45,0.12180919687510634,0.1304094712041284,0.12161158610104154,0.10141252629157944,0.10769394167087368,0.11089110724640289,0.10813597216492968,0.09723849247672779,0.10079770596921019
46,0.10757531642484897,0.11025312971500249,0.12567003124521528,0.11612030826512755,0.11200382803709534,0.10444149912795704,0.11336968777272813,0.10301223996875948,0.10755395944326578
47,0.12002628486336643,0.10544964979284417,0.11925257194370892,0.10643212127305546,0.10502760608813652,0.10491472379609205,0.1077479491570117,0.10387611986075768,0.12727297322502693
48,0.1015730651404532,0.11208336021621597,0.13808082142448316,0.13522397993609542,0.09600300259109983,0.10463889201999298,0.11078030337502237,0.10005657607073908,0.10155999922589808
49,0.11651823027518854,0.12718765494583215,0.11229137814130745,0.12344718314991307,0.09992505939577181,0.10256611355155454,0.09503145036785555,0.10430235929514677,0.11873057087742998
50,0.1015730651404532,0.11208336021621597,0.13808082142448316,0.13522397993609542,0.09600300259109983,0.10463889201999298,0.11078030337502237,0.10005657607073908,0.10155999922589808
51,0.12002628486336643,0.10544964979284417,0.11925257194370892,0.10643212127305546,0.10502760608813652,0.10491472379609205,0.1077479491570117,0.10387611986075768,0.12727297322502693
52,0.10628468630716625,0.12207946629584096,0.11512557141575105,0.11571861022999959,0.10118740873086435,0.11731507134479327,0.10834784085509222,0.1079488425334008,0.10599250228709164
53,0.1417985450037596,0.11481739807470395,0.11106612128739007,0.10797243160218495,0.10634753560733427,0.10034963290838643,0.10161270923542805,0.10240731997039801,0.11362830631041454
54,0.10628468630716625,0.12207946629584096,0.11512557141575105,0.11571861022999959,0.10118740873086429,0.11731507134479327,0.10834784085509222,0.10794884253340076,0.10599250228709164
55,0.10269850904457839,0.11717173270221391,0.1261979769141719,0.10593989496145315,0.10349807052095368,0.11165049939154259,0.11235612643011532,0.11121272082425865,0.10927446921071252
56,0.1228911774114085,0.12533372289535868,0.11635898325456435,0.1217586042738031,0.09911900691476452,0.10300210636488036,0.09814002986808694,0.10444001917887769,0.10895634983825603
57,0.117168318956702,0.1213636107999123,0.12529492537265144,0.12196643383407005,0.1014807193755454,0.10114466366454276,0.11054998807286326,0.09489812827686109,0.10613321164685192
58,0.1306174217244186,0.09172054028385099,0.11524258486819143,0.13565140350900412,0.1123750511144439,0.0904465954199516,0.11132265724106964,0.11404179998306335,0.09858194585600628
59,0.1088368463122625,0.1149895976796511,0.13020449890248564,0.10989879609745791,0.09934327993330122,0.11212059249174354,0.11132120127280534,0.10439941728145231,0.10888577002884042
0,0.12112408969577322,0.10865033849760704,0.11711878244488678,0.11436036654251758,0.10748378587441913,0.10049272871514263,0.10446950443854786,0.10498643556357216,0.1213139682275336
1,0.08527915450938635,0.11362972620533256,0.10888716897036818,0.11185256778520603,0.10514206897741622,0.11964624725901485,0.11953663187304456,0.11257107785070297,0.12345535656952811
2,0.11545744235529187,0.08917510388682363,0.12121666001871152,0.11720821966703707,0.11319687543069638,0.10497049595369609,0.11492696786057574,0.11811971751053685,0.10572851731663091
3,0.14813051309424002,0.11793623145854915,0.09538376898271961,0.08899629524727555,0.11540159916754289,0.10957608011177462,0.09725439685153131,0.10145959303746939,0.12586152204889764
4,0.10903373653768429,0.12348921124201574,0.12121370177084194,0.12088672152295285,0.09365697496986566,0.09935218182311788,0.10698368829051695,0.10022684740724205,0.12515693643576245
5,0.08974652513290027,0.13271519596180384,0.12374651728611902,0.11043597751850416,0.09817558010356614,0.11843182160092865,0.12044560021377278,0.09194963197533026,0.11435315020707454
6,0.10447965447028675,0.12373438600427521,0.12208073689901265,0.11684191453925317,0.09836841922154367,0.10562868497350174,0.1089871956272125,0.0938654408339498,0.12601356743096456
7,0.1114926642175852,0.10674296419036954,0.1084282631068745,0.1126408171993005,0.11194940500754057,0.10346890674464033,0.10654648550736692,0.10952899669150204,0.12920149733482036
8,0.09085688293126058,0.10687672884342934,0.09976504657312137,0.11660364373576909,0.11129265919563926,0.12018643051929598,0.11706177056935431,0.12204868081295887,0.11530815681917121
9,0.12756763361990872,0.10921223002880151,0.10812153113222427,0.1275213633510135,0.10478522847950408,0.1068734913240433,0.09588136504394841,0.10474197815870435,0.11529517886185195
10,0.09085688293126058,0.10687672884342934,0.09976504657312137,0.11660364373576909,0.11129265919563926,0.12018643051929598,0.11706177056935431,0.12204868081295887,0.11530815681917121
11,0.09085688293126058,0.10687672884342934,0.09976504657312137,0.11660364373576909,0.11129265919563926,0.12018643051929598,0.11706177056935431,0.12204868081295887,0.11530815681917121
12,0.11244645068262686,0.10863814888068166,0.10541513279210292,0.1297384712772078,0.10093946854868281,0.09739618767881558,0.10617407172324962,0.10988778392340191,0.12936428449323092
13,0.09085688293126058,0.10687672884342934,0.09976504657312137,0.11660364373576909,0.11129265919563926,0.12018643051929598,0.11706177056935431,0.12204868081295887,0.11530815681917121
14,0.10497604024442966,0.09967912462982868,0.1294164893345875,0.13190686782015185,0.0956190552878604,0.09904844060192862,0.10600146468666811,0.1032792293925856,0.13007328800195966
15,0.09085688293126058,0.10687672884342934,0.09976504657312137,0.11660364373576909,0.11129265919563926,0.12018643051929598,0.11706177056935431,0.12204868081295887,0.11530815681917121
16,0.12807901429248972,0.11161042399879587,0.11277515829819605,0.11579552100114328,0.10414353839427595,0.10949260187689024,0.10372641582876792,0.099921947747441,0.11445537856199965
17,0.11513298782262246,0.11530297303857938,0.11558736337749193,0.11375861031255594,0.10889384754182883,0.10741311171554811,0.10803288557908591,0.10800720217661519,0.10787101843567197
18,0.08527915450938635,0.11362972620533256,0.10888716897036818,0.11185256778520603,0.10514206897741622,0.11964624725901485,0.11953663187304456,0.11257107785070297,0.12345535656952811
19,0.09730270124371664,0.0961894382879315,0.09921839495596685,0.12728963365496473,0.1065434499420276,0.10598895273188748,0.11258405677942955,0.11586573864516966,0.1390176337589058
20,0.10284059561491896,0.11767476844436159,0.0834635896817603,0.11487960484595665,0.1177922626731602,0.12260954574137933,0.1199847993302142,0.11385701437667721,0.10689781929157195
21,0.10497604024442966,0.09967912462982868,0.1294164893345875,0.13190686782015185,0.0956190552878604,0.09904844060192862,0.10600146468666811,0.1032792293925856,0.13007328800195966
22,0.1114926642175852,0.10674296419036954,0.1084282631068745,0.1126408171993005,0.11194940500754057,0.10346890674464033,0.10654648550736692,0.10952899669150204,0.12920149733482036
23,0.11153177303890144,0.11747805916847165,0.10443849393384737,0.11884314340234498,0.10614660809715916,0.10811880480766435,0.10277450370881683,0.10756329306408142,0.12310532077871254
24,0.10013412065065548,0.10048245586971881,0.1169733698121375,0.09791969222174644,0.1119515207542265,0.10564266686749459,0.12040138452515124,0.115910363575116,0.13058442572375328
25,0.11513298782262246,0.11530297303857938,0.11558736337749193,0.11375861031255594,0.10889384754182883,0.10741311171554811,0.10803288557908591,0.10800720217661519,0.10787101843567197
26,0.09730270124371664,0.0961894382879315,0.09921839495596685,0.12728963365496473,0.1065434499420276,0.10598895273188748,0.11258405677942955,0.11586573864516966,0.1390176337589058
27,0.1251998342249878,0.1258422183167974,0.10635794705485828,0.11356995772490784,0.10650144308056088,0.11640414924739646,0.09797792038991635,0.09736864222349138,0.11077788773708366
28,0.09085688293126058,0.10687672884342934,0.09976504657312137,0.11660364373576909,0.11129265919563926,0.12018643051929598,0.11706177056935431,0.12204868081295887,0.11530815681917121
29,0.10923634113262015,0.09017570201590425,0.11994752828166032,0.12812786531205275,0.11229496523244492,0.10304809931659782,0.11573935234333382,0.11799106375676534,0.1034390826086204
30,0.10179806523699154,0.10082398980618236,0.11468138471392648,0.09781154463625502,0.11500300702694559,0.10899621785615057,0.11516083291119521,0.11287689465054762,0.13284806316180603
31,0.1150293505202586,0.08861693091844805,0.13649684274614335,0.13673367939206552,0.10309275720054015,0.0960330434915826,0.11039287410702601,0.11102180113110179,0.102582720492834
32,0.12807901429248972,0.11161042399879587,0.11277515829819605,0.11579552100114328,0.10414353839427595,0.10949260187689024,0.10372641582876792,0.099921947747441,0.11445537856199965
33,0.08964022771066507,0.09035398601678514,0.09557370114480418,0.1349090729014698,0.10362071751101715,0.10534730342532424,0.10875695055993032,0.11605726430939804,0.1557407764206057
34,0.10228640302268979,0.11572088237922093,0.12193635232311109,0.09607140228975873,0.102402399996852,0.11983521838085705,0.11279639108591547,0.11189904472411943,0.11705190579747572
35,0.09730270124371664,0.0961894382879315,0.09921839495596685,0.12728963365496473,0.1065434499420276,0.10598895273188748,0.11258405677942955,0.11586573864516966,0.1390176337589058
36,0.10497604024442966,0.09967912462982868,0.1294164893345875,0.13190686782015185,0.0956190552878604,0.09904844060192862,0.10600146468666811,0.1032792293925856,0.13007328800195966
37,0.09085688293126058,0.10687672884342934,0.09976504657312137,0.11660364373576909,0.11129265919563926,0.12018643051929598,0.11706177056935431,0.12204868081295887,0.11530815681917121
38,0.11295409240731119,0.12684615624041656,0.1292326194381189,0.11582696744148073,0.09642783897933246,0.10193741617560137,0.11144497295245426,0.09674868666017199,0.1085812497051127
39,0.09730270124371668,0.09618943828793154,0.09921839495596689,0.1272896336549648,0.10654344994202765,0.10598895273188758,0.1125840567794296,0.11586573864516972,0.13901763375890586
40,0.09730270124371668,0.09618943828793154,0.09921839495596689,0.1272896336549648,0.10654344994202765,0.10598895273188758,0.1125840567794296,0.11586573864516972,0.13901763375890586
41,0.10284059561491896,0.11767476844436159,0.0834635896817603,0.11487960484595665,0.1177922626731602,0.12260954574137933,0.1199847993302142,0.11385701437667721,0.10689781929157195
42,0.12756763361990872,0.10921223002880151,0.10812153113222427,0.1275213633510135,0.10478522847950408,0.1068734913240433,0.09588136504394841,0.10474197815870435,0.11529517886185195
43,0.10284059561491896,0.11767476844436159,0.0834635896817603,0.11487960484595665,0.1177922626731602,0.12260954574137933,0.1199847993302142,0.11385701437667721,0.10689781929157195
44,0.09085688293126058,0.10687672884342934,0.09976504657312137,0.11660364373576909,0.11129265919563926,0.12018643051929598,0.11706177056935431,0.12204868081295887,0.11530815681917121
45,0.11927843852908786,0.10933883857352368,0.1114056437927316,0.11443614748334753,0.11217940730808648,0.10557207836841653,0.10689599393989842,0.10609417329054825,0.11479927871435965
46,0.08979973195368232,0.09150886278446804,0.10619688829634981,0.11456428661322701,0.11322481523828061,0.11142037746768856,0.12292482153749643,0.11866805203168794,0.1316921640771194
47,0.11592646745943978,0.11542594028204382,0.11666144664000827,0.11457844652480155,0.10827714581222249,0.10468312613134415,0.10767737791385236,0.10758964466680343,0.10918040456948395
48,0.09805383991412059,0.12831571790523494,0.12599312896247575,0.11030513685563165,0.10127676215557031,0.11427100261231721,0.11785748291457973,0.09328367557933076,0.11064325310073891
49,0.10284059561491896,0.11767476844436159,0.0834635896817603,0.11487960484595665,0.1177922626731602,0.12260954574137933,0.1199847993302142,0.11385701437667721,0.10689781929157195
50,0.1155532175535904,0.09595908205188781,0.12680614319069305,0.13622846135304448,0.10181949768582606,0.09425676450189602,0.10969053954080521,0.10777549986939595,0.11191079425286131
51,0.10013412065065548,0.10048245586971881,0.1169733698121375,0.09791969222174644,0.1119515207542265,0.10564266686749459,0.12040138452515124,0.115910363575116,0.13058442572375328
52,0.14838737015405082,0.09242478399101987,0.10908246047990393,0.10845895743165089,0.12078460166125732,0.10532017796198243,0.108887467730657,0.11040242097950993,0.0962517596099679
53,0.09944895397201395,0.09935498486724245,0.09516398506454121,0.12587612158501923,0.11192548637190697,0.10981694841170682,0.11073048557246978,0.11440588132675647,0.13327715282834296
54,0.12756763361990872,0.10921223002880151,0.10812153113222427,0.1275213633510135,0.10478522847950408,0.1068734913240433,0.09588136504394841,0.10474197815870435,0.11529517886185195
55,0.1114926642175852,0.10674296419036954,0.1084282631068745,0.1126408171993005,0.11194940500754057,0.10346890674464033,0.10654648550736692,0.10952899669150204,0.12920149733482036
56,0.10937709790140239,0.10084253435150041,0.11418690532674027,0.10824983828787545,0.10877368692342876,0.10206740922394415,0.1156225900494985,0.11350993961211843,0.1273699983234918
57,0.09944895397201395,0.09935498486724245,0.09516398506454121,0.12587612158501923,0.11192548637190697,0.10981694841170682,0.11073048557246978,0.11440588132675647,0.13327715282834296
58,0.11724946667450063,0.12282153382234247,0.10942988642324582,0.12457708373468836,0.0994690255132717,0.10428827484862413,0.0980067032121988,0.09835067139422347,0.1258073543769045
0,0.11189638970282238,0.09904278269204651,0.09599977530453321,0.12480159567310307,0.11258924923661397,0.1074767490092689,0.1026218481911306,0.11776694408914198,0.12780466610133917
1,0.1120828950090993,0.1231006713491475,0.13167090951063384,0.10531502916493478,0.1028851708948969,0.09915420311326728,0.10424932427613058,0.0977034295845203,0.12383836709736937
2,0.10820206119738465,0.1033444160527601,0.10294645548243861,0.12138558080370886,0.12010732502936852,0.11181009928964745,0.1176780237601003,0.11745379403434396,0.09707224435024794
3,0.0898383202182834,0.11731549909521384,0.15031327594413504,0.10802132831140486,0.10463936266899546,0.10262309143212403,0.11574549214612453,0.09970207966137445,0.11180155052234465
4,0.1120828950090993,0.1231006713491475,0.13167090951063384,0.10531502916493478,0.1028851708948969,0.09915420311326728,0.10424932427613058,0.0977034295845203,0.12383836709736937
5,0.10299621154050166,0.11086414303555492,0.1271322104945251,0.13367327518596378,0.10237867123016907,0.10131496989506267,0.10763009290997472,0.10623133506154234,0.10777909064670589
6,0.10820206119738465,0.1033444160527601,0.10294645548243861,0.12138558080370886,0.12010732502936847,0.11181009928964745,0.1176780237601003,0.11745379403434396,0.09707224435024794
7,0.10299621154050166,0.11086414303555492,0.1271322104945251,0.13367327518596378,0.10237867123016907,0.10131496989506267,0.10763009290997472,0.10623133506154234,0.10777909064670589
8,0.10972086626881514,0.10143198893473554,0.10657240066985257,0.1042448295993832,0.11779868053388823,0.11682155230068493,0.11375229148345141,0.11323324837674548,0.11642414183244348
9,0.10949195198231242,0.10099587776395566,0.11390753560603098,0.11245332800449022,0.1196813633741875,0.11842870743287456,0.12363057065780358,0.12015713798550111,0.08125352719284404
10,0.11764781063189922,0.11412410650080904,0.11075915375080717,0.09906291322432587,0.12252523384699598,0.1166088982598928,0.11243952870525892,0.11058025669560137,0.0962520983844093
11,0.10196655055149273,0.09177495113853895,0.12433766545118353,0.11469058398471847,0.11276510383291277,0.09765426944016399,0.10676514867910787,0.10994936996126511,0.14009635696061631
12,0.1120828950090993,0.1231006713491475,0.13167090951063384,0.10531502916493478,0.1028851708948969,0.09915420311326728,0.10424932427613058,0.0977034295845203,0.12383836709736937
13,0.12912950237096082,0.11857933273083482,0.10382317482884287,0.1033082288634301,0.11310025407598882,0.10658457224308068,0.10743235251350872,0.11059146852389458,0.10745111384945859
14,0.10972086626881514,0.10143198893473554,0.10657240066985257,0.1042448295993832,0.11779868053388823,0.11682155230068493,0.11375229148345141,0.11323324837674548,0.11642414183244348
15,0.10972086626881508,0.1014319889347355,0.10657240066985253,0.10424482959938317,0.11779868053388823,0.11682155230068489,0.11375229148345135,0.11323324837674548,0.11642414183244344
16,0.10196655055149273,0.09177495113853895,0.12433766545118353,0.11469058398471847,0.11276510383291277,0.09765426944016399,0.10676514867910787,0.10994936996126511,0.14009635696061631
17,0.10679993516747038,0.11729053120515687,0.11759040889343568,0.12697866677675776,0.10296627041818268,0.09766222635268944,0.10237053181221792,0.1113907497743473,0.11695067959974213
18,0.10819831893219646,0.10074924722455472,0.1272236891262379,0.12027223886949032,0.09947751809912736,0.09921194704909583,0.11209953133997128,0.11116020263807311,0.12160730672125307
19,0.10972086626881514,0.10143198893473554,0.10657240066985257,0.1042448295993832,0.11779868053388823,0.11682155230068493,0.11375229148345141,0.11323324837674548,0.11642414183244348
20,0.10196655055149273,0.09177495113853895,0.12433766545118353,0.11469058398471847,0.11276510383291277,0.09765426944016399,0.10676514867910787,0.10994936996126511,0.14009635696061631
21,0.11887115605250202,0.11509442369179701,0.11204444066375553,0.09883438681048959,0.1189054253226097,0.11618435023906017,0.1127279017659703,0.11127387846463024,0.09606403698918513
22,0.10196655055149273,0.09177495113853895,0.12433766545118353,0.11469058398471847,0.11276510383291277,0.09765426944016399,0.10676514867910793,0.10994936996126511,0.14009635696061631
23,0.10972086626881514,0.10143198893473554,0.10657240066985257,0.1042448295993832,0.11779868053388823,0.11682155230068493,0.11375229148345141,0.11323324837674548,0.11642414183244348
24,0.09210079710043785,0.1021029410209988,0.14871649259118472,0.10877106897206085,0.10903364751498518,0.09079571728247629,0.11093505930329524,0.10063586654155432,0.13690840967300666
25,0.12677438762476,0.10606213552500887,0.0984061945089473,0.12756671815933096,0.11581407504070935,0.09810985189253751,0.09606512480369507,0.10174684710659575,0.12945466533841504
26,0.10972086626881514,0.10143198893473554,0.10657240066985257,0.1042448295993832,0.11779868053388823,0.11682155230068493,0.11375229148345141,0.11323324837674548,0.11642414183244348
27,0.11571237521364816,0.11350143406895159,0.1154242263881009,0.11850632254952302,0.11070052220443934,0.10383112071948197,0.10983742079809161,0.1157845210168922,0.09670205704087105
28,0.1174502050407051,0.10744636009699508,0.1228789503872908,0.12014460207529862,0.1124214153179288,0.10779741204957487,0.11503232631354844,0.11018791843296935,0.08664081028568878
29,0.10196655055149273,0.09177495113853895,0.12433766545118353,0.11469058398471847,0.11276510383291277,0.09765426944016399,0.10676514867910793,0.10994936996126511,0.14009635696061631
30,0.11571237521364816,0.11350143406895159,0.1154242263881009,0.11850632254952302,0.11070052220443934,0.10383112071948197,0.10983742079809161,0.1157845210168922,0.09670205704087105
31,0.12230899115844976,0.11033202057235003,0.10453582094611921,0.10674233187441043,0.11315976796831015,0.10701617048942505,0.09931198664658704,0.09662848449272803,0.1399644258516205
32,0.123213823082627,0.10289919126428383,0.10149916216798908,0.12900526617136357,0.11494801808919673,0.09397418569869298,0.09770764368797066,0.10860605114648608,0.12814665869139025
33,0.10972086626881514,0.10143198893473554,0.10657240066985257,0.1042448295993832,0.11779868053388823,0.11682155230068493,0.11375229148345141,0.11323324837674548,0.11642414183244348
34,0.1120828950090993,0.1231006713491475,0.13167090951063384,0.10531502916493478,0.1028851708948969,0.09915420311326728,0.10424932427613058,0.0977034295845203,0.12383836709736937
35,0.10299621154050166,0.11086414303555492,0.1271322104945251,0.13367327518596378,0.10237867123016907,0.10131496989506267,0.10763009290997472,0.10623133506154234,0.10777909064670589
36,0.1120828950090993,0.1231006713491475,0.13167090951063384,0.10531502916493478,0.1028851708948969,0.09915420311326728,0.10424932427613058,0.0977034295845203,0.12383836709736937
