,Estim(XGBClassifier)_Imputer(IterativeImputer(<class 'sklearn.linear_model._bayes.BayesianRidge'>)),Estim(XGBClassifier)_Imputer(IterativeImputer(<class 'xgboost.sklearn.XGBRegressor'>)),Estim(XGBClassifier)_Imputer(IterativeImputer(<class 'sklearn.ensemble._forest.RandomForestRegressor'>)),Estim(XGBClassifier)_Imputer(KNNImputer),Estim(RandomForestClassifier)_Imputer(IterativeImputer(<class 'sklearn.linear_model._bayes.BayesianRidge'>)),Estim(RandomForestClassifier)_Imputer(IterativeImputer(<class 'xgboost.sklearn.XGBRegressor'>)),Estim(RandomForestClassifier)_Imputer(IterativeImputer(<class 'sklearn.ensemble._forest.RandomForestRegressor'>)),Estim(RandomForestClassifier)_Imputer(KNNImputer),Estim(<class 'new_base.ClassifierWithImputation'>)_Imputer(Identity)
0,0.11610670552350515,0.09195221566341817,0.10994393991918792,0.12085811719729297,0.1161486857158241,0.0910243104903003,0.10134528756914642,0.11063014864168744,0.14199058927963779
1,0.10240636335963334,0.11769388627536939,0.12028795958643607,0.11311121869930266,0.10364998972809167,0.10216155364286593,0.1142504804483777,0.1084850692928179,0.11795347896710526
2,0.10142207122057208,0.12377248962572755,0.12197222014256075,0.12892381085452256,0.09833586662660952,0.10231766921945529,0.09944672192571104,0.10307811280549536,0.12073103757934603
3,0.10240636335963334,0.11769388627536939,0.12028795958643607,0.11311121869930266,0.10364998972809167,0.10216155364286593,0.1142504804483777,0.1084850692928179,0.11795347896710526
4,0.09272487750393772,0.11594439273955207,0.09376197747766679,0.13978898396026568,0.10275923459083915,0.11006340165835407,0.09495845830828886,0.11773869029993876,0.13225998346115672
5,0.12485956655142047,0.12337410232708292,0.12116195891042923,0.10322327502764407,0.11396224196350885,0.1046563192285819,0.10632776432685022,0.09564984454229736,0.10678492712218524
6,0.1082783738988398,0.12188812208558322,0.1158110199948481,0.12089216116688094,0.1075569184424669,0.11039420596377081,0.11213877730593366,0.10518317408104982,0.09785724706062711
7,0.10240636335963334,0.11769388627536939,0.12028795958643607,0.11311121869930266,0.10364998972809167,0.10216155364286593,0.1142504804483777,0.1084850692928179,0.11795347896710526
8,0.10161858535622986,0.125873000339387,0.12396710384512549,0.1193977151808547,0.1014952081497641,0.10358602064897221,0.1045234735629767,0.09992683386510863,0.11961205905158105
9,0.10240636335963334,0.11769388627536939,0.12028795958643607,0.11311121869930266,0.10364998972809167,0.10216155364286593,0.1142504804483777,0.1084850692928179,0.11795347896710526
10,0.10240636335963334,0.11769388627536939,0.12028795958643607,0.11311121869930266,0.10364998972809167,0.10216155364286593,0.1142504804483777,0.1084850692928179,0.11795347896710526
11,0.1082783738988398,0.12188812208558322,0.1158110199948481,0.12089216116688094,0.1075569184424669,0.11039420596377081,0.11213877730593366,0.10518317408104982,0.09785724706062711
12,0.10197558518015422,0.102025678518148,0.14164842802082508,0.09539453608826154,0.10366586550817566,0.10197293928444218,0.120122335265715,0.09932432807092453,0.13387030406335365
13,0.1033257490572133,0.10273217092139214,0.146339475960723,0.10330209891284775,0.10710991447203505,0.10117284984646141,0.11616459997032286,0.09280802880708697,0.12704511205191743
14,0.10336642025284801,0.12251926453335402,0.11757838837357676,0.11921354173604268,0.10698954301947836,0.11484283096816406,0.11746090160505784,0.1043387194371716,0.09369039007430655
15,0.10240636335963334,0.11769388627536939,0.12028795958643607,0.11311121869930266,0.10364998972809167,0.10216155364286593,0.1142504804483777,0.1084850692928179,0.11795347896710526
16,0.09697602227905609,0.11650814894790079,0.14050298452137522,0.1174743058270044,0.09080978441185544,0.09498363968860297,0.12330081454404362,0.10115586949144707,0.11828843028871468
17,0.10240636335963334,0.11769388627536939,0.12028795958643607,0.11311121869930266,0.10364998972809167,0.10216155364286593,0.1142504804483777,0.1084850692928179,0.11795347896710526
18,0.08874261790602983,0.1095331179483509,0.11395602547026219,0.09691948972031528,0.10983149590001472,0.11619684087483675,0.11842918075503361,0.10780402834174178,0.13858720308341485
19,0.09361818802785259,0.10168470109695497,0.10148835448355237,0.11685877434736343,0.10769534627175958,0.12037615485271128,0.11834307728135504,0.10884623286335056,0.1310891707751001
20,0.1033257490572133,0.10273217092139214,0.146339475960723,0.10330209891284775,0.10710991447203505,0.10117284984646141,0.11616459997032286,0.09280802880708697,0.12704511205191743
21,0.1144855332474263,0.09123697752404614,0.10632300071965753,0.11150538565752609,0.11231197660095915,0.09166087891673201,0.10470301554671378,0.1182903313337048,0.14948290045323423
22,0.10240636335963334,0.11769388627536939,0.12028795958643607,0.11311121869930266,0.10364998972809167,0.10216155364286593,0.1142504804483777,0.1084850692928179,0.11795347896710526
23,0.10240636335963334,0.11769388627536939,0.12028795958643607,0.11311121869930266,0.10364998972809167,0.10216155364286593,0.1142504804483777,0.1084850692928179,0.11795347896710526
24,0.10240636335963334,0.11769388627536939,0.12028795958643607,0.11311121869930266,0.10364998972809167,0.10216155364286593,0.1142504804483777,0.1084850692928179,0.11795347896710526
25,0.10240636335963334,0.11769388627536939,0.12028795958643607,0.11311121869930266,0.10364998972809167,0.10216155364286593,0.1142504804483777,0.1084850692928179,0.11795347896710526
26,0.10240636335963334,0.11769388627536939,0.12028795958643607,0.11311121869930266,0.10364998972809167,0.10216155364286593,0.1142504804483777,0.1084850692928179,0.11795347896710526
27,0.09361818802785259,0.10168470109695497,0.10148835448355237,0.11685877434736343,0.10769534627175958,0.12037615485271128,0.11834307728135504,0.10884623286335056,0.1310891707751001
28,0.1082783738988398,0.12188812208558322,0.1158110199948481,0.12089216116688094,0.1075569184424669,0.11039420596377081,0.11213877730593366,0.10518317408104982,0.09785724706062711
29,0.10240636335963334,0.11769388627536939,0.12028795958643607,0.11311121869930266,0.10364998972809167,0.10216155364286593,0.1142504804483777,0.1084850692928179,0.11795347896710526
30,0.08427176525103254,0.09459668720141728,0.09483690640007339,0.12035999768249135,0.11042797232038935,0.11709172439948864,0.111212564279824,0.11785228456726099,0.14935009789802248
31,0.10161858535622986,0.125873000339387,0.12396710384512549,0.1193977151808547,0.1014952081497641,0.10358602064897221,0.1045234735629767,0.09992683386510863,0.11961205905158105
32,0.10336642025284801,0.12251926453335402,0.11757838837357676,0.11921354173604268,0.10698954301947836,0.11484283096816406,0.11746090160505784,0.1043387194371716,0.09369039007430655
33,0.1033257490572133,0.10273217092139214,0.146339475960723,0.10330209891284775,0.10710991447203505,0.10117284984646141,0.11616459997032286,0.09280802880708697,0.12704511205191743
34,0.10161858535622986,0.125873000339387,0.12396710384512549,0.1193977151808547,0.1014952081497641,0.10358602064897221,0.1045234735629767,0.09992683386510863,0.11961205905158105
35,0.10240636335963334,0.11769388627536939,0.12028795958643607,0.11311121869930266,0.10364998972809167,0.10216155364286593,0.1142504804483777,0.1084850692928179,0.11795347896710526
36,0.10240636335963334,0.11769388627536939,0.12028795958643607,0.11311121869930266,0.10364998972809167,0.10216155364286593,0.1142504804483777,0.1084850692928179,0.11795347896710526
37,0.12922155768807372,0.11553748725739293,0.11023739301272632,0.1157564187999189,0.10561859052022096,0.1080935168100235,0.10880438624097889,0.10396034843188094,0.10277030123878378
38,0.10240636335963334,0.11769388627536939,0.12028795958643607,0.11311121869930266,0.10364998972809167,0.10216155364286593,0.1142504804483777,0.1084850692928179,0.11795347896710526
39,0.11537284659317165,0.10704698335404754,0.11211859611414673,0.13509470393396783,0.11253950737354716,0.1010420118346389,0.09422205221280619,0.11502915093875732,0.10753414764491691
40,0.10370785013223804,0.1260780119513305,0.13883956215636242,0.09779758331450823,0.10897518978641277,0.10729836237754671,0.11033480500740528,0.09370020108976346,0.11326843418443278
41,0.1257366971026001,0.08542212869146835,0.11884520865545123,0.11749786604405849,0.1169825589651266,0.11138238922764655,0.11489530893370914,0.10941962972949457,0.0998182126504448
42,0.10240636335963334,0.11769388627536939,0.12028795958643607,0.11311121869930266,0.10364998972809167,0.10216155364286593,0.1142504804483777,0.1084850692928179,0.11795347896710526
43,0.1033257490572133,0.10273217092139214,0.146339475960723,0.10330209891284775,0.10710991447203505,0.10117284984646141,0.11616459997032286,0.09280802880708697,0.12704511205191743
44,0.10240636335963334,0.11769388627536939,0.12028795958643607,0.11311121869930266,0.10364998972809167,0.10216155364286593,0.1142504804483777,0.1084850692928179,0.11795347896710526
45,0.1033257490572133,0.10273217092139214,0.146339475960723,0.10330209891284775,0.10710991447203505,0.10117284984646141,0.11616459997032286,0.09280802880708697,0.12704511205191743
46,0.10240636335963334,0.11769388627536939,0.12028795958643607,0.11311121869930266,0.10364998972809167,0.10216155364286593,0.1142504804483777,0.1084850692928179,0.11795347896710526
47,0.10240636335963334,0.11769388627536939,0.12028795958643607,0.11311121869930266,0.10364998972809167,0.10216155364286593,0.1142504804483777,0.1084850692928179,0.11795347896710526
48,0.11537284659317165,0.10704698335404754,0.11211859611414673,0.13509470393396783,0.11253950737354716,0.1010420118346389,0.09422205221280619,0.11502915093875732,0.10753414764491691
49,0.10240636335963334,0.11769388627536939,0.12028795958643607,0.11311121869930266,0.10364998972809167,0.10216155364286593,0.1142504804483777,0.1084850692928179,0.11795347896710526
50,0.10142207122057208,0.12377248962572755,0.12197222014256075,0.12892381085452256,0.09833586662660952,0.10231766921945529,0.09944672192571104,0.10307811280549536,0.12073103757934603
51,0.09272487750393772,0.11594439273955207,0.09376197747766679,0.13978898396026568,0.10275923459083915,0.11006340165835407,0.09495845830828886,0.11773869029993876,0.13225998346115672
52,0.10898368436654106,0.11194114299397036,0.13613833732748404,0.11480501273316449,0.10041967192893113,0.10076178445225618,0.10943820962152506,0.10083729174242738,0.1166748648337
53,0.10898368436654106,0.11194114299397036,0.13613833732748404,0.11480501273316449,0.10041967192893113,0.10076178445225618,0.10943820962152506,0.10083729174242738,0.1166748648337
54,0.1033257490572133,0.10273217092139214,0.146339475960723,0.10330209891284775,0.10710991447203505,0.10117284984646141,0.11616459997032286,0.09280802880708697,0.12704511205191743
55,0.10161858535622986,0.125873000339387,0.12396710384512549,0.1193977151808547,0.1014952081497641,0.10358602064897221,0.1045234735629767,0.09992683386510863,0.11961205905158105
56,0.10240636335963334,0.11769388627536939,0.12028795958643607,0.11311121869930266,0.10364998972809167,0.10216155364286593,0.1142504804483777,0.1084850692928179,0.11795347896710526
57,0.10161858535622986,0.125873000339387,0.12396710384512549,0.1193977151808547,0.1014952081497641,0.10358602064897221,0.1045234735629767,0.09992683386510863,0.11961205905158105
58,0.11557214651710832,0.09388976094302895,0.10694357359142156,0.14069415002816973,0.10020189505231834,0.09570246968007701,0.10898871087894611,0.10147834163493395,0.13652895167399598
59,0.10240636335963334,0.11769388627536939,0.12028795958643607,0.11311121869930266,0.10364998972809167,0.10216155364286593,0.1142504804483777,0.1084850692928179,0.11795347896710526
0,0.11961868477774604,0.12067220905209276,0.09104887101620134,0.11559259880883957,0.11212319312831608,0.1085548347793986,0.09960753604173751,0.11256417741015623,0.12021789498551165
1,0.12470984398722706,0.09691614689909935,0.11853901689903214,0.11720880932278266,0.10660789867833458,0.10288244338392326,0.10980731882829592,0.10924100966665408,0.11408751233465074
2,0.10978177253524754,0.12414517469697027,0.09141783298794813,0.12914481249967408,0.10698350755698206,0.10999084651431638,0.09606341594385874,0.1118352006512975,0.12063743661370556
3,0.0977210137250754,0.11943584826122315,0.11881212796960093,0.12005625871652183,0.10344403917115579,0.11053916170806269,0.11153302667439756,0.10921697319577087,0.10924155057819192
4,0.10464512911671932,0.1323391834878569,0.10337014590480859,0.12703465930180668,0.10707952432151417,0.10101224590039122,0.09864550607889598,0.11253052193931226,0.11334308394869462
5,0.10674598306867873,0.09567011902963136,0.11792139270444749,0.1419216159721176,0.09748458165420108,0.0931996448779088,0.1039516246337981,0.11411511389222094,0.12898992416699606
6,0.10756002219167654,0.11552009694838831,0.11318184754543134,0.13762039435099302,0.09668748722128391,0.09815525157647095,0.10337830214268935,0.10995941150275801,0.11793718652030853
7,0.08187832136473726,0.12895249483900972,0.1313498958169647,0.11542053105118674,0.10281542111816114,0.11373657711736979,0.1164255500558083,0.1161251968330778,0.0932960118036842
8,0.11857376408937459,0.0956222592059379,0.12324965986871675,0.13862780320672896,0.10239012193177587,0.09674729635798804,0.11088055536210478,0.11004880792528905,0.10385973205208399
9,0.10541243355585271,0.10784962845343143,0.10251017195934409,0.13813248493506797,0.10318038232367807,0.10369605190516337,0.09856523537631783,0.11517185315261994,0.12548175833852454
10,0.10756002219167654,0.11552009694838831,0.11318184754543134,0.13762039435099302,0.09668748722128391,0.09815525157647095,0.10337830214268935,0.10995941150275801,0.11793718652030853
11,0.09099748528749334,0.12643543115222602,0.11701234479131885,0.10073960631761501,0.11260827870536987,0.11694692916691103,0.11095324741523588,0.10483111025333336,0.11947556691049702
12,0.09184644240190097,0.11564475023908322,0.130955331467093,0.10200771212136672,0.10692211679389066,0.11687701122480365,0.12947203561404988,0.11514319465183201,0.09113140548597994
13,0.10541243355585271,0.10784962845343143,0.10251017195934409,0.13813248493506797,0.10318038232367807,0.10369605190516337,0.09856523537631783,0.11517185315261994,0.12548175833852454
14,0.08976574331317944,0.13287681267514878,0.09876652488870956,0.11695404407994472,0.10630327886147396,0.12106307624378397,0.10626465200190108,0.11990260299999435,0.10810326493586422
15,0.11230692452750864,0.09916163449113934,0.14148370710054653,0.104897035202603,0.11273041664999928,0.10494712938594154,0.11994742301202359,0.11212888174645583,0.0923968478837823
16,0.0977210137250754,0.11943584826122315,0.11881212796960093,0.12005625871652183,0.10344403917115579,0.11053916170806269,0.11153302667439756,0.10921697319577087,0.10924155057819192
17,0.11574683783378648,0.110410493666712,0.08617572366327833,0.12556608559397187,0.10962888225817512,0.10803535584771636,0.10076382343418233,0.1194175834733639,0.12425521422881391
18,0.10264541601818906,0.1236432600161894,0.1026318489118468,0.12670895817947508,0.10451221891733257,0.09604652101953293,0.10226184817331242,0.10360669293611992,0.13794323582800155
19,0.09184644240190097,0.11564475023908322,0.130955331467093,0.10200771212136672,0.10692211679389066,0.11687701122480365,0.12947203561404988,0.11514319465183201,0.09113140548597994
20,0.10541243355585271,0.10784962845343143,0.10251017195934409,0.13813248493506797,0.10318038232367807,0.10369605190516337,0.09856523537631783,0.11517185315261994,0.12548175833852454
21,0.11232711152570513,0.10022882495585013,0.1369590123271443,0.13426666762660852,0.09899211881469147,0.09526435389483615,0.10995369942282932,0.10970301628969473,0.10230519514264025
22,0.10541243355585271,0.10784962845343143,0.10251017195934409,0.13813248493506797,0.10318038232367807,0.10369605190516337,0.09856523537631783,0.11517185315261994,0.12548175833852454
23,0.08187832136473726,0.12895249483900972,0.1313498958169647,0.11542053105118674,0.10281542111816114,0.11373657711736979,0.1164255500558083,0.1161251968330778,0.0932960118036842
24,0.09099748528749334,0.12643543115222602,0.11701234479131885,0.10073960631761501,0.11260827870536987,0.11694692916691103,0.11095324741523588,0.10483111025333336,0.11947556691049702
25,0.1195332348478155,0.09344181809877883,0.1338665507741822,0.12153209786467435,0.10979694832719011,0.09421318838804732,0.11385473603534,0.10983833454426072,0.10392309111971071
26,0.09182340879398662,0.1388780889441157,0.14489837698155159,0.11767946706140223,0.0958922337919466,0.1064927831512213,0.10512947830137713,0.10058373456280924,0.09862242841158955
27,0.11883231482723079,0.09245903681480512,0.12197961216707388,0.1413390750931317,0.10254844942251125,0.09414252127860717,0.10920486717297112,0.11252308432604204,0.10697103889762698
28,0.10541243355585271,0.10784962845343143,0.10251017195934409,0.13813248493506797,0.10318038232367807,0.10369605190516337,0.09856523537631783,0.11517185315261994,0.12548175833852454
29,0.10541243355585271,0.10784962845343143,0.10251017195934409,0.13813248493506797,0.10318038232367807,0.10369605190516337,0.09856523537631783,0.11517185315261994,0.12548175833852454
30,0.13138895000353587,0.1024601580073392,0.08771126668279058,0.12378607694180412,0.11606886989324519,0.11225102608768106,0.09933539608034919,0.11169040848008309,0.11530784782317194
31,0.10541243355585271,0.10784962845343143,0.10251017195934409,0.13813248493506797,0.10318038232367807,0.10369605190516337,0.09856523537631783,0.11517185315261994,0.12548175833852454
32,0.10862347740513563,0.08690495806459879,0.11270127522684241,0.1316681279917695,0.11595360775815082,0.09883458418016024,0.11884838932920117,0.1256590530420644,0.10080652700207705
33,0.10541243355585271,0.10784962845343143,0.10251017195934409,0.13813248493506797,0.10318038232367807,0.10369605190516337,0.09856523537631783,0.11517185315261994,0.12548175833852454
34,0.10541243355585271,0.10784962845343143,0.10251017195934409,0.13813248493506797,0.10318038232367807,0.10369605190516337,0.09856523537631783,0.11517185315261994,0.12548175833852454
35,0.10224952244461344,0.12830852966113448,0.11448412449421874,0.1171729855420918,0.10331195318304129,0.10123257829755555,0.0979604847935446,0.10031889545618528,0.13496092612761512
36,0.10541243355585271,0.10784962845343143,0.10251017195934409,0.13813248493506797,0.10318038232367807,0.10369605190516337,0.09856523537631783,0.11517185315261994,0.12548175833852454
37,0.12259589627077307,0.11943974736476025,0.10851458371659103,0.10871399997358362,0.1025443327579253,0.10549483509663078,0.10960550369655815,0.10183630532981826,0.12125479579335939
38,0.12470984398722706,0.09691614689909935,0.11853901689903214,0.11720880932278266,0.10660789867833458,0.10288244338392326,0.10980731882829592,0.10924100966665408,0.11408751233465074
39,0.10140623195001751,0.1161722587412567,0.09603128061426469,0.13389627910463475,0.10725626980639717,0.11396459846034013,0.09632901689675366,0.11463772832616126,0.12030633610017412
40,0.11883231482723079,0.09245903681480512,0.12197961216707388,0.1413390750931317,0.10254844942251125,0.09414252127860717,0.10920486717297112,0.11252308432604204,0.10697103889762698
41,0.10264541601818906,0.1236432600161894,0.1026318489118468,0.12670895817947508,0.10451221891733257,0.09604652101953293,0.10226184817331242,0.10360669293611992,0.13794323582800155
42,0.11857376408937459,0.0956222592059379,0.12324965986871675,0.13862780320672896,0.10239012193177587,0.09674729635798804,0.11088055536210478,0.11004880792528905,0.10385973205208399
43,0.11232711152570513,0.10022882495585013,0.1369590123271443,0.13426666762660852,0.09899211881469147,0.09526435389483615,0.10995369942282932,0.10970301628969473,0.10230519514264025
44,0.10541243355585271,0.10784962845343143,0.10251017195934409,0.13813248493506797,0.10318038232367807,0.10369605190516337,0.09856523537631783,0.11517185315261994,0.12548175833852454
45,0.0942654774093767,0.12332722287851053,0.10351275874417769,0.12948588908350905,0.10523660098477985,0.11067908594199007,0.09684968965024471,0.10870150460759927,0.12794177069981214
46,0.11574683783378648,0.110410493666712,0.08617572366327833,0.12556608559397187,0.10962888225817512,0.10803535584771636,0.10076382343418233,0.1194175834733639,0.12425521422881391
47,0.08187832136473726,0.12895249483900972,0.1313498958169647,0.11542053105118674,0.10281542111816114,0.11373657711736979,0.1164255500558083,0.1161251968330778,0.0932960118036842
48,0.10541243355585271,0.10784962845343143,0.10251017195934409,0.13813248493506797,0.10318038232367807,0.10369605190516337,0.09856523537631783,0.11517185315261994,0.12548175833852454
49,0.08187832136473726,0.12895249483900972,0.1313498958169647,0.11542053105118674,0.10281542111816114,0.11373657711736979,0.1164255500558083,0.1161251968330778,0.0932960118036842
50,0.11003602500986746,0.09689046194171572,0.10980146229297683,0.0970850968534172,0.1134532948374771,0.10588273587028564,0.10804694712105964,0.10636060830353417,0.15244336776966635
51,0.10541243355585271,0.10784962845343143,0.10251017195934409,0.13813248493506797,0.10318038232367807,0.10369605190516337,0.09856523537631783,0.11517185315261994,0.12548175833852454
52,0.11367294712271334,0.11797447114321347,0.11826415819664508,0.12672787862369658,0.09479452908257043,0.09989121974604573,0.09943368607595442,0.10527256130365056,0.1239685487055106
53,0.08187832136473726,0.12895249483900972,0.1313498958169647,0.11542053105118674,0.10281542111816114,0.11373657711736979,0.1164255500558083,0.1161251968330778,0.0932960118036842
54,0.10541243355585271,0.10784962845343143,0.10251017195934409,0.13813248493506797,0.10318038232367807,0.10369605190516337,0.09856523537631783,0.11517185315261994,0.12548175833852454
55,0.10224952244461344,0.12830852966113448,0.11448412449421874,0.1171729855420918,0.10331195318304129,0.10123257829755555,0.0979604847935446,0.10031889545618528,0.13496092612761512
56,0.08187832136473726,0.12895249483900972,0.1313498958169647,0.11542053105118674,0.10281542111816114,0.11373657711736979,0.1164255500558083,0.1161251968330778,0.0932960118036842
57,0.11883231482723079,0.09245903681480512,0.12197961216707388,0.1413390750931317,0.10254844942251125,0.09414252127860717,0.10920486717297112,0.11252308432604204,0.10697103889762698
58,0.09820786550277426,0.09923328211553617,0.12211125541064444,0.13559901361801227,0.1062343496404059,0.1042242579874356,0.10819989299719168,0.12033224234057019,0.10585784038742975
59,0.11470039179486502,0.08889202475181275,0.09965286307054531,0.1505892219670933,0.10244057140922924,0.09619965373528422,0.09845073386356665,0.11446199012762043,0.13461254927998284
0,0.11465800670996087,0.135512747178604,0.10633607648132735,0.0970859856677357,0.10686845243917466,0.12630295472481043,0.09697041313433007,0.10459143011314072,0.11167393355091616
1,0.11506702701866817,0.09243321054231855,0.11376960756270924,0.1391383900268614,0.09970993473310451,0.10339326958063018,0.11019554417900684,0.11194936006678761,0.11434365628991325
2,0.11301982586375514,0.11874846108690856,0.11772519383727273,0.11783941784841598,0.1049433059359582,0.10488846385074155,0.10475207963255843,0.10651265173190215,0.11157060021248738
3,0.11809543644784318,0.12025932678073722,0.09621984972802129,0.10443463098798608,0.11779983576961021,0.10149035181078121,0.10249599303494454,0.11598628961637575,0.1232182858237007
4,0.11345415880583475,0.12866137502804928,0.10845329688984573,0.13276689192741795,0.10532016393613788,0.0957546679406011,0.1058963814170037,0.10380554235387969,0.10588752170122988
5,0.1314211541737015,0.09556044188484716,0.12189901893561263,0.11516590868709153,0.10911852892506624,0.10470027156876323,0.10936663283131112,0.10500007606894007,0.1077679669246664
6,0.11301982586375514,0.11874846108690856,0.11772519383727273,0.11783941784841598,0.1049433059359582,0.10488846385074155,0.10475207963255843,0.10651265173190215,0.11157060021248738
7,0.11401008700731134,0.11922743485660957,0.12017058501876367,0.1155954933404414,0.10803873298544464,0.09952969359400406,0.11621797283027963,0.10455893669045827,0.10265106367668769
8,0.11301982586375514,0.11874846108690856,0.11772519383727273,0.11783941784841598,0.1049433059359582,0.10488846385074155,0.10475207963255843,0.10651265173190215,0.11157060021248738
9,0.11301982586375514,0.11874846108690856,0.11772519383727273,0.11783941784841598,0.1049433059359582,0.10488846385074155,0.10475207963255843,0.10651265173190215,0.11157060021248738
10,0.11301982586375514,0.11874846108690856,0.11772519383727273,0.11783941784841598,0.1049433059359582,0.10488846385074155,0.10475207963255843,0.10651265173190215,0.11157060021248738
11,0.11301982586375514,0.11874846108690856,0.11772519383727273,0.11783941784841598,0.1049433059359582,0.10488846385074155,0.10475207963255843,0.10651265173190215,0.11157060021248738
12,0.12389245244390257,0.10821301044776882,0.11490389962988312,0.10271790062586131,0.11476998254423297,0.10136677144990489,0.10437420454628699,0.10965488948704283,0.12010688882511661
13,0.12267087097059169,0.11370260687272064,0.11421726271117315,0.09272963391506471,0.11636453745450143,0.11437052101909934,0.11153150108377008,0.10787167888631652,0.10654138708676231
14,0.12338541614525755,0.12637661689812005,0.12429537718533375,0.12391674687116519,0.10178935281934341,0.1072381226246055,0.09917638963592215,0.09492249657525514,0.09889948124499708
15,0.12063056847604109,0.11785658879493772,0.09799383780379865,0.11819178466697713,0.10903995840251977,0.1172182973545963,0.09658271243445819,0.11776240127329891,0.10472385079337243
16,0.11301982586375514,0.11874846108690856,0.11772519383727273,0.11783941784841598,0.1049433059359582,0.10488846385074155,0.10475207963255843,0.10651265173190215,0.11157060021248738
17,0.12870464523599653,0.13817870816173974,0.1134228991084583,0.08188557915364898,0.10662233313732254,0.12282705945830376,0.11060234332807443,0.101143639875843,0.09661279254061295
18,0.12804705354247653,0.11913132479513226,0.1138546561206319,0.11221118831930951,0.10767823433264198,0.10759359446123043,0.10366489887155556,0.10451351237418881,0.1033055371828329
19,0.11809543644784318,0.12025932678073722,0.09621984972802129,0.10443463098798608,0.11779983576961027,0.10149035181078121,0.10249599303494454,0.11598628961637575,0.1232182858237007
20,0.11809543644784318,0.12025932678073722,0.09621984972802129,0.10443463098798608,0.11779983576961027,0.10149035181078121,0.10249599303494454,0.11598628961637575,0.1232182858237007
21,0.12646852564790875,0.1413744315910172,0.08948838220457028,0.11675072261245156,0.10858065340614165,0.11210277222691406,0.08853639660012212,0.11273468554632143,0.1039634301645528
22,0.1209604268232225,0.09776152578308123,0.10643521555080014,0.12040197723844992,0.10931023508592337,0.10648950944924655,0.10461291904624757,0.11476097297818894,0.11926721804483978
23,0.12341110072765106,0.10495228391008952,0.11857157114841571,0.10304431753067635,0.10451170557210765,0.11378396550307723,0.11715011837340147,0.11001193670263036,0.10456300053195024
24,0.1314211541737015,0.09556044188484716,0.12189901893561263,0.11516590868709153,0.10911852892506624,0.10470027156876323,0.10936663283131112,0.10500007606894007,0.1077679669246664
25,0.11345415880583475,0.12866137502804928,0.10845329688984573,0.13276689192741795,0.10532016393613788,0.0957546679406011,0.1058963814170037,0.10380554235387969,0.10588752170122988
26,0.11207546275567636,0.11160720152580125,0.09912561373952876,0.12383532738288046,0.10722560944972212,0.09981016979622477,0.0986120922189328,0.10847102750366601,0.13923749562756735
27,0.12338541614525755,0.12637661689812005,0.12429537718533375,0.12391674687116519,0.10178935281934341,0.1072381226246055,0.09917638963592215,0.09492249657525514,0.09889948124499708
28,0.08829903996057746,0.14799640013837062,0.11215201768718228,0.09557953318792704,0.10978246744535805,0.12272153023999753,0.1147121398291398,0.11128342069244587,0.09747345081900152
29,0.11401008700731134,0.11922743485660957,0.12017058501876367,0.1155954933404414,0.10803873298544464,0.09952969359400406,0.11621797283027963,0.10455893669045827,0.10265106367668769
30,0.11401008700731134,0.11922743485660957,0.12017058501876367,0.1155954933404414,0.10803873298544464,0.09952969359400406,0.11621797283027963,0.10455893669045827,0.10265106367668769
31,0.10957654808011624,0.10610610331542611,0.11058886350981982,0.1279358970540557,0.09909946992579083,0.09685837684712792,0.10328435821359969,0.11012054507825482,0.13642983797580896
32,0.11991786463542425,0.15347113758966777,0.09665445147977768,0.1126418977662585,0.1042140904282665,0.12217398756220232,0.0936624969202815,0.10824556201646424,0.08901851160165725
33,0.09824152257634854,0.10928109700456601,0.13331359226280462,0.12444610687275466,0.10520965862821702,0.09943877748265773,0.11137574066680148,0.10253601392424835,0.11615749058160153
34,0.12389245244390257,0.10821301044776882,0.11490389962988312,0.10271790062586131,0.11476998254423297,0.10136677144990489,0.10437420454628699,0.10965488948704283,0.12010688882511661
35,0.1247520021276224,0.0996448507492092,0.11671444864580867,0.09995512773661602,0.11407571638935596,0.11061358749462154,0.11292153723556972,0.1109460222089982,0.11037670741219872
36,0.11191607599731637,0.0861638230152907,0.12683814176585162,0.11821919206108217,0.10937102123158299,0.10540591816098441,0.1191415586286403,0.10969087439951429,0.11325339473973732
37,0.11301982586375514,0.11874846108690856,0.11772519383727273,0.11783941784841598,0.1049433059359582,0.10488846385074155,0.10475207963255843,0.10651265173190215,0.11157060021248738
38,0.11391753024674357,0.10287171835307343,0.13214320675170657,0.10160648833372435,0.1129804835889912,0.10302943352406131,0.10861744655846563,0.10601625061444286,0.11881744202879087
39,0.11861524089738455,0.10138029986142606,0.10383824141512482,0.11735941453464722,0.10798330248222879,0.11816756577714871,0.11655237844056553,0.10693187434242052,0.10917168224905405
40,0.10881216773728121,0.10828541966219773,0.12440141857385141,0.09282216754071308,0.11535999729501155,0.11149689695304334,0.11858488084409381,0.10750389045568143,0.11273316093812652
41,0.12338541614525755,0.12637661689812005,0.12429537718533375,0.12391674687116519,0.10178935281934341,0.1072381226246055,0.09917638963592215,0.09492249657525514,0.09889948124499708
42,0.11391753024674357,0.10287171835307343,0.13214320675170657,0.10160648833372435,0.1129804835889912,0.10302943352406131,0.10861744655846563,0.10601625061444286,0.11881744202879087
43,0.1209604268232225,0.09776152578308123,0.10643521555080014,0.12040197723844992,0.10931023508592337,0.10648950944924655,0.10461291904624757,0.11476097297818894,0.11926721804483978
44,0.08891340649952079,0.14100892593496211,0.10969379700357287,0.11712783401150723,0.10759180823717081,0.10874072563297354,0.10855648594482571,0.10209121344045728,0.1162758032950096
45,0.12338541614525755,0.12637661689812005,0.12429537718533375,0.12391674687116519,0.10178935281934341,0.1072381226246055,0.09917638963592215,0.09492249657525514,0.09889948124499708
46,0.09385605213097407,0.14043300128100192,0.11071298186116357,0.10284559587116794,0.11183668686031586,0.1165885329885836,0.11558744646244522,0.10963935166067754,0.09850035088367004
47,0.11195953656118782,0.12431991877894341,0.13942115764349425,0.10005119284275081,0.10907329340281065,0.11072272011081664,0.10752316068864677,0.10515658068674172,0.0917724392846077
48,0.12231357401612937,0.08514974704186794,0.12778117963570246,0.10580694406801323,0.11291032760331306,0.1111988924151634,0.1149898608377728,0.10992299329956602,0.10992648108247167
49,0.11233042390900035,0.09869201156560013,0.11213198525921865,0.12496273884971501,0.10967813747969142,0.10756144419371219,0.1049548591098669,0.10861146672346124,0.1210769329097341
50,0.11667364860122241,0.11754831690621738,0.1132780750139063,0.10820399172214915,0.11227023828547958,0.09551424230734591,0.10949896761799474,0.11051852786230239,0.11649399168338194
51,0.1209604268232225,0.09776152578308123,0.10643521555080014,0.12040197723844992,0.10931023508592337,0.10648950944924655,0.10461291904624757,0.11476097297818894,0.11926721804483978
52,0.09908609746765082,0.08991337582822924,0.12179941186650958,0.12298841876751,0.10060063322910444,0.11177976648943164,0.1220419097844468,0.11475462826602748,0.1170357583010898
53,0.11809543644784318,0.12025932678073722,0.09621984972802129,0.10443463098798608,0.11779983576961021,0.10149035181078121,0.10249599303494454,0.11598628961637575,0.1232182858237007
54,0.12338541614525755,0.12637661689812005,0.12429537718533375,0.12391674687116519,0.10178935281934341,0.1072381226246055,0.09917638963592215,0.09492249657525514,0.09889948124499708
55,0.11401008700731134,0.11922743485660957,0.12017058501876367,0.1155954933404414,0.10803873298544464,0.09952969359400406,0.11621797283027963,0.10455893669045827,0.10265106367668769
56,0.08829903996057746,0.14799640013837062,0.11215201768718228,0.09557953318792704,0.10978246744535805,0.12272153023999753,0.1147121398291398,0.11128342069244587,0.09747345081900152
57,0.11301982586375514,0.11874846108690856,0.11772519383727273,0.11783941784841598,0.1049433059359582,0.10488846385074155,0.10475207963255843,0.10651265173190215,0.11157060021248738
58,0.08829903996057746,0.14799640013837062,0.11215201768718228,0.09557953318792704,0.10978246744535805,0.12272153023999753,0.1147121398291398,0.11128342069244587,0.09747345081900152
0,0.1300783302204084,0.13618020765824068,0.10565742397404236,0.116707282354477,0.11054908663400331,0.10785983394923677,0.09081658754218024,0.10817076967578,0.093980477991631
1,0.10853722588631717,0.11038005493684616,0.13607377658653946,0.12408925365498424,0.09888812583048555,0.10220135255166224,0.11098222732358456,0.10722210946516907,0.10162587376441158
2,0.10853722588631717,0.11038005493684616,0.13607377658653946,0.12408925365498424,0.09888812583048555,0.10220135255166224,0.11098222732358456,0.10722210946516907,0.10162587376441158
3,0.13375235093017834,0.1236047110215748,0.11535921328846692,0.11349184294628022,0.1034855202299356,0.10597826396214864,0.09834992741866433,0.09718995708109833,0.10878821312165275
4,0.13167078572681912,0.11995041226884814,0.1368673276421092,0.08153631052429516,0.12072833050692745,0.11161005772496291,0.11120439810538965,0.09837537428739473,0.08805700321325333
5,0.10842996245405008,0.08918157832698995,0.1184059726357683,0.12595228992776505,0.11406271138129499,0.09974714959287347,0.11901647056497115,0.12365053103229515,0.10155333408399166
6,0.1229344550986152,0.09742431130786833,0.1277037192046949,0.11566177546308039,0.11002089087573587,0.08706739730317457,0.10476695603678657,0.10356556804282295,0.1308549266672214
7,0.13222168350756255,0.1009658296334302,0.11158915151325552,0.1011345435489254,0.11433751724304804,0.10799751074157513,0.1131197452782688,0.11800414306012914,0.10062987547380471
8,0.13167078572681912,0.11995041226884814,0.1368673276421092,0.08153631052429516,0.12072833050692745,0.11161005772496291,0.11120439810538965,0.09837537428739473,0.08805700321325333
9,0.13977851623274642,0.13906062886559686,0.09589897995638756,0.09784087280059513,0.12040258489278481,0.11208689059094032,0.09311356046577116,0.10736419733155042,0.09445376886362729
10,0.13977851623274642,0.13906062886559686,0.09589897995638756,0.09784087280059513,0.12040258489278481,0.11208689059094032,0.09311356046577116,0.10736419733155042,0.09445376886362729
11,0.116174341582892,0.1139862458693083,0.12925691738330794,0.13050785841520063,0.09880767923885289,0.09650620223948075,0.09998730219386064,0.10338980702034951,0.11138364605674735
12,0.08858416703309836,0.1371005879014728,0.14281998952092487,0.11949236931243999,0.08962903260719966,0.10510300016335375,0.11906969354867117,0.10757768289602808,0.09062347701681155
13,0.08858416703309836,0.1371005879014728,0.14281998952092487,0.11949236931243999,0.08962903260719966,0.10510300016335375,0.11906969354867117,0.10757768289602808,0.09062347701681155
14,0.09915005119539509,0.11641059421834878,0.14751787081055492,0.1123385666865685,0.09657513380201459,0.10201057734327582,0.1197629009509442,0.10071077269743905,0.10552353229545894
15,0.13794727968796547,0.10156673984900616,0.11351261621703013,0.10530270376510588,0.10774228938672185,0.1047536569386086,0.09523314583191682,0.09713925987671775,0.13680230844692762
16,0.11298590995536717,0.11386234158832471,0.1282177565662981,0.10788717993984862,0.10177984008769456,0.0986719290671699,0.1163056215149528,0.11009455947831072,0.1101948618020333
17,0.08269118412206986,0.13925201966100748,0.1438712158195417,0.08930037076824325,0.0925232880065476,0.11750952257195407,0.12995491979822898,0.0998492023831113,0.10504827686929555
18,0.13167078572681912,0.11995041226884814,0.1368673276421092,0.08153631052429516,0.12072833050692745,0.11161005772496291,0.11120439810538965,0.09837537428739473,0.08805700321325333
19,0.09915005119539509,0.11641059421834878,0.14751787081055492,0.1123385666865685,0.09657513380201459,0.10201057734327582,0.1197629009509442,0.10071077269743905,0.10552353229545894
20,0.13953454470956678,0.08739469183911387,0.11976274684332588,0.10255502111597818,0.11314093439318558,0.10705980984456574,0.11086167465398317,0.12046249988902821,0.09922807671125271
21,0.1229344550986152,0.09742431130786833,0.1277037192046949,0.11566177546308039,0.11002089087573587,0.08706739730317457,0.10476695603678657,0.10356556804282295,0.1308549266672214
22,0.13953454470956678,0.08739469183911387,0.11976274684332588,0.10255502111597818,0.11314093439318558,0.10705980984456574,0.11086167465398317,0.12046249988902821,0.09922807671125271
23,0.1229344550986152,0.09742431130786833,0.1277037192046949,0.11566177546308039,0.11002089087573587,0.08706739730317457,0.10476695603678657,0.10356556804282295,0.1308549266672214
24,0.11298590995536717,0.11386234158832471,0.1282177565662981,0.10788717993984862,0.10177984008769456,0.0986719290671699,0.1163056215149528,0.11009455947831072,0.1101948618020333
25,0.12445616244851028,0.09826529854391482,0.11192235430508354,0.11405519818975464,0.11312749617700248,0.10054898727578712,0.10533901820560516,0.11644948745312562,0.11583599740121678
26,0.10853722588631717,0.11038005493684616,0.13607377658653946,0.12408925365498424,0.09888812583048555,0.10220135255166224,0.11098222732358456,0.10722210946516907,0.10162587376441158
27,0.11298590995536717,0.11386234158832471,0.1282177565662981,0.10788717993984862,0.10177984008769456,0.0986719290671699,0.1163056215149528,0.11009455947831072,0.1101948618020333
28,0.13977851623274642,0.13906062886559686,0.09589897995638756,0.09784087280059513,0.12040258489278481,0.11208689059094032,0.09311356046577116,0.10736419733155042,0.09445376886362729
29,0.11298590995536717,0.11386234158832471,0.1282177565662981,0.10788717993984862,0.10177984008769456,0.0986719290671699,0.1163056215149528,0.11009455947831072,0.1101948618020333
30,0.11298590995536717,0.11386234158832471,0.1282177565662981,0.10788717993984862,0.10177984008769456,0.0986719290671699,0.1163056215149528,0.11009455947831072,0.1101948618020333
31,0.10853722588631717,0.11038005493684616,0.13607377658653946,0.12408925365498424,0.09888812583048555,0.10220135255166224,0.11098222732358456,0.10722210946516907,0.10162587376441158
32,0.13977851623274642,0.13906062886559686,0.09589897995638756,0.09784087280059513,0.12040258489278481,0.11208689059094032,0.09311356046577116,0.10736419733155042,0.09445376886362729
33,0.1229344550986152,0.09742431130786833,0.1277037192046949,0.11566177546308039,0.11002089087573587,0.08706739730317457,0.10476695603678657,0.10356556804282295,0.1308549266672214
34,0.13977851623274642,0.13906062886559686,0.09589897995638756,0.09784087280059513,0.12040258489278481,0.11208689059094032,0.09311356046577116,0.10736419733155042,0.09445376886362729
35,0.13765039709774102,0.11069313959908006,0.10506520917645613,0.10965966811926788,0.10733906913837936,0.10812808623613906,0.09993023432696087,0.1048366807995963,0.11669751550637959
36,0.10125544764857551,0.13813603813825345,0.12349162835094403,0.12698083622675638,0.09843916771080671,0.10324652419981278,0.10723182405313118,0.10944582632926483,0.0917727073424552
