,Estim(XGBClassifier)_Imputer(IterativeImputer(<class 'sklearn.linear_model._bayes.BayesianRidge'>)),Estim(XGBClassifier)_Imputer(IterativeImputer(<class 'xgboost.sklearn.XGBRegressor'>)),Estim(XGBClassifier)_Imputer(IterativeImputer(<class 'sklearn.ensemble._forest.RandomForestRegressor'>)),Estim(XGBClassifier)_Imputer(KNNImputer),Estim(RandomForestClassifier)_Imputer(IterativeImputer(<class 'sklearn.linear_model._bayes.BayesianRidge'>)),Estim(RandomForestClassifier)_Imputer(IterativeImputer(<class 'xgboost.sklearn.XGBRegressor'>)),Estim(RandomForestClassifier)_Imputer(IterativeImputer(<class 'sklearn.ensemble._forest.RandomForestRegressor'>)),Estim(RandomForestClassifier)_Imputer(KNNImputer),Estim(<class 'new_base.ClassifierWithImputation'>)_Imputer(Identity)
0,0.14291518026066813,0.08265119225139,0.11991199503294923,0.08093730985117713,0.12471348293646378,0.10347979713101198,0.11529383317188864,0.10114439525882585,0.12895281410562492
1,0.12399102334145314,0.09967053136046505,0.1399683001727585,0.09478513561322299,0.11559552139359149,0.09137177643067745,0.11733469338428984,0.11304231306537381,0.10424070523816761
2,0.0877267544135104,0.11159518596506285,0.09097155895285729,0.13120113328932467,0.11222264619774126,0.10907437539050416,0.10374442061265593,0.11803182539937247,0.13543209977897117
3,0.08772675441351035,0.11159518596506281,0.09097155895285725,0.13120113328932462,0.11222264619774121,0.10907437539050412,0.10374442061265587,0.11803182539937247,0.13543209977897108
4,0.0829255558039783,0.11417111251635609,0.0886231014129637,0.11505780110391313,0.10879069283406441,0.12192046379550334,0.10854743663447272,0.11825420579234504,0.14170963010640322
5,0.1526954675912954,0.09724572705611255,0.1050134650278626,0.11699764925205694,0.12555521904139724,0.09620459809770796,0.10661907754924227,0.10251096894387476,0.09715782744045015
6,0.09121916826694645,0.11435676304914032,0.12515585559825682,0.09221803863730528,0.10373303397937549,0.11288099604309287,0.11665608231829377,0.10338749312883108,0.1403925689787581
7,0.11958128466535202,0.10758853188338677,0.10550798552046647,0.08750992631439751,0.1250478593135309,0.11477199202944477,0.11302249468039514,0.11450293124138,0.11246699435164627
8,0.10253541306333785,0.11823504162822679,0.11611881896777233,0.09360692230073325,0.1113286503399092,0.11478344435364468,0.11129196392797466,0.10794997893385742,0.12414976648454354
9,0.11183953606934997,0.11093822299588064,0.10935648295905963,0.1313400914334657,0.10228927540033758,0.09918402829080167,0.10250008826622367,0.10813198477621568,0.1244202898086657
10,0.12494292587796287,0.10847336912412285,0.11753647194542002,0.1320913954106737,0.11562992985383336,0.09409953795935835,0.10850433009225176,0.10012350087033697,0.09859853886604031
11,0.1282597787180457,0.11717379920058424,0.1111140937181992,0.10369923904841731,0.11517615337291041,0.10391142687938075,0.1036564503001689,0.10393488040018371,0.11307417836210991
12,0.12179669304817409,0.09720693019571963,0.11069064795890704,0.10065223317970635,0.1174384844198995,0.1071455134815078,0.10704323082076707,0.11279760132590237,0.125228665569416
13,0.12097146712417946,0.12864565680767948,0.12956665334620404,0.09269399289395741,0.10942506337795842,0.10713867069597112,0.11433091206750158,0.0964334876572207,0.10079409602932786
14,0.08779173382661949,0.09882373310764754,0.12175500417203132,0.12179094997596153,0.1078183265919927,0.11363880118937963,0.11487775455950178,0.1117846890405468,0.12171900753631948
15,0.09121916826694645,0.11435676304914032,0.12515585559825682,0.09221803863730528,0.10373303397937549,0.11288099604309287,0.11665608231829377,0.10338749312883108,0.1403925689787581
16,0.08779173382661949,0.09882373310764754,0.12175500417203132,0.12179094997596153,0.1078183265919927,0.11363880118937963,0.11487775455950178,0.1117846890405468,0.12171900753631948
17,0.07738676299146902,0.12937456752299073,0.0886522046820485,0.11826709930780231,0.10452412121013227,0.12011337838484816,0.10299940230432246,0.11924417309643744,0.1394382904999491
18,0.11183953606934997,0.11093822299588064,0.10935648295905963,0.1313400914334657,0.10228927540033758,0.09918402829080167,0.10250008826622367,0.10813198477621568,0.1244202898086657
19,0.08772675441351035,0.11159518596506281,0.09097155895285725,0.13120113328932462,0.11222264619774121,0.10907437539050412,0.10374442061265587,0.11803182539937247,0.13543209977897108
20,0.11304457887026881,0.10602599094731661,0.10599444022420976,0.10648943464887542,0.11811676895178964,0.11470632825935537,0.11200932907982528,0.11500114301093141,0.10861198600742782
21,0.0877267544135104,0.11159518596506285,0.09097155895285729,0.13120113328932467,0.11222264619774126,0.10907437539050416,0.10374442061265593,0.11803182539937247,0.13543209977897117
22,0.11183953606934997,0.11093822299588064,0.10935648295905963,0.1313400914334657,0.10228927540033758,0.09918402829080167,0.10250008826622367,0.10813198477621568,0.1244202898086657
23,0.12796752930134084,0.09562485454676298,0.11426863089413106,0.13131699564382882,0.12469160267484682,0.09507071705077004,0.11725351385726814,0.10386292628716635,0.08994322974388516
24,0.11304457887026881,0.10602599094731661,0.10599444022420976,0.10648943464887542,0.11811676895178964,0.11470632825935537,0.11200932907982528,0.11500114301093141,0.10861198600742782
25,0.12399102334145314,0.09967053136046505,0.1399683001727585,0.09478513561322299,0.11559552139359149,0.09137177643067745,0.11733469338428984,0.11304231306537381,0.10424070523816761
26,0.12434004391725433,0.1241529298835434,0.12601212829004424,0.09064581572278473,0.11210723679131204,0.10722864153332802,0.1135977765269102,0.09755742181260617,0.1043580055222171
27,0.1088698252654689,0.11461166071155807,0.10786490340478787,0.10790932955536392,0.10270321231764806,0.10045395773524173,0.10756602041093531,0.10710677126971582,0.14291431932928045
28,0.11304457887026881,0.10602599094731661,0.10599444022420976,0.10648943464887542,0.11811676895178964,0.11470632825935537,0.11200932907982528,0.11500114301093141,0.10861198600742782
29,0.09590827395866867,0.11185991178187886,0.12931146786622447,0.1131616442128305,0.10541813636499586,0.10995794700816858,0.11449035642199804,0.10385944281411721,0.11603281957111765
30,0.09590827395866867,0.11185991178187886,0.12931146786622447,0.1131616442128305,0.10541813636499586,0.10995794700816858,0.11449035642199804,0.10385944281411721,0.11603281957111765
31,0.07738676299146902,0.12937456752299073,0.0886522046820485,0.11826709930780231,0.10452412121013227,0.12011337838484816,0.10299940230432246,0.11924417309643744,0.1394382904999491
32,0.09015355463644639,0.13893233560298435,0.07648723960923572,0.12777214103969345,0.0985681330671276,0.13362139309421886,0.09327191953918376,0.10787739492783666,0.1333158884832732
33,0.11304457887026881,0.10602599094731661,0.10599444022420976,0.10648943464887542,0.11811676895178964,0.11470632825935537,0.11200932907982528,0.11500114301093141,0.10861198600742782
34,0.10826498875865291,0.09521950522121908,0.15210598419553492,0.09063611825913952,0.10170870417992166,0.10853240985890873,0.1217951190679981,0.09583948204806281,0.12589768841056223
35,0.0877267544135104,0.11159518596506285,0.09097155895285729,0.13120113328932467,0.11222264619774126,0.10907437539050416,0.10374442061265593,0.11803182539937247,0.13543209977897117
36,0.09590827395866867,0.11185991178187886,0.12931146786622447,0.1131616442128305,0.10541813636499586,0.10995794700816858,0.11449035642199804,0.10385944281411721,0.11603281957111765
37,0.12796752930134084,0.09562485454676298,0.11426863089413106,0.13131699564382882,0.12469160267484682,0.09507071705077,0.11725351385726814,0.10386292628716635,0.08994322974388516
38,0.11304457887026881,0.10602599094731661,0.10599444022420976,0.10648943464887542,0.11811676895178964,0.11470632825935537,0.11200932907982528,0.11500114301093141,0.10861198600742782
39,0.09121916826694645,0.11435676304914032,0.12515585559825682,0.09221803863730528,0.10373303397937549,0.11288099604309287,0.11665608231829377,0.10338749312883108,0.1403925689787581
40,0.09590827395866867,0.11185991178187886,0.12931146786622447,0.1131616442128305,0.10541813636499586,0.10995794700816858,0.11449035642199804,0.10385944281411721,0.11603281957111765
41,0.09750250888045683,0.12176213933303956,0.09694757288285535,0.10493055416205556,0.11781263127451173,0.11501876653996194,0.10920360316461773,0.10689187772684754,0.12993034603565393
42,0.09590827395866867,0.11185991178187886,0.12931146786622447,0.1131616442128305,0.10541813636499586,0.10995794700816858,0.11449035642199804,0.10385944281411721,0.11603281957111765
43,0.12102514010609312,0.12324184730697657,0.11111113928778232,0.11257722315745801,0.10413352272384034,0.10158999401460404,0.10178721319988661,0.09966196679421811,0.1248719534091409
44,0.12179669304817409,0.09720693019571963,0.11069064795890704,0.10065223317970635,0.1174384844198995,0.1071455134815078,0.10704323082076707,0.11279760132590237,0.125228665569416
45,0.09590827395866867,0.11185991178187886,0.12931146786622447,0.1131616442128305,0.10541813636499586,0.10995794700816858,0.11449035642199804,0.10385944281411721,0.11603281957111765
46,0.12399102334145314,0.09967053136046505,0.1399683001727585,0.09478513561322299,0.11559552139359149,0.09137177643067745,0.11733469338428984,0.11304231306537381,0.10424070523816761
47,0.10826498875865291,0.09521950522121908,0.15210598419553492,0.09063611825913952,0.10170870417992166,0.10853240985890873,0.1217951190679981,0.09583948204806281,0.12589768841056223
48,0.11958128466535202,0.10758853188338677,0.10550798552046647,0.08750992631439751,0.1250478593135309,0.11477199202944477,0.11302249468039514,0.11450293124138,0.11246699435164627
49,0.11553851305015723,0.10912028043433603,0.10801798273180069,0.0995378801911906,0.11375235407224245,0.10289251470697651,0.10969392227285593,0.11185442011732641,0.12959213242311446
50,0.12097146712417946,0.12864565680767948,0.12956665334620404,0.09269399289395741,0.10942506337795842,0.10713867069597112,0.11433091206750158,0.0964334876572207,0.10079409602932786
51,0.12859448433742118,0.0984519311894725,0.10997311970344963,0.08255579841280747,0.12409335060734929,0.10700298713942227,0.10780608426073963,0.11209537189471255,0.12942687245462534
52,0.0877267544135104,0.11159518596506285,0.09097155895285729,0.13120113328932467,0.11222264619774126,0.10907437539050416,0.10374442061265593,0.11803182539937247,0.13543209977897117
53,0.10826498875865291,0.09521950522121908,0.15210598419553492,0.09063611825913952,0.10170870417992166,0.10853240985890873,0.1217951190679981,0.09583948204806281,0.12589768841056223
54,0.09121916826694645,0.11435676304914032,0.12515585559825682,0.09221803863730528,0.10373303397937549,0.11288099604309287,0.11665608231829377,0.10338749312883108,0.1403925689787581
55,0.11304457887026881,0.10602599094731661,0.10599444022420976,0.10648943464887542,0.11811676895178964,0.11470632825935537,0.11200932907982528,0.11500114301093141,0.10861198600742782
56,0.09015355463644639,0.13893233560298435,0.07648723960923572,0.12777214103969345,0.0985681330671276,0.13362139309421886,0.09327191953918376,0.10787739492783666,0.1333158884832732
57,0.07738676299146902,0.12937456752299073,0.0886522046820485,0.11826709930780231,0.10452412121013227,0.12011337838484816,0.10299940230432246,0.11924417309643744,0.1394382904999491
58,0.11449344933764054,0.12344682530925197,0.12590631666801075,0.1109498980686611,0.10499683649759375,0.10503571564911482,0.10814378336799783,0.10630728381868648,0.1007198912830429
59,0.11304457887026881,0.10602599094731661,0.10599444022420976,0.10648943464887542,0.11811676895178964,0.11470632825935537,0.11200932907982528,0.11500114301093141,0.10861198600742782
0,0.12047760059143803,0.1374515871738863,0.12410553703397958,0.10362660736460111,0.09918300069112568,0.10006852279484606,0.1012499823607022,0.08627402668686353,0.12756313530255714
1,0.12301493212086619,0.1302122532934127,0.09290404049544804,0.10669171104865537,0.1097890579629685,0.10677125258601285,0.1026373659275772,0.10831948525695298,0.11965990130810608
2,0.1273884305084259,0.0863727252420839,0.11206949081878595,0.1089051362295691,0.11788502435970254,0.10808317698970263,0.11465292874577043,0.10911638115124385,0.11552670595471601
3,0.09297484906728654,0.09433307117047843,0.13039432736369347,0.11813928235385042,0.10419143468947531,0.10297206550049653,0.12383771806505639,0.11995780404323904,0.11319944774642399
4,0.12111697886774535,0.1262431438517943,0.103219243800127,0.10253657469553153,0.11088145120688019,0.11178527480815237,0.10941765930869482,0.11157992004033189,0.10321975342074195
5,0.10694458042323104,0.10452214297745163,0.11571296374530872,0.13107178424196267,0.10554708416275271,0.10473967979175453,0.10630129835649327,0.11182452648916653,0.11333593981187882
6,0.12144191663184893,0.1327232535276824,0.11350695677604923,0.1056290797530398,0.10452307685938925,0.10684138012842884,0.10361640348355594,0.10292087934080316,0.1087970534992026
7,0.1635133802662361,0.10718296957762925,0.08420499072889287,0.10547685148883428,0.11938967603322297,0.1006195584665089,0.09461395279532608,0.10835862613351792,0.11663999450983162
8,0.12047760059143803,0.1374515871738863,0.12410553703397958,0.10362660736460111,0.09918300069112568,0.10006852279484606,0.1012499823607022,0.08627402668686353,0.12756313530255714
9,0.11457447848194884,0.08515826317782864,0.12206649114686545,0.12165690811076425,0.10807075541194969,0.10085972242315677,0.10759380272002349,0.10754282226527187,0.13247675626219124
10,0.13699011191924956,0.11541644624061755,0.09011016489606649,0.13381944331950402,0.10803206947821067,0.10035800179851517,0.10139822314926356,0.10213384772048595,0.11174169147808696
11,0.10957132435156458,0.10107277305024163,0.1231177537921193,0.10864920769955475,0.10695238607573089,0.0948855565345085,0.11331436472539187,0.10851927727068787,0.13391735650020056
12,0.10704876990698417,0.1011939482337072,0.13615474980954878,0.11639835926007151,0.10127477349360792,0.10058460832337114,0.10870439897122904,0.10146587382338265,0.12717451817809738
13,0.1196991868754845,0.13535794059356354,0.11490741594234673,0.10015198124490131,0.10283738303933222,0.11026054907273629,0.10462082741737064,0.10109148116039282,0.11107323465387196
14,0.10704876990698417,0.1011939482337072,0.13615474980954878,0.11639835926007151,0.10127477349360792,0.10058460832337114,0.10870439897122904,0.10146587382338265,0.12717451817809738
15,0.10704876990698417,0.1011939482337072,0.13615474980954878,0.11639835926007151,0.10127477349360792,0.10058460832337114,0.10870439897122909,0.10146587382338265,0.12717451817809738
16,0.10934176534007464,0.09344544741388584,0.08359240356993938,0.15397027499054733,0.109919345341054,0.09585186655731197,0.08706118957821159,0.11818466613527426,0.14863304107370076
17,0.12448054897276371,0.11394598846803117,0.14730691906845644,0.08054429080601264,0.10883612064846958,0.108141379472174,0.1074321934092415,0.09374890788126138,0.1155636512735893
18,0.11768269451636007,0.10807480057094399,0.11692946409019199,0.09849999103552186,0.11030817095601599,0.11323744271850406,0.11413156640262175,0.10426950183263037,0.11686636787720983
19,0.12448054897276371,0.11394598846803117,0.14730691906845644,0.08054429080601264,0.10883612064846958,0.108141379472174,0.1074321934092415,0.09374890788126138,0.1155636512735893
20,0.13864738339752564,0.1276616228451813,0.09210419201409481,0.11421211108649847,0.10353296632239392,0.10015648295503839,0.08997542795211251,0.10459731144570454,0.12911250198145033
21,0.12517189611383414,0.1317534316911866,0.09743259022571567,0.12396997695492319,0.10154501511340161,0.10057060740226302,0.09720108168455086,0.09854763613017821,0.12380776468394697
22,0.09938798227524823,0.09594025226057183,0.1398703773392924,0.12560678134303355,0.09806636343816692,0.098772053781298,0.11274279496101099,0.10741668698297689,0.12219670761840129
23,0.1196991868754845,0.13535794059356354,0.11490741594234673,0.10015198124490131,0.10283738303933222,0.11026054907273629,0.10462082741737064,0.10109148116039282,0.11107323465387196
24,0.09938798227524823,0.09594025226057183,0.1398703773392924,0.12560678134303355,0.09806636343816692,0.098772053781298,0.11274279496101099,0.10741668698297689,0.12219670761840129
25,0.11876869702845692,0.07585331044630157,0.12267615367779706,0.13644351799035367,0.10710390836229802,0.09523263678550284,0.10989650191512317,0.11150881798706017,0.1225164558071068
26,0.1635133802662361,0.10718296957762925,0.08420499072889287,0.10547685148883428,0.11938967603322297,0.1006195584665089,0.09461395279532608,0.10835862613351792,0.11663999450983162
27,0.13864738339752564,0.1276616228451813,0.09210419201409481,0.11421211108649847,0.10353296632239392,0.10015648295503839,0.08997542795211251,0.10459731144570454,0.12911250198145033
28,0.1302617350665582,0.10338413397074912,0.11775158851825303,0.12646024457607533,0.09878486441573865,0.09779612555143437,0.11348459284738072,0.10258628481028992,0.10949043024352074
29,0.11876869702845692,0.07585331044630157,0.12267615367779706,0.13644351799035367,0.10710390836229802,0.09523263678550284,0.10989650191512317,0.11150881798706017,0.1225164558071068
30,0.1268533577763788,0.1223804433392374,0.08780501275957174,0.12591280197240368,0.11095319363698247,0.10180559876544823,0.0995675912252033,0.11039708402203448,0.11432491650274013
31,0.1273884305084259,0.0863727252420839,0.11206949081878595,0.1089051362295691,0.11788502435970254,0.10808317698970263,0.11465292874577043,0.10911638115124385,0.11552670595471601
32,0.10704876990698417,0.1011939482337072,0.13615474980954878,0.11639835926007151,0.10127477349360792,0.10058460832337114,0.10870439897122904,0.10146587382338265,0.12717451817809738
33,0.12047760059143803,0.1374515871738863,0.12410553703397958,0.10362660736460111,0.09918300069112568,0.10006852279484606,0.1012499823607022,0.08627402668686353,0.12756313530255714
34,0.12047760059143803,0.1374515871738863,0.12410553703397958,0.10362660736460111,0.09918300069112568,0.10006852279484606,0.1012499823607022,0.08627402668686353,0.12756313530255714
35,0.10704876990698417,0.1011939482337072,0.13615474980954878,0.11639835926007151,0.10127477349360792,0.10058460832337114,0.10870439897122904,0.10146587382338265,0.12717451817809738
36,0.11921648184838085,0.08645764022857277,0.11998273015559235,0.11451018209489727,0.11246024168271744,0.1048953823990782,0.11812448153586605,0.11182263256333339,0.11253022749156136
37,0.12047760059143803,0.1374515871738863,0.12410553703397958,0.10362660736460111,0.09918300069112568,0.10006852279484606,0.1012499823607022,0.08627402668686353,0.12756313530255714
38,0.12399780391442111,0.10665724469888871,0.12466504471452518,0.11757942022303795,0.10922442762416146,0.11041100476887009,0.11042851748902427,0.1027541736758427,0.0942823628912282
39,0.1302617350665582,0.10338413397074912,0.11775158851825303,0.12646024457607533,0.09878486441573865,0.09779612555143437,0.11348459284738072,0.10258628481028992,0.10949043024352074
40,0.11408325544926526,0.09675193096773231,0.10995702238052105,0.1358516590236191,0.10058803448575278,0.09985461596246602,0.10145792772931163,0.11491859691764696,0.12653695708368462
41,0.12399780391442111,0.10665724469888871,0.12466504471452518,0.11757942022303795,0.10922442762416146,0.11041100476887009,0.11042851748902427,0.1027541736758427,0.0942823628912282
42,0.1635133802662361,0.10718296957762925,0.08420499072889287,0.10547685148883428,0.11938967603322297,0.1006195584665089,0.09461395279532608,0.10835862613351792,0.11663999450983162
43,0.12047760059143803,0.1374515871738863,0.12410553703397958,0.10362660736460111,0.09918300069112568,0.10006852279484606,0.1012499823607022,0.08627402668686353,0.12756313530255714
44,0.11921648184838085,0.08645764022857277,0.11998273015559235,0.11451018209489727,0.11246024168271744,0.1048953823990782,0.11812448153586605,0.11182263256333339,0.11253022749156136
45,0.1635133802662361,0.10718296957762925,0.08420499072889287,0.10547685148883428,0.11938967603322297,0.1006195584665089,0.09461395279532608,0.10835862613351792,0.11663999450983162
46,0.12047760059143803,0.1374515871738863,0.12410553703397958,0.10362660736460111,0.09918300069112568,0.10006852279484606,0.1012499823607022,0.08627402668686353,0.12756313530255714
47,0.1302617350665582,0.10338413397074912,0.11775158851825303,0.12646024457607533,0.09878486441573865,0.09779612555143437,0.11348459284738072,0.10258628481028992,0.10949043024352074
48,0.11371195161353964,0.10085549116703621,0.10772949637113309,0.09779258556291658,0.1176994393476096,0.12108567431701817,0.11762723058416316,0.11281460774759766,0.11068352328898583
49,0.1302617350665582,0.10338413397074912,0.11775158851825303,0.12646024457607533,0.09878486441573865,0.09779612555143437,0.11348459284738072,0.10258628481028992,0.10949043024352074
50,0.12047760059143803,0.1374515871738863,0.12410553703397958,0.10362660736460111,0.09918300069112568,0.10006852279484606,0.1012499823607022,0.08627402668686353,0.12756313530255714
51,0.13293030562418395,0.114635459459695,0.0835296734187966,0.11746664078666957,0.10874146545896823,0.09924325836820418,0.087356821722908,0.105623435871109,0.1504729392894654
52,0.1635133802662361,0.10718296957762925,0.08420499072889287,0.10547685148883428,0.11938967603322297,0.1006195584665089,0.09461395279532608,0.10835862613351792,0.11663999450983162
53,0.11695280500996494,0.119436056615032,0.12178964257232221,0.13069510471854856,0.09743697109421613,0.10221125898552927,0.10230104962209788,0.10457868013839439,0.1045984312438948
54,0.1298928240934698,0.10367581995046235,0.11722329786890753,0.12731205185941136,0.09735689224083735,0.09782167969977579,0.11572012087494642,0.10094829891653113,0.11004901449565802
55,0.11781458159537767,0.09701722238715886,0.10198307535768644,0.1296138375231637,0.10555652060977574,0.10676722173959464,0.10226236042686929,0.12082583894146683,0.1181593414189066
56,0.0903833293007273,0.09176884515530193,0.14136232192924758,0.13115867012493013,0.09709180395822814,0.09610086968587686,0.11694891919586838,0.11086441625640267,0.12432082439341713
57,0.12301493212086619,0.1302122532934127,0.09290404049544804,0.10669171104865537,0.1097890579629685,0.10677125258601285,0.1026373659275772,0.10831948525695298,0.11965990130810608
58,0.12047760059143803,0.1374515871738863,0.12410553703397958,0.10362660736460111,0.09918300069112568,0.10006852279484606,0.1012499823607022,0.08627402668686353,0.12756313530255714
59,0.14759798550911396,0.10479890791770467,0.1082270721798359,0.1046956875839152,0.11057491503399179,0.09824835551848148,0.10346202030059024,0.10183591459101349,0.12055914136535324
0,0.1147437387358393,0.10404708128578288,0.13505398691063017,0.08646021852804377,0.11223722612866932,0.09750757942846341,0.1189743888781742,0.09295887979657759,0.1380169003078193
1,0.11247947817473922,0.11916612252957112,0.11899258281801464,0.09964785487680233,0.11123627698497314,0.11444850670760409,0.11213704798471584,0.10264300515227186,0.10924912477130806
2,0.11961407524011805,0.12329637324385402,0.12757153978981,0.10785098629592198,0.102098455832445,0.10431174568941937,0.1042051109959341,0.09701710128483841,0.11403461162765888
3,0.11023426598308096,0.10821224496045229,0.10908940335284945,0.13887244124612155,0.10663435653438107,0.09594565865565845,0.10137495059151905,0.10387681179147788,0.12575986688445964
4,0.1129798090691856,0.10459235105455288,0.13968835190472134,0.10332963509902396,0.10435212357802949,0.10623646096594366,0.11386760961839652,0.10362481859977057,0.111328840110376
5,0.11356626589076745,0.11391354512834549,0.11357642951521306,0.1138382116426908,0.10908419542041525,0.10995756667107584,0.10497186836228602,0.11011530070083786,0.11097661666836812
6,0.1289317094380732,0.09230286557811532,0.11887432526997369,0.1172503920754626,0.10677798207864288,0.10376016551308896,0.10619956470139542,0.11028718964724926,0.11561580569799881
7,0.12706714948453976,0.10209724835665619,0.12951210359044235,0.086778948779435,0.11535729136489586,0.1081385267059554,0.11544454951791991,0.10301764652497028,0.1125865356751856
8,0.1147437387358393,0.10404708128578288,0.13505398691063017,0.08646021852804377,0.11223722612866932,0.09750757942846341,0.1189743888781742,0.09295887979657759,0.1380169003078193
9,0.11194226673203418,0.09483787710987612,0.16439466036629855,0.09090225933558123,0.11153095214543443,0.08766516635982362,0.13125286340709721,0.09320830743968449,0.11426564710416999
10,0.11557746235735282,0.11747463435674267,0.12141326917251734,0.10269287910406963,0.10881282101255198,0.10874833091875295,0.11021124885568388,0.10322622809010681,0.1118431261322221
11,0.1147437387358393,0.10404708128578288,0.13505398691063017,0.08646021852804377,0.11223722612866932,0.09750757942846341,0.1189743888781742,0.09295887979657759,0.1380169003078193
12,0.1147437387358393,0.10404708128578288,0.13505398691063017,0.08646021852804377,0.11223722612866932,0.09750757942846341,0.1189743888781742,0.09295887979657759,0.1380169003078193
13,0.11247947817473922,0.11916612252957112,0.11899258281801464,0.09964785487680233,0.11123627698497314,0.11444850670760409,0.11213704798471584,0.10264300515227186,0.10924912477130806
14,0.08831316911942287,0.09234364166106783,0.11197436709252791,0.14553565816559358,0.10853261033582164,0.09601741468848704,0.11033713505979661,0.12136963294408583,0.12557637093319673
15,0.08226609898137688,0.07947800480129838,0.12921746709713203,0.1277010199364117,0.1069509785239617,0.09877384208866766,0.13218182348542365,0.1210647662543966,0.12236599883133142
16,0.1199696029139703,0.11125992401051701,0.12410008925993135,0.10629909186048198,0.10761564491001156,0.11057080259331085,0.11277810709904938,0.10233748052993424,0.10506925682279329
17,0.08226609898137688,0.07947800480129838,0.12921746709713203,0.1277010199364117,0.1069509785239617,0.09877384208866766,0.13218182348542365,0.1210647662543966,0.12236599883133142
18,0.08831316911942287,0.09234364166106783,0.11197436709252791,0.14553565816559358,0.10853261033582164,0.09601741468848704,0.11033713505979661,0.12136963294408583,0.12557637093319673
19,0.12706714948453976,0.10209724835665619,0.12951210359044235,0.086778948779435,0.11535729136489586,0.1081385267059554,0.11544454951791991,0.10301764652497028,0.1125865356751856
20,0.08102709853349242,0.11815515153185277,0.14119620173196312,0.1039043945131425,0.1015304254483275,0.11106268084872317,0.114608307300555,0.10741179373198086,0.12110394635996241
21,0.08609941203507339,0.13968972619168546,0.13102461321359368,0.1012654407253762,0.09869752165234554,0.11349312217265321,0.10972466974365537,0.10315058211159564,0.1168549121540215
22,0.11247947817473922,0.11916612252957112,0.11899258281801464,0.09964785487680233,0.11123627698497314,0.11444850670760409,0.11213704798471584,0.10264300515227186,0.10924912477130806
23,0.08831316911942287,0.09234364166106783,0.11197436709252791,0.14553565816559358,0.10853261033582164,0.09601741468848704,0.11033713505979661,0.12136963294408583,0.12557637093319673
24,0.08102709853349242,0.11815515153185277,0.14119620173196312,0.1039043945131425,0.1015304254483275,0.11106268084872317,0.114608307300555,0.10741179373198086,0.12110394635996241
25,0.08764461718111659,0.08973910881105461,0.09934026744760163,0.1556429862560699,0.11183645009441848,0.0952380614282,0.1131592288338339,0.12578083337097215,0.1216184465767327
26,0.1289317094380732,0.09230286557811532,0.11887432526997369,0.1172503920754626,0.10677798207864288,0.10376016551308896,0.10619956470139542,0.11028718964724926,0.11561580569799881
27,0.1218399782000583,0.09154911540245661,0.11342930803712152,0.10480652107298914,0.11414732577176777,0.10735227725308441,0.11851641339002078,0.12184371382425452,0.10651534704824667
28,0.1147437387358393,0.10404708128578288,0.13505398691063017,0.08646021852804377,0.11223722612866932,0.09750757942846341,0.1189743888781742,0.09295887979657759,0.1380169003078193
29,0.11356626589076745,0.11391354512834549,0.11357642951521306,0.1138382116426908,0.10908419542041525,0.10995756667107584,0.10497186836228602,0.11011530070083786,0.11097661666836812
30,0.11194226673203418,0.09483787710987612,0.16439466036629855,0.09090225933558123,0.11153095214543443,0.08766516635982362,0.13125286340709721,0.09320830743968449,0.11426564710416999
31,0.1147437387358393,0.10404708128578288,0.13505398691063017,0.08646021852804377,0.11223722612866932,0.09750757942846341,0.1189743888781742,0.09295887979657759,0.1380169003078193
32,0.10588402714095485,0.13707745467723467,0.10526108787669829,0.08866439761809926,0.11047037926535576,0.12045447893036088,0.10808282493150015,0.10529635089221119,0.11880899866758513
33,0.08226609898137688,0.07947800480129838,0.12921746709713203,0.1277010199364117,0.1069509785239617,0.09877384208866766,0.13218182348542365,0.1210647662543966,0.12236599883133142
34,0.1147437387358393,0.10404708128578288,0.13505398691063017,0.08646021852804377,0.11223722612866932,0.09750757942846341,0.1189743888781742,0.09295887979657759,0.1380169003078193
35,0.1147437387358393,0.10404708128578288,0.13505398691063017,0.08646021852804377,0.11223722612866932,0.09750757942846341,0.1189743888781742,0.09295887979657759,0.1380169003078193
36,0.09729167824898165,0.10141086056874545,0.10428664279060851,0.13245398498895242,0.11231929566831535,0.10170195557005231,0.10853659844359666,0.12149607572895316,0.12050290799179479
37,0.11356626589076745,0.11391354512834549,0.11357642951521306,0.1138382116426908,0.10908419542041525,0.10995756667107584,0.10497186836228602,0.11011530070083786,0.11097661666836812
38,0.12438460076421254,0.09862857320590908,0.12679239793653713,0.10085615942680129,0.10743286022560414,0.10669945733613355,0.11718399050304135,0.10976006941471199,0.10826189118704918
39,0.13330200130442255,0.11588603167047004,0.11354863969648464,0.12591029683045685,0.10720616013415457,0.09616437740923728,0.10179120795279095,0.10169271502076076,0.1044985699812226
40,0.1147437387358393,0.10404708128578288,0.13505398691063017,0.08646021852804377,0.11223722612866932,0.09750757942846341,0.1189743888781742,0.09295887979657759,0.1380169003078193
41,0.08764461718111659,0.08973910881105461,0.09934026744760163,0.1556429862560699,0.11183645009441848,0.0952380614282,0.1131592288338339,0.12578083337097215,0.1216184465767327
42,0.1147437387358393,0.10404708128578288,0.13505398691063017,0.08646021852804377,0.11223722612866932,0.09750757942846341,0.1189743888781742,0.09295887979657759,0.1380169003078193
43,0.10639188212824996,0.10168666591626273,0.13778762343848436,0.10393242023596752,0.10097182309087109,0.11466890056105059,0.1287335949438182,0.1035717539419634,0.1022553357433321
44,0.11376207198300917,0.11523474921775326,0.10631608297510114,0.12713668590571167,0.10597012959212225,0.11096829287447474,0.1106101024285254,0.10799973447910899,0.10200215054419337
45,0.08019878046083563,0.0866252823854292,0.12199184590739566,0.1422922530966142,0.11261318620897708,0.09871405167947668,0.11930637224478917,0.12123671898666251,0.11702150902981998
46,0.11247947817473922,0.11916612252957112,0.11899258281801464,0.09964785487680233,0.11123627698497314,0.11444850670760409,0.11213704798471584,0.10264300515227186,0.10924912477130806
47,0.1210380831665199,0.11183739431146798,0.1109299709878614,0.09195105130338953,0.10887969949184079,0.11444838817625809,0.11010009374456772,0.10618713754238153,0.12462818127571282
48,0.11194226673203418,0.09483787710987612,0.16439466036629855,0.09090225933558123,0.11153095214543443,0.08766516635982362,0.13125286340709721,0.09320830743968445,0.11426564710416999
49,0.13267081850304405,0.07908514920918087,0.14559740964449305,0.11289922889936319,0.11227150155480753,0.08110581696356539,0.11777499542943398,0.10356951668671754,0.11502556310939457
50,0.1218399782000583,0.09154911540245661,0.11342930803712152,0.10480652107298914,0.11414732577176777,0.10735227725308441,0.11851641339002078,0.12184371382425452,0.10651534704824667
51,0.1318892462125218,0.13173197280857077,0.11128110128459745,0.1057911449106675,0.10817444084278632,0.10797288602074255,0.09229080414897592,0.10265072584774466,0.10821767792339301
52,0.1289317094380732,0.09230286557811532,0.11887432526997369,0.1172503920754626,0.10677798207864288,0.10376016551308896,0.10619956470139542,0.11028718964724926,0.11561580569799881
53,0.11356626589076745,0.11391354512834549,0.11357642951521306,0.1138382116426908,0.10908419542041525,0.10995756667107584,0.10497186836228602,0.11011530070083786,0.11097661666836812
54,0.10214691743345064,0.11003095180659503,0.10845057361789288,0.13619330355271814,0.10565334107458435,0.10310467576200426,0.10849725683300276,0.1103019358864534,0.11562104403329852
55,0.11356626589076745,0.11391354512834549,0.11357642951521306,0.1138382116426908,0.10908419542041525,0.10995756667107584,0.10497186836228602,0.11011530070083786,0.11097661666836812
56,0.08831316911942287,0.09234364166106783,0.11197436709252791,0.14553565816559358,0.10853261033582164,0.09601741468848704,0.11033713505979661,0.12136963294408583,0.12557637093319673
57,0.08226609898137688,0.07947800480129838,0.12921746709713203,0.1277010199364117,0.1069509785239617,0.09877384208866766,0.13218182348542365,0.1210647662543966,0.12236599883133142
58,0.11356626589076745,0.11391354512834549,0.11357642951521306,0.1138382116426908,0.10908419542041525,0.10995756667107584,0.10497186836228602,0.11011530070083786,0.11097661666836812
0,0.10507510134257765,0.09113689806038076,0.13911236038303254,0.11992976201915878,0.10819222070901757,0.0978650118808676,0.12044964277483255,0.10455356554265224,0.11368543728748039
1,0.11557337869741198,0.1254229671524345,0.12016795776259431,0.11454554646373069,0.1038454290436372,0.10969775014644,0.1113929656182994,0.10482034969190261,0.09453365542354916
2,0.13078477388490725,0.1051266254061493,0.12702883629057274,0.10137150683298292,0.10256473162392794,0.1051706529012898,0.11461125745762592,0.09535676479499837,0.11798485080754607
3,0.11191638445222986,0.08359817072477123,0.12177852820058388,0.1304332945390573,0.10881393524739387,0.09165151871163611,0.11512916294547951,0.11874062807877347,0.1179383771000747
4,0.11582864259647127,0.12085844748090559,0.12931065562774582,0.10881461515968416,0.09239768765208911,0.10767401932060736,0.10897744414878681,0.09717122932066892,0.11896725869304076
5,0.09984322717569757,0.12176298156823713,0.11033113174028387,0.11783528149101692,0.10325053215754575,0.11758234211936247,0.11082783788784015,0.11002494302932331,0.1085417228306927
6,0.08825138979962535,0.0775071961884444,0.1556700714535554,0.11532821367183196,0.10854745431065382,0.0946568559569714,0.12314394436071145,0.11070796056543952,0.12618691369276658
7,0.1213676182693087,0.10592346765445101,0.10798268952950839,0.11502484590693093,0.11301661555713359,0.10848174140975116,0.11151186354887545,0.10739171128244004,0.10929944684160071
8,0.10798931694140365,0.08390395346055161,0.14239933017955805,0.13445087335709316,0.09974081247444777,0.08593125570231792,0.11816458018314133,0.11266089728316672,0.11475898041831979
9,0.0986848843525277,0.13849993184967174,0.11756654807801221,0.10802787868762088,0.09741133472115948,0.11134579075099084,0.11331077067094025,0.10218624207381936,0.11296661881525714
10,0.1213676182693087,0.10592346765445101,0.10798268952950839,0.11502484590693093,0.11301661555713359,0.10848174140975116,0.11151186354887545,0.10739171128244004,0.10929944684160071
11,0.10125809268338198,0.10026186761433423,0.14918758169226085,0.11701691334762843,0.09702808633834589,0.09639071651949711,0.12448211893251962,0.10676188379675436,0.10761273907527726
12,0.13484825032615694,0.11115735985894974,0.10127460438089321,0.106976405612768,0.11304513250130795,0.11078504597949647,0.10018140326083554,0.10427502856642484,0.11745676951316747
13,0.10571893981549071,0.10516146080701878,0.12685912744732822,0.1396846017599861,0.10348104339793823,0.09951778563568124,0.11404870173497174,0.11041355451803872,0.09511478488354623
14,0.10730658172242132,0.12329359325227625,0.11223018655340392,0.11282811334209651,0.10508489292789722,0.11881029266341595,0.10863565118105577,0.10262640943001498,0.10918427892741805
15,0.10730658172242132,0.12329359325227625,0.11223018655340392,0.11282811334209651,0.10508489292789722,0.11881029266341595,0.10863565118105577,0.10262640943001498,0.10918427892741805
16,0.09979971928836177,0.12745061548849448,0.13410309444665594,0.11761929547097823,0.0941956811714783,0.10243337657702938,0.10815084085849187,0.10346552180344644,0.11278185489506365
17,0.10125809268338198,0.10026186761433423,0.14918758169226085,0.11701691334762843,0.09702808633834589,0.09639071651949711,0.12448211893251962,0.10676188379675436,0.10761273907527726
18,0.10730658172242132,0.12329359325227625,0.11223018655340392,0.11282811334209651,0.10508489292789722,0.11881029266341595,0.10863565118105577,0.10262640943001498,0.10918427892741805
19,0.08835207490867344,0.07707938628949086,0.15261476496196877,0.1099794879657436,0.11490742067348836,0.09552713422436136,0.13019283276151575,0.11237869509504915,0.11896820311970863
20,0.11647799015541874,0.09707932320133841,0.14122216148298708,0.11682593127803038,0.10074432140159036,0.09207042285149694,0.11618335331682177,0.1059617418242743,0.11343475448804208
21,0.0963915230009579,0.08361672510780725,0.1475927394735255,0.11497019198648294,0.11103110902872947,0.09610657624189911,0.12540941679379686,0.10907954587956663,0.1158021724872345
22,0.10730658172242132,0.12329359325227625,0.11223018655340392,0.11282811334209651,0.10508489292789722,0.11881029266341595,0.10863565118105577,0.10262640943001498,0.10918427892741805
23,0.11737544061345212,0.09942129915136252,0.1304724337135535,0.10691481618259197,0.10877526216131383,0.10868602083619659,0.11546161039544833,0.10242812749772837,0.11046498944835267
24,0.11444255010573735,0.10515597163652571,0.1511382086166038,0.10482645464252742,0.09732433207621695,0.0982555180775938,0.12886150067387983,0.0927042134328616,0.1072912507380534
25,0.11444255010573735,0.10515597163652571,0.1511382086166038,0.10482645464252742,0.09732433207621695,0.0982555180775938,0.12886150067387983,0.0927042134328616,0.1072912507380534
26,0.1213676182693087,0.10592346765445101,0.10798268952950839,0.11502484590693093,0.11301661555713359,0.10848174140975116,0.11151186354887545,0.10739171128244004,0.10929944684160071
27,0.08825138979962535,0.0775071961884444,0.1556700714535554,0.11532821367183196,0.10854745431065382,0.0946568559569714,0.12314394436071145,0.11070796056543952,0.12618691369276658
28,0.11557337869741198,0.1254229671524345,0.12016795776259431,0.11454554646373069,0.1038454290436372,0.10969775014644,0.1113929656182994,0.10482034969190261,0.09453365542354916
29,0.11625006413772722,0.10409486924023252,0.13026228594657693,0.10862776956216706,0.10336224649383356,0.1024090888397545,0.11369924619685605,0.10400769529173498,0.11728673429111716
30,0.10730658172242132,0.12329359325227625,0.11223018655340392,0.11282811334209651,0.10508489292789722,0.11881029266341595,0.10863565118105577,0.10262640943001498,0.10918427892741805
31,0.10287987240015299,0.11277841921319726,0.11197838428821867,0.1301200181598913,0.10106615338922001,0.11059097151448925,0.11287942929295273,0.11124746198584556,0.10645928975603239
32,0.10798931694140365,0.08390395346055161,0.14239933017955805,0.13445087335709316,0.09974081247444777,0.08593125570231792,0.11816458018314133,0.11266089728316672,0.11475898041831979
33,0.10798931694140365,0.08390395346055161,0.14239933017955805,0.13445087335709316,0.09974081247444777,0.08593125570231792,0.11816458018314133,0.11266089728316672,0.11475898041831979
34,0.12497807522203777,0.0922988587898954,0.14694048755097752,0.11087309449095784,0.10371713086172175,0.09735142749795112,0.11850168192905787,0.10451420842610662,0.10082503523129374
35,0.13078477388490725,0.1051266254061493,0.12702883629057274,0.10137150683298292,0.10256473162392794,0.1051706529012898,0.11461125745762592,0.09535676479499837,0.11798485080754607
36,0.09621047143976745,0.11011720798145774,0.11602454813646453,0.131756183303129,0.10207941011482459,0.10230673778813755,0.10752626490749062,0.1163293027850849,0.11764987354364348
