,Estim(XGBClassifier)_Imputer(IterativeImputer(<class 'sklearn.linear_model._bayes.BayesianRidge'>)),Estim(XGBClassifier)_Imputer(IterativeImputer(<class 'xgboost.sklearn.XGBRegressor'>)),Estim(XGBClassifier)_Imputer(IterativeImputer(<class 'sklearn.ensemble._forest.RandomForestRegressor'>)),Estim(XGBClassifier)_Imputer(KNNImputer),Estim(RandomForestClassifier)_Imputer(IterativeImputer(<class 'sklearn.linear_model._bayes.BayesianRidge'>)),Estim(RandomForestClassifier)_Imputer(IterativeImputer(<class 'xgboost.sklearn.XGBRegressor'>)),Estim(RandomForestClassifier)_Imputer(IterativeImputer(<class 'sklearn.ensemble._forest.RandomForestRegressor'>)),Estim(RandomForestClassifier)_Imputer(KNNImputer),Estim(<class 'new_base.ClassifierWithImputation'>)_Imputer(Identity)
0,0.12054469619120158,0.1197553972158019,0.11601951502520727,0.11748742290505265,0.10005737097708967,0.09972094822028248,0.10249234733382959,0.10048338985529814,0.12343891227623698
1,0.11692013494111406,0.12211652267101933,0.11935947082147781,0.11698130027678529,0.097790903810352,0.10434003715572746,0.10597945116786771,0.10180799776197942,0.11470418139367675
2,0.1180959275462861,0.1180959275462861,0.1180959275462861,0.11606757082493152,0.1038383641175393,0.10390761277393835,0.10390761277393835,0.10075079756839579,0.11724025930239863
3,0.12478194928835266,0.1178424474816087,0.1227790750591009,0.1283989339494991,0.10312122717919288,0.09891830589983415,0.10101916969743854,0.10486388622055824,0.0982750052244147
4,0.1259208757129648,0.11783851851133573,0.1232849431853462,0.12756363592079492,0.10419819246653801,0.10024487064470748,0.10237390851810443,0.10605990939745451,0.09251514564275409
5,0.11780855214078988,0.11640074481471913,0.11818591884457702,0.1183326836551539,0.10298363504790076,0.10292087978955587,0.10285485113363395,0.10247810760432922,0.11803462696934025
6,0.11538016370880566,0.12419110846114612,0.1220710290979299,0.10736624464502686,0.1116736227851012,0.10902780197307887,0.1120230385135451,0.10589710274673826,0.09236988806862804
7,0.12014472688627519,0.11930371248570897,0.12550754110444265,0.1268123252492493,0.10176695346818108,0.10198949142769106,0.1058678537516661,0.10785175518857364,0.09075564043821206
8,0.11808033270510267,0.12076971538324845,0.11806490065698055,0.11915165345546479,0.10800899549103941,0.10819856283452539,0.10876260830215972,0.10749412058503953,0.09146911058643939
9,0.10764621210860317,0.10152270189604343,0.10214985770821897,0.10099165997673692,0.11539317894493237,0.11208721899167069,0.11381229742999528,0.11119672665925791,0.13520014628454127
10,0.10772417000704547,0.11209460772182442,0.10818900052141917,0.11846375967010124,0.10767588981630973,0.10591204532706025,0.10872525209550353,0.11073233302855155,0.12048294181218445
11,0.11782136436417967,0.11638692097313892,0.11818773214160026,0.11833728594589839,0.10222909040457603,0.1037789388015186,0.10348677641163913,0.10186299370010922,0.1179088972573397
12,0.10772417000704547,0.11209460772182442,0.10818900052141917,0.11846375967010124,0.10767588981630973,0.10591204532706025,0.10872525209550353,0.11073233302855155,0.12048294181218445
13,0.10153757678005079,0.11457119028349666,0.1430243024249791,0.09589881268000727,0.11171408782445437,0.1134816276795953,0.11834671907000162,0.10815536897254094,0.09327031428487395
14,0.11815853219833686,0.11816042259930391,0.11812031297467324,0.116091537421369,0.10320286717074262,0.10443866491190754,0.10391468215267456,0.10071567856250867,0.1171973020084835
15,0.12259670670408353,0.1238676434791344,0.12302824458206402,0.12433786805346042,0.10271154970089885,0.10335498981071209,0.10329886070686442,0.10172013916049469,0.0950839978022873
16,0.1180959275462861,0.1180959275462861,0.1180959275462861,0.11606757082493152,0.1038383641175393,0.10390761277393835,0.10390761277393835,0.10075079756839579,0.11724025930239863
17,0.11811746194005135,0.11950469060960871,0.11807925600085697,0.11545405793285674,0.10369496696844957,0.10643318644546676,0.10456690886529552,0.10092837513080889,0.11322109610660566
18,0.11692013494111406,0.12211652267101933,0.11935947082147781,0.11698130027678529,0.097790903810352,0.10434003715572746,0.10597945116786771,0.10180799776197942,0.11470418139367675
19,0.09423938653764304,0.11514637454043627,0.11256029006598128,0.10953307767935831,0.11186006781956705,0.11592457507483822,0.11368158550844046,0.11317192451106917,0.11388271826266644
20,0.11893647164370276,0.11940078902327168,0.1193968570376559,0.11694118373469634,0.10476219444495505,0.10843994989369464,0.10833661859297807,0.09974784745280774,0.10403808817623761
21,0.11811746194005135,0.11950469060960871,0.11807925600085697,0.11545405793285674,0.10369496696844957,0.10643318644546676,0.10456690886529552,0.10092837513080889,0.11322109610660566
22,0.10772417000704547,0.11209460772182442,0.10818900052141917,0.11846375967010124,0.10767588981630973,0.10591204532706029,0.10872525209550353,0.11073233302855155,0.12048294181218445
23,0.09909403380618802,0.11508282181757529,0.1399890432099162,0.09389758409031043,0.11505601846756391,0.11628768989791119,0.12049150191747224,0.11329140955016154,0.08680989724290099
24,0.11305522902960399,0.12396839365699341,0.10031637288489663,0.12805072016451344,0.09753857130873722,0.1055545534990457,0.09811696445058592,0.10818371528231967,0.12521547972330394
25,0.09423938653764304,0.11514637454043627,0.11256029006598128,0.10953307767935831,0.11186006781956705,0.11592457507483822,0.11368158550844046,0.11317192451106917,0.11388271826266644
26,0.11782770721450082,0.11118180483733585,0.11593645547803053,0.12109118115724354,0.11152519214994147,0.10668016740124,0.10917901516632,0.11348777811497152,0.09309069848041612
27,0.11692013494111406,0.12211652267101933,0.11935947082147781,0.11698130027678529,0.097790903810352,0.10434003715572746,0.10597945116786771,0.10180799776197942,0.11470418139367675
28,0.10804335519208177,0.10115042129629516,0.09848443117491425,0.09870553087444607,0.11373475153463217,0.11164902110123684,0.11377115682877054,0.11269231815781454,0.1417690138398084
29,0.12478194928835266,0.1178424474816087,0.1227790750591009,0.1283989339494991,0.10312122717919288,0.09891830589983415,0.10101916969743854,0.10486388622055824,0.0982750052244147
30,0.11847385101415947,0.12464871691104831,0.12579209904728655,0.12111147247450442,0.09820224172670197,0.1028364294023178,0.10015273060602498,0.0976282733130729,0.11115418550488375
31,0.11847385101415947,0.12464871691104831,0.12579209904728655,0.12111147247450442,0.09820224172670197,0.1028364294023178,0.10015273060602498,0.0976282733130729,0.11115418550488375
32,0.1180559546676599,0.11944055005424431,0.1180559546676599,0.11543127464674907,0.10433444474150957,0.10589295731920707,0.10456074777820869,0.1009644881999859,0.11326362792477557
33,0.10418711765039068,0.10425156451628743,0.10428501322854168,0.110574332655731,0.11729393220284176,0.11460913455842774,0.11787864963751668,0.1212620995985023,0.10565815595176108
34,0.10712734235500493,0.122216639184481,0.09547033225478657,0.13348470360683892,0.09746047672579967,0.10291369110368832,0.09766847332206015,0.11101737517918017,0.13264096626816024
35,0.1273462121836857,0.11763953602319735,0.11663656211890389,0.1250574807813327,0.10213858796007931,0.09498881049773951,0.10016730487666889,0.09936895681215684,0.11665654874623607
36,0.10752772477641484,0.1250047597907398,0.12389852697243589,0.10156793007486951,0.11225595835615344,0.11347910657865098,0.113143495411535,0.11035022344475313,0.09277227459444738
37,0.10546594039305124,0.12406052372143182,0.1240524688166994,0.1229231354416312,0.09909189852693902,0.10257844510441466,0.10083904340270028,0.1042493741004625,0.11673917049266955
38,0.10868490138437896,0.1108523115684558,0.10927182873764697,0.10703941525987237,0.11472257586808081,0.11575685126877366,0.11547519621060429,0.11513617475499306,0.10306074494719376
39,0.09473019992856152,0.11758763515735218,0.11253991223571155,0.10877690711904489,0.1101068503226203,0.11560459022674462,0.11189981880045374,0.11254722950271513,0.11620685670679581
40,0.10752772477641484,0.1250047597907398,0.12389852697243589,0.10156793007486951,0.11225595835615344,0.11347910657865098,0.113143495411535,0.11035022344475313,0.09277227459444738
41,0.11090944499056454,0.11129344171257712,0.10940557973297509,0.11248780644581342,0.11333693115133045,0.1157857325856388,0.1152814971067025,0.10663773503778733,0.10486183123661082
42,0.11782770721450082,0.11118180483733585,0.11593645547803053,0.12109118115724354,0.11152519214994147,0.10668016740124,0.10917901516632,0.11348777811497152,0.09309069848041612
43,0.09737992065963838,0.117842299995276,0.11856301271568527,0.11840238436186472,0.10285671303870435,0.10740534426430635,0.10901811403537569,0.10923944441663358,0.11929276651251539
44,0.09423938653764304,0.11514637454043627,0.11256029006598128,0.10953307767935831,0.11186006781956705,0.11592457507483822,0.11368158550844046,0.11317192451106917,0.11388271826266644
45,0.12478194928835266,0.1178424474816087,0.1227790750591009,0.1283989339494991,0.10312122717919288,0.09891830589983415,0.10101916969743854,0.10486388622055824,0.0982750052244147
46,0.11893647164370276,0.11940078902327168,0.1193968570376559,0.11694118373469634,0.10476219444495505,0.10843994989369464,0.10833661859297807,0.09974784745280774,0.10403808817623761
47,0.11893647164370276,0.11940078902327168,0.1193968570376559,0.11694118373469634,0.10476219444495505,0.10843994989369464,0.10833661859297807,0.09974784745280774,0.10403808817623761
48,0.11005564522394037,0.1101040842907546,0.10823283295722545,0.11157584643878078,0.11764856676247029,0.11962128857890822,0.11889501386719312,0.11233577811305447,0.09153094376767278
49,0.11334463423174884,0.11843986119823567,0.11435605740173456,0.1110058316135894,0.10515007251346971,0.10727887258507159,0.10689809965331809,0.10421427955173078,0.11931229125110131
50,0.12508407566928875,0.12627163827998744,0.12527211269142152,0.12683311578464837,0.09924047688695897,0.100423165604842,0.10114972268958397,0.09867922909131506,0.09704646330195389
51,0.09423938653764304,0.11514637454043627,0.11256029006598128,0.10953307767935831,0.11186006781956705,0.11592457507483822,0.11368158550844046,0.11317192451106917,0.11388271826266644
52,0.11998451672151096,0.11918203876108144,0.11912897081930215,0.11912944972514772,0.10394212485238004,0.10536392759495518,0.10478047542329916,0.102147048729311,0.10634144737301221
53,0.11811746194005135,0.11950469060960871,0.11807925600085697,0.11545405793285674,0.10369496696844957,0.10643318644546676,0.10456690886529552,0.10092837513080889,0.11322109610660566
54,0.10153757678005079,0.11457119028349666,0.1430243024249791,0.09589881268000727,0.11171408782445437,0.1134816276795953,0.11834671907000162,0.10815536897254094,0.09327031428487395
55,0.12478194928835266,0.1178424474816087,0.1227790750591009,0.1283989339494991,0.10312122717919288,0.09891830589983415,0.10101916969743854,0.10486388622055824,0.0982750052244147
56,0.1180959275462861,0.1180959275462861,0.1180959275462861,0.11606757082493152,0.1038383641175393,0.10390761277393835,0.10390761277393835,0.10075079756839579,0.11724025930239863
57,0.11947199621059862,0.11274921746846105,0.11766480760885004,0.1227296378877719,0.10980986500825647,0.1025761597494151,0.10797366397086336,0.11263451902870297,0.09439013306708005
58,0.11893647164370276,0.11940078902327168,0.1193968570376559,0.11694118373469634,0.10476219444495505,0.10843994989369464,0.10833661859297807,0.09974784745280774,0.10403808817623761
59,0.10982868500549675,0.10479417619801941,0.10425461668218108,0.10257881344961811,0.11372669247234626,0.11086583037620527,0.11171636890912769,0.10895812194630798,0.13327669496069722
0,0.11812277886731212,0.11181806945692829,0.10822744269880577,0.11562966030596625,0.10943599038594409,0.10384638913120085,0.10470267760918713,0.10915129787688994,0.11906569366776555
1,0.11694913017019809,0.11108933207476027,0.10732675232100905,0.11432655917220921,0.11019523396620039,0.10740711354910684,0.10567712813171867,0.10917153746302313,0.11785721315177436
2,0.11322551511884711,0.11371449860868682,0.11389962512456185,0.11343995606790792,0.10119223242140475,0.10740716092446946,0.1069637813838317,0.10253860724746884,0.12761862310282165
3,0.11280627708729477,0.106906028620452,0.10348885939539851,0.11106618254034596,0.11519363040003958,0.11088603700773868,0.1086162042200286,0.11655439638412045,0.11448238434458159
4,0.1013880511860929,0.10284511105582765,0.10561860621335231,0.10585074333176753,0.12236343532888369,0.11428782858659635,0.11870264559556654,0.12137092540383379,0.10757265329807902
5,0.11189143315827876,0.11117646332801263,0.11162669296291346,0.11075043529933944,0.11274458958113429,0.10737852213288784,0.10781806164366425,0.10312672066714178,0.1234870812266273
6,0.10969650769979865,0.1012135453403565,0.11437748636359547,0.11572741735173706,0.10903630132922855,0.10780490430842257,0.11401360770700796,0.10672321269832916,0.12140701720152401
7,0.11744344747105616,0.11754669273253093,0.1176675873475414,0.11448213089225885,0.10391855554625098,0.10555423154249557,0.1055368456004097,0.10340857629373919,0.11444193257371749
8,0.1126678944628366,0.10329089305144618,0.11719771564546101,0.11796143660402517,0.11066796460079721,0.10476143139355565,0.1111000274766771,0.10122748391097845,0.12112515285422286
9,0.11322551511884711,0.11371449860868682,0.11389962512456185,0.11343995606790792,0.10119223242140475,0.10740716092446946,0.1069637813838317,0.10253860724746884,0.12761862310282165
10,0.11322551511884711,0.11371449860868682,0.11389962512456185,0.11343995606790792,0.10119223242140475,0.10740716092446946,0.1069637813838317,0.10253860724746884,0.12761862310282165
11,0.11694913017019809,0.11108933207476027,0.10732675232100905,0.11432655917220921,0.11019523396620039,0.10740711354910684,0.10567712813171867,0.10917153746302313,0.11785721315177436
12,0.11359281601572015,0.11319588610487426,0.11321272337242637,0.11649739262535448,0.10534570801777292,0.10436706402236591,0.10382397098940062,0.11558479342747231,0.11437964542461262
13,0.10889663011152595,0.11523413652719892,0.12998382610709314,0.11353112817216243,0.09980296586845759,0.10708408154030793,0.10503327632814288,0.10146542898549359,0.11896852635961758
14,0.10797311417315186,0.10128957976854426,0.11731882066795878,0.11870346651520565,0.11233460225227193,0.10641904182569573,0.11681042803721935,0.11039782791264309,0.10875311884730941
15,0.11780243449121376,0.11788660404678056,0.1178937198541528,0.11775224796445642,0.10508592676941064,0.10677123261319431,0.10852438206603934,0.09769639272671125,0.11058705946804093
16,0.11322551511884711,0.11371449860868682,0.11389962512456185,0.11343995606790792,0.10119223242140475,0.10740716092446946,0.1069637813838317,0.10253860724746884,0.12761862310282165
17,0.12129393992649412,0.11143563939173161,0.12783442841761614,0.12894273609543017,0.09692380986832444,0.09592681013351934,0.10560158621331964,0.0952755564350571,0.11676549351850739
18,0.12685653193741955,0.11808289721358978,0.13020106348187482,0.11834271044452122,0.104095894767652,0.10424379910477487,0.10236755470585557,0.1018847218606357,0.09392482648367649
19,0.11189143315827876,0.11117646332801263,0.11162669296291346,0.11075043529933944,0.11274458958113429,0.10737852213288784,0.10781806164366425,0.10312672066714178,0.1234870812266273
20,0.12026868947043519,0.11715184095474329,0.11252345134308958,0.1078570560981334,0.11313568053794062,0.11150279399958823,0.10712105479734156,0.10949700270971122,0.10094243008901685
21,0.12129393992649412,0.11143563939173161,0.12783442841761614,0.12894273609543017,0.09692380986832444,0.09592681013351934,0.10560158621331964,0.0952755564350571,0.11676549351850739
22,0.12561188882270802,0.11305030409063119,0.12561188882270802,0.12561188882270802,0.10103289009018829,0.09757433521956516,0.10055993808661169,0.10103289009018829,0.10991397595469152
23,0.11575676800947637,0.11576787764740776,0.11599622161287662,0.11840371058771966,0.10424010885018581,0.10361887726892029,0.10293038228704657,0.10611907576370225,0.11716697797266441
24,0.11322551511884711,0.11371449860868682,0.11389962512456185,0.11343995606790792,0.10119223242140475,0.10740716092446946,0.1069637813838317,0.10253860724746884,0.12761862310282165
25,0.11812277886731212,0.11181806945692829,0.10822744269880577,0.11562966030596625,0.10943599038594409,0.10384638913120085,0.10470267760918713,0.10915129787688994,0.11906569366776555
26,0.12685653193741955,0.11808289721358978,0.13020106348187482,0.11834271044452122,0.104095894767652,0.10424379910477487,0.10236755470585557,0.1018847218606357,0.09392482648367649
27,0.1106377198424646,0.11005745066557068,0.1112933853679508,0.12087399074057785,0.10898546387023204,0.11344300646472301,0.11289030649164401,0.09369471025832317,0.11812396629851397
28,0.11641875475516418,0.11670125689915439,0.11670830115724388,0.1156986379330553,0.10538731875542165,0.10936163472773323,0.11184333530332756,0.09335382524466576,0.11452693522423393
29,0.12307429632465403,0.11135443702441396,0.12410794019585228,0.12181926272080125,0.1050099860265658,0.10034005465607639,0.10346493839128278,0.09529726144809196,0.11553182321226148
30,0.11197259417329229,0.11274577565088813,0.11283392627368638,0.11236556553916735,0.10231862242442064,0.10853292482765925,0.10804795231845037,0.10459872380399485,0.12658391498844063
31,0.11575676800947637,0.11576787764740776,0.11599622161287662,0.11840371058771966,0.10424010885018581,0.10361887726892029,0.10293038228704657,0.10611907576370225,0.11716697797266441
32,0.11641875475516418,0.11670125689915439,0.11670830115724388,0.1156986379330553,0.10538731875542165,0.10936163472773323,0.11184333530332756,0.09335382524466576,0.11452693522423393
33,0.10797311417315186,0.10128957976854426,0.11731882066795878,0.11870346651520565,0.11233460225227193,0.10641904182569573,0.11681042803721935,0.11039782791264309,0.10875311884730941
34,0.11812277886731212,0.11181806945692829,0.10822744269880577,0.11562966030596625,0.10943599038594409,0.10384638913120085,0.10470267760918713,0.10915129787688994,0.11906569366776555
35,0.11967118655232993,0.11946378312667759,0.1197363329450351,0.12152859812615584,0.09698111303724698,0.09718812199481545,0.09930119249626838,0.10514882348239646,0.12098084823907417
36,0.10889663011152595,0.11523413652719892,0.12998382610709314,0.11353112817216243,0.09980296586845759,0.10708408154030793,0.10503327632814288,0.10146542898549359,0.11896852635961758
37,0.11638660699144401,0.11580564068396344,0.11603405913435585,0.11124397856060929,0.10719824398764857,0.10673400917102108,0.10602481571470916,0.1066719472105979,0.11390069854565077
38,0.11322551511884711,0.11371449860868682,0.11389962512456185,0.11343995606790792,0.10119223242140475,0.10740716092446946,0.1069637813838317,0.10253860724746884,0.12761862310282165
39,0.12298042810603006,0.11020877095639699,0.12430740055785662,0.12359545748764829,0.10092068462022091,0.09646564272055798,0.10425237068656432,0.09920422825175014,0.11806501661297453
40,0.11322551511884711,0.11371449860868682,0.11389962512456185,0.11343995606790792,0.10119223242140475,0.10740716092446946,0.1069637813838317,0.10253860724746884,0.12761862310282165
41,0.10889663011152595,0.11523413652719892,0.12998382610709314,0.11353112817216243,0.09980296586845759,0.10708408154030793,0.10503327632814288,0.10146542898549359,0.11896852635961758
42,0.09842428300563488,0.10007038379537048,0.10256674530210406,0.10229602652260321,0.12214351278805792,0.11460659524148965,0.12098792691749183,0.11888844578992333,0.12001608063732484
43,0.11139606087314821,0.11198736093493837,0.11233162466701639,0.11026011450654176,0.11039527386621795,0.10817942728263633,0.1092825607633524,0.09922556714657414,0.12694200995957422
44,0.11799063892525283,0.11824249433612513,0.11807280873598659,0.11784108837916228,0.10286449865492896,0.1048412975110724,0.10363223939991385,0.10190711605402292,0.1146078180035351
45,0.1058425129145807,0.11862621476774175,0.10642795470759263,0.11192427837125295,0.10996769484929786,0.11523706787434165,0.1064491045936563,0.12175107935906643,0.10377409256246937
46,0.11641875475516418,0.11670125689915439,0.11670830115724388,0.1156986379330553,0.10538731875542165,0.10936163472773323,0.11184333530332756,0.09335382524466576,0.11452693522423393
47,0.11863158093431152,0.12022309425563896,0.12015517875363965,0.11588952295684561,0.10775148757141562,0.1077155225999763,0.10657044000315928,0.10447929140771797,0.0985838815172948
48,0.11967118655232993,0.11946378312667759,0.1197363329450351,0.12152859812615584,0.09698111303724698,0.09718812199481545,0.09930119249626838,0.10514882348239646,0.12098084823907417
49,0.11208061725064557,0.1259463892862566,0.11308600275327096,0.11481208844518287,0.10663157852817161,0.1164824834385144,0.10713658861044754,0.09560083968847989,0.1082234119990305
50,0.12183225167587464,0.11062775985948874,0.12703108783406658,0.1295149937851342,0.09898556598581476,0.09521577626700004,0.10418549591545116,0.09902053686351087,0.11358653181365888
51,0.11641875475516418,0.11670125689915439,0.11670830115724388,0.1156986379330553,0.10538731875542165,0.10936163472773323,0.11184333530332756,0.09335382524466576,0.11452693522423393
52,0.12413922865139673,0.1221701350269197,0.12413922865139673,0.12476005323468907,0.09891228153901882,0.09457259305186186,0.09917202429117539,0.098946993692212,0.11318746186132943
53,0.11967118655232993,0.11946378312667759,0.1197363329450351,0.12152859812615584,0.09698111303724698,0.09718812199481545,0.09930119249626838,0.10514882348239646,0.12098084823907417
54,0.12086382405813503,0.12062225933770987,0.12110219366550126,0.12003243056399418,0.1003020915114629,0.09973686977378722,0.10382952112532767,0.09567436715740343,0.11783644280667815
55,0.12413922865139673,0.1221701350269197,0.12413922865139673,0.12476005323468907,0.09891228153901882,0.09457259305186186,0.09917202429117539,0.098946993692212,0.11318746186132943
56,0.11641875475516418,0.11670125689915439,0.11670830115724388,0.1156986379330553,0.10538731875542165,0.10936163472773323,0.11184333530332756,0.09335382524466576,0.11452693522423393
57,0.09451809695427682,0.11224959806006939,0.12166582167131282,0.11285468746950972,0.09959716503580582,0.11359941276821844,0.11242742342886486,0.10626548857512357,0.12682230603681854
58,0.1013880511860929,0.10284511105582765,0.10561860621335231,0.10585074333176753,0.12236343532888369,0.11428782858659635,0.11870264559556654,0.12137092540383379,0.10757265329807902
59,0.12561188882270802,0.11305030409063119,0.12561188882270802,0.12561188882270802,0.10103289009018829,0.09757433521956516,0.10055993808661169,0.10103289009018829,0.10991397595469152
0,0.11012419094302084,0.11339903756191769,0.11515456119878606,0.10541794709056117,0.10615405800278299,0.1078294014278862,0.10790746477854846,0.11225343449726487,0.12175990449923145
1,0.11719641713427231,0.11728293126036987,0.11774172641635063,0.11699496707488764,0.10429867795152435,0.10550563096665956,0.10509327000921861,0.10300814655978566,0.11287823262693174
2,0.11041749158340088,0.10731061493081606,0.11065839701588913,0.10916271210315155,0.11581645707761527,0.10783465801065277,0.11546092838538541,0.11332083240141866,0.11001790849167035
3,0.10930040864007586,0.10377561983798357,0.10816082825014649,0.10808861488950283,0.11772240314154289,0.1088852535916397,0.11677173836879692,0.11332242146070472,0.11397271181960697
4,0.12500688248783767,0.11920926215686958,0.12288718917506102,0.12728888944410086,0.09706205425323752,0.09169026992134001,0.09929706947364293,0.10018877587073381,0.11736960721717657
5,0.11493381706846756,0.11489828256159922,0.11327375713173343,0.11493188018769289,0.1071617381518774,0.10676026036272052,0.10629635580553906,0.10678095191257174,0.11496295681779808
6,0.11819039093533222,0.1128359225420205,0.11799564162061432,0.116400784784622,0.10793151579597338,0.0980908529581102,0.10620723972186605,0.10423866307541549,0.11810898856604599
7,0.11209348890318742,0.12294685297753356,0.11257329741725601,0.12406956853533627,0.10068656419335305,0.10819750091041314,0.1010222033321531,0.10186085659819347,0.11654966713257398
8,0.11100586900532655,0.11098540306542579,0.11098405235334706,0.11097751695008387,0.1113268423918316,0.11068716284250789,0.11068527560944355,0.11238534959207945,0.11096252818995454
9,0.11888188943654589,0.1309301883742462,0.12647238406943637,0.12062814382952348,0.0968272014279577,0.10218639451833467,0.0993784394255725,0.09515143944379201,0.10954391947459122
10,0.11659345726997247,0.13011702483455084,0.12512885338442692,0.11864102122630882,0.09931208648187446,0.10447906244000457,0.10159386270185712,0.09743769030258999,0.10669694135841488
11,0.11819039093533222,0.1128359225420205,0.11799564162061432,0.116400784784622,0.10793151579597338,0.0980908529581102,0.10620723972186605,0.10423866307541549,0.11810898856604599
12,0.11819039093533222,0.1128359225420205,0.11799564162061432,0.116400784784622,0.10793151579597338,0.0980908529581102,0.10620723972186605,0.10423866307541549,0.11810898856604599
13,0.11655840894682347,0.11316153438336712,0.11521286338512639,0.10831173530183667,0.1101018117499266,0.10224603772001288,0.10857634924220176,0.10736172128562886,0.11846953798507644
14,0.10774195705137134,0.1016709656116152,0.10799537027480507,0.10679655575958309,0.12203715173181227,0.11057955718185727,0.12237661507855037,0.11747590240566634,0.10332592490473905
15,0.11425655452791689,0.11302479941055552,0.11462578886085634,0.11461742196259588,0.10935028887692183,0.10607583483512988,0.10748178274052395,0.10612085612974745,0.1144466726557523
16,0.11819039093533222,0.1128359225420205,0.11799564162061432,0.116400784784622,0.10793151579597338,0.0980908529581102,0.10620723972186605,0.10423866307541549,0.11810898856604599
17,0.1007257053126325,0.12253876369344689,0.1007257053126325,0.09891570265739524,0.11591629787118776,0.12115579231135504,0.1176835804825973,0.11162077581781413,0.11071767654093878
18,0.11155669268019933,0.11134845069095173,0.10468028283945521,0.11137265904364177,0.11393545512017125,0.11246440539180107,0.11306576480063642,0.11098508833640915,0.11059120109673412
19,0.12500688248783767,0.11920926215686958,0.12288718917506102,0.12728888944410086,0.09706205425323752,0.09169026992134001,0.09929706947364293,0.10018877587073381,0.11736960721717657
20,0.10774195705137134,0.1016709656116152,0.10799537027480507,0.10679655575958309,0.12203715173181227,0.11057955718185727,0.12237661507855037,0.11747590240566634,0.10332592490473905
21,0.11215433185532102,0.11220829364448281,0.10525500992167577,0.11157437099053741,0.11278405503525246,0.11506206989072981,0.1125455249554194,0.11021276584690272,0.10820357785967852
22,0.11899397481030934,0.11899397481030934,0.11613752600643658,0.11873819978379371,0.10293917943152373,0.10299409497006243,0.10217471690232588,0.10291985088604491,0.11610848239919436
23,0.11197664095286987,0.11431923100004632,0.1113674578772399,0.11198764746048402,0.10736903905688429,0.10750398249939533,0.10665593001108346,0.10842562522896834,0.12039444591302838
24,0.11600328694700995,0.11953125285492501,0.1218577920938895,0.11089799786034962,0.0999079339144509,0.1029486138043908,0.10262223508259379,0.1026944183178483,0.12353646912454248
25,0.1121055674805545,0.11198241580833904,0.1051980856768348,0.11137015115225338,0.11369026255515412,0.11422243021256508,0.11282244383564048,0.11070902461916944,0.1078996186594894
26,0.11100586900532655,0.11098540306542579,0.11098405235334706,0.11097751695008387,0.1113268423918316,0.11068716284250789,0.11068527560944355,0.11238534959207945,0.11096252818995454
27,0.11659798844024634,0.11302992034162064,0.1151146638410626,0.10675669870983776,0.11059069687826512,0.1045017794383051,0.10872367759082252,0.10551472603672984,0.11916984872310998
28,0.11655840894682347,0.11316153438336712,0.11521286338512639,0.10831173530183667,0.1101018117499266,0.10224603772001288,0.10857634924220176,0.10736172128562886,0.11846953798507644
29,0.1127803058558014,0.11284163507731945,0.1128346862210353,0.11260143292063746,0.10893707488803085,0.11014853926409388,0.11014853926409388,0.10689794195659084,0.11280984455239743
30,0.11892527034244126,0.12041447319752892,0.11774662550845366,0.11844060620872326,0.10295919268825605,0.1027299897098982,0.10184134704755216,0.10124537830600594,0.11569711699114033
31,0.12500688248783767,0.11920926215686958,0.12288718917506102,0.12728888944410086,0.09706205425323752,0.09169026992134001,0.09929706947364293,0.10018877587073381,0.11736960721717657
32,0.10774195705137134,0.1016709656116152,0.10799537027480507,0.10679655575958309,0.12203715173181227,0.11057955718185727,0.12237661507855037,0.11747590240566634,0.10332592490473905
33,0.11778633514492844,0.11777975701455519,0.11776609411777084,0.11732664721003123,0.10266005501005142,0.10307490449741048,0.10329467461546421,0.10251055367685141,0.11780097871293667
34,0.11100386216310545,0.10814968626743886,0.11135390657578233,0.11135390657578233,0.11456815919785553,0.10697285583324628,0.11308500221660915,0.11308500221660915,0.1104276189535708
35,0.1191832139363575,0.13070916911758107,0.1196806735095909,0.1318982358311894,0.09751898147388156,0.10445042964871712,0.09752362534547165,0.09957653582671243,0.09945913531049817
36,0.10261916370335554,0.13358154147044546,0.10261647043602906,0.1114303338917332,0.10454441585990072,0.11409774257582388,0.10626319378573261,0.1105400959057217,0.1143070423712578
37,0.11892527034244126,0.12041447319752892,0.11774662550845366,0.11844060620872326,0.10295919268825605,0.1027299897098982,0.10184134704755216,0.10124537830600594,0.11569711699114033
38,0.10774195705137134,0.1016709656116152,0.10799537027480507,0.10679655575958309,0.12203715173181227,0.11057955718185727,0.12237661507855037,0.11747590240566634,0.10332592490473905
39,0.11412512192735877,0.10837362736057783,0.11448973707891681,0.11287093077765963,0.11310880933005586,0.10461799163701761,0.11310880933005586,0.10888126490594753,0.11042370765241002
40,0.10918947887952946,0.10918947887952946,0.10246167440497643,0.10918947887952946,0.11483401124171602,0.1153455204701967,0.11404405487470229,0.11420781230456122,0.11153849006525933
41,0.1007257053126325,0.12253876369344689,0.1007257053126325,0.09891570265739524,0.11591629787118776,0.12115579231135504,0.1176835804825973,0.11162077581781413,0.11071767654093878
42,0.10846331386329164,0.0985790871981452,0.10476305828445184,0.1075239625286935,0.12064573084715872,0.10928061895741926,0.12048600685622846,0.11655063568760704,0.11370758577700446
43,0.11364614677342465,0.11230984361050407,0.11403884948236362,0.11403052542666171,0.11008379615895661,0.10465145887250421,0.10962188062006356,0.10823385624369669,0.11338364281182467
44,0.11979124081274131,0.11808255112893615,0.11841760380368176,0.11131638924703807,0.1049273932645274,0.10123432094011706,0.10303944340062521,0.10059667322667487,0.12259438417565806
45,0.11600328694700995,0.11953125285492501,0.1218577920938895,0.11089799786034962,0.0999079339144509,0.1029486138043908,0.10262223508259379,0.1026944183178483,0.12353646912454248
46,0.11461222934669922,0.12790318592192546,0.1219301102774534,0.11629576676298879,0.10130832568437466,0.10678564331136241,0.10397763395879603,0.09867086563260694,0.10851623910379327
47,0.11493381706846756,0.11489828256159922,0.11327375713173343,0.11493188018769289,0.1071617381518774,0.10676026036272052,0.10629635580553906,0.10678095191257174,0.11496295681779808
48,0.12137368589925153,0.11765088617309226,0.12118313503037322,0.11953646930272356,0.10277881674625808,0.09704445309746028,0.10071248451794138,0.09759417663493454,0.12212589259796525
49,0.11778633514492844,0.11777975701455519,0.11776609411777084,0.11732664721003123,0.10266005501005142,0.10307490449741048,0.10329467461546421,0.10251055367685141,0.11780097871293667
50,0.11155669268019933,0.11134845069095173,0.10468028283945521,0.11137265904364177,0.11393545512017125,0.11246440539180107,0.11306576480063642,0.11098508833640915,0.11059120109673412
51,0.11090706944264475,0.10753723743076528,0.10766799426975625,0.11708522495691076,0.10754329245444941,0.11135609669259913,0.11243985409822482,0.10831780069090194,0.11714542996374785
52,0.10936808681395338,0.12205359032391822,0.1175158102266553,0.11128876193395763,0.10675606757371559,0.11278308161710522,0.11087373056836267,0.10437731251196875,0.10498355843036314
53,0.123882383925636,0.12093459695988855,0.12141328634899622,0.12608296574744193,0.0966287578864579,0.09699468531555126,0.09875783050300062,0.10145204586574078,0.11385344744728651
54,0.11197664095286987,0.11431923100004632,0.1113674578772399,0.11198764746048402,0.10736903905688429,0.10750398249939533,0.10665593001108346,0.10842562522896834,0.12039444591302838
55,0.12500688248783767,0.11920926215686958,0.12288718917506102,0.12728888944410086,0.09706205425323752,0.09169026992134001,0.09929706947364293,0.10018877587073381,0.11736960721717657
56,0.11425655452791689,0.11302479941055552,0.11462578886085634,0.11461742196259588,0.10935028887692183,0.10607583483512988,0.10748178274052395,0.10612085612974745,0.1144466726557523
57,0.11892527034244126,0.12041447319752892,0.11774662550845366,0.11844060620872326,0.10295919268825605,0.1027299897098982,0.10184134704755216,0.10124537830600594,0.11569711699114033
58,0.11655840894682347,0.11316153438336712,0.11521286338512639,0.10831173530183667,0.1101018117499266,0.10224603772001288,0.10857634924220176,0.10736172128562886,0.11846953798507644
0,0.10643817461119788,0.10567504230597341,0.10643817461119788,0.10606581384499376,0.11594750265671813,0.11589920126076746,0.11589920126076746,0.11641867952722931,0.11121820992115505
1,0.10180952247351453,0.11286721641241416,0.10043478546180411,0.10011317390375982,0.11809268571961336,0.12263236352301195,0.11765310437561896,0.11765310437561896,0.10874404375464398
2,0.1197451612093544,0.11274142694802966,0.11921087594050754,0.11387929401034179,0.1056718920917034,0.10622080686738958,0.10670137319470843,0.1024855584006038,0.11334361133736182
3,0.1191235299050766,0.11253234007850065,0.11915535549623288,0.11348001471039945,0.10612125236343832,0.1066642472497349,0.10715511124277566,0.10309075678300018,0.11267739217084129
4,0.1252275966444651,0.09501367299671981,0.1302598349524497,0.13726741897227543,0.10401597403954418,0.09749722708268112,0.10154349881593501,0.10445088180613685,0.10472389468979267
5,0.10180952247351453,0.11286721641241416,0.10043478546180411,0.10011317390375982,0.11809268571961336,0.12263236352301195,0.11765310437561896,0.11765310437561896,0.10874404375464398
6,0.1271044180943549,0.11664140512012504,0.10280813586879005,0.11405109747691657,0.11050199028766271,0.11123492874769542,0.10945076584127555,0.10969747380949407,0.09850978475368585
7,0.11619832363455025,0.11383069639310481,0.11386817748557856,0.11657576756914222,0.11089461675569368,0.10711415568500945,0.10669709229815286,0.10798286273381426,0.10683830744495396
8,0.11484228654365058,0.1148274863129599,0.1148157847006457,0.11481651453058028,0.1066645073862299,0.10711186882075507,0.10683738339477203,0.10550907815810176,0.11457509015230484
9,0.10753603226460001,0.10810792734380528,0.10061483218171709,0.11680985792992518,0.11101595156634929,0.11200934817607541,0.10883359366652158,0.10985538479901392,0.12521707207199206
10,0.10766418609023341,0.10670427873974594,0.10058506765779845,0.11645000303849855,0.11267849334772942,0.1111388088076432,0.11058938180989308,0.11128553207817152,0.12290424843028627
11,0.10556221515116719,0.1171755835618052,0.11041143524893159,0.10161921272402874,0.1100196979361656,0.11264506174247327,0.11250839078446827,0.10994398299901874,0.12011441985194166
12,0.11524581678057673,0.1144195361143731,0.11536498545594945,0.11063385909784636,0.11000517109215902,0.10907324299384333,0.10973938378407692,0.1052015855463437,0.11031641913483142
13,0.10165512625370873,0.09875852074641266,0.0989442163003176,0.11691452211334026,0.11583597712099192,0.11385710282370055,0.10927454491563689,0.11628957857201101,0.12847041115388053
14,0.11285304973812743,0.11274576383334511,0.11468345476594935,0.12592961188287113,0.1095305139096061,0.11354621325353005,0.11164145333514151,0.1142183114985551,0.084851627782874
15,0.11619832363455025,0.11383069639310481,0.11386817748557856,0.11657576756914222,0.11089461675569368,0.10711415568500945,0.10669709229815286,0.10798286273381426,0.10683830744495396
16,0.11524581678057673,0.1144195361143731,0.11536498545594945,0.11063385909784636,0.11000517109215902,0.10907324299384333,0.10973938378407692,0.1052015855463437,0.11031641913483142
17,0.10630306225718458,0.10507738914259315,0.10646095928905125,0.10599796095132549,0.11619143017941717,0.11484174815333463,0.11476760971583361,0.11765450058300006,0.11270533972825991
18,0.11951084689853929,0.11941050387360727,0.11970277214369655,0.11099447909926152,0.10286437433824866,0.10331535052866091,0.10458695883493793,0.10033062911359024,0.11928408516945772
19,0.1152944815285961,0.12965804243576287,0.1188395480040883,0.10996851124953626,0.105157103303441,0.10805035074299525,0.10494018905596945,0.10479604388203163,0.10329572979757941
20,0.11277374327368497,0.11157329230868034,0.11149397348517424,0.11093165376507681,0.11303916026224047,0.11554699483294578,0.11501859392066317,0.11395299916290033,0.09566958898863431
21,0.12683269241718034,0.11802490254614743,0.1049439616145244,0.11265299423613093,0.10692804501756498,0.10669300172286202,0.10533184510185524,0.10276335176371118,0.11582920558002326
22,0.11603466153892332,0.13261056737244933,0.12320941863755831,0.11401218337709461,0.09533886835053136,0.09879585453821615,0.09628266656071599,0.09615041330442359,0.1275653663200875
23,0.11951084689853929,0.11941050387360727,0.11970277214369655,0.11099447909926152,0.10286437433824866,0.10331535052866091,0.10458695883493793,0.10033062911359024,0.11928408516945772
24,0.11446379526529872,0.11446379526529872,0.11446379526529872,0.10988313286283274,0.11136629220721078,0.11024642605897812,0.10901114061630643,0.10633312537408372,0.10976849708469187
25,0.11765133232372073,0.11763617007894257,0.11762418224483952,0.11762869923041148,0.10339238860699274,0.10361697543713366,0.1035599613441104,0.10206648133641977,0.11682380939742903
26,0.11285304973812743,0.11274576383334511,0.11468345476594935,0.12592961188287113,0.1095305139096061,0.11354621325353005,0.11164145333514151,0.1142183114985551,0.084851627782874
27,0.11704725653667349,0.1194293800178693,0.11503069317892456,0.10857261350642024,0.10438113843228082,0.10662695037648791,0.10185588270566874,0.10380442463817752,0.12325166060749736
28,0.10581117176408353,0.10434711828568242,0.10573736467486874,0.10534668374295034,0.11851682362160917,0.114190535925509,0.11484091553186372,0.11855637317755514,0.11265301327587791
29,0.1091752800225477,0.10801313388415403,0.10941376332318517,0.10885844675947151,0.11139306341847642,0.11386437844531798,0.11373418122633465,0.11268048596575067,0.11286726695476189
30,0.1191235299050766,0.11253234007850065,0.11915535549623288,0.11348001471039945,0.10612125236343832,0.1066642472497349,0.10715511124277566,0.10309075678300018,0.11267739217084129
31,0.11285304973812743,0.11274576383334511,0.11468345476594935,0.12592961188287113,0.1095305139096061,0.11354621325353005,0.11164145333514151,0.1142183114985551,0.084851627782874
32,0.11285304973812743,0.11274576383334511,0.11468345476594935,0.12592961188287113,0.1095305139096061,0.11354621325353005,0.11164145333514151,0.1142183114985551,0.084851627782874
33,0.11285304973812743,0.11274576383334511,0.11468345476594935,0.12592961188287113,0.1095305139096061,0.11354621325353005,0.11164145333514151,0.1142183114985551,0.084851627782874
34,0.1191235299050766,0.11253234007850065,0.11915535549623288,0.11348001471039945,0.10612125236343832,0.1066642472497349,0.10715511124277566,0.10309075678300018,0.11267739217084129
35,0.11285304973812743,0.11274576383334511,0.11468345476594935,0.12592961188287113,0.1095305139096061,0.11354621325353005,0.11164145333514151,0.1142183114985551,0.084851627782874
36,0.10033776034750183,0.09760551729086346,0.09399728347951916,0.10823589438320265,0.11368388442117663,0.11517424180747587,0.11518314800334488,0.10947524284453897,0.14630702742237686
