,Estim(XGBClassifier)_Imputer(IterativeImputer(<class 'sklearn.linear_model._bayes.BayesianRidge'>)),Estim(XGBClassifier)_Imputer(IterativeImputer(<class 'xgboost.sklearn.XGBRegressor'>)),Estim(XGBClassifier)_Imputer(IterativeImputer(<class 'sklearn.ensemble._forest.RandomForestRegressor'>)),Estim(XGBClassifier)_Imputer(KNNImputer),Estim(RandomForestClassifier)_Imputer(IterativeImputer(<class 'sklearn.linear_model._bayes.BayesianRidge'>)),Estim(RandomForestClassifier)_Imputer(IterativeImputer(<class 'xgboost.sklearn.XGBRegressor'>)),Estim(RandomForestClassifier)_Imputer(IterativeImputer(<class 'sklearn.ensemble._forest.RandomForestRegressor'>)),Estim(RandomForestClassifier)_Imputer(KNNImputer),Estim(<class 'new_base.ClassifierWithImputation'>)_Imputer(Identity)
0,0.09790983535315749,0.13831549935394605,0.08571671541224074,0.14213283242566635,0.10441617521589791,0.11964482666238804,0.0955812409093761,0.11721359727032524,0.09906927739700212
1,0.09836213941372583,0.10656605739772045,0.11414737938041476,0.11877332931026449,0.10590169665973936,0.10935861656467467,0.11198818923736428,0.11249434187072714,0.122408250165369
2,0.10465639620568923,0.12083969818032787,0.12153266236537673,0.12036327824154118,0.09427634005067291,0.1079320506652086,0.110371288226732,0.10460371214496271,0.11542457391948883
3,0.13185901711582265,0.1267002047584868,0.1055995114103766,0.09436927818739271,0.0997614515424993,0.10246639111399079,0.10230709754282079,0.105320238209073,0.13161681011953735
4,0.10465639620568923,0.12083969818032787,0.12153266236537673,0.12036327824154118,0.09427634005067291,0.1079320506652086,0.110371288226732,0.10460371214496271,0.11542457391948883
5,0.10240512338379601,0.10651941099166788,0.11200161454551555,0.11764664509620282,0.10866502669697951,0.10824097569334831,0.10979729316042537,0.11081708470039336,0.12390682573167107
6,0.10836726239068108,0.10702646630657478,0.10003509689485646,0.13266157129821776,0.10748492054412115,0.10772979593189302,0.10113783647733679,0.11790654247553496,0.11765050768078388
7,0.10885999471067166,0.10223988377134845,0.09761369620362284,0.08912635134366763,0.1199322495747214,0.11599259646892435,0.11699571185089404,0.11043445193822193,0.1388050641379277
8,0.1283090117972712,0.1256113413925321,0.12871595443526263,0.08545055408987712,0.09950869160278182,0.10280671488905965,0.10162230406401344,0.09193096898501703,0.13604445874418486
9,0.10836726239068108,0.10702646630657478,0.10003509689485646,0.13266157129821776,0.10748492054412115,0.10772979593189302,0.10113783647733679,0.11790654247553496,0.11765050768078388
10,0.09349041212644434,0.12772505869893339,0.12896560197680365,0.10094725836511789,0.09663667655877395,0.1119599098904021,0.11546876641284701,0.09670606946140102,0.1281002465092766
11,0.0981055693573064,0.1052587632569043,0.12111568630738813,0.11840503955280943,0.11070773218977356,0.1072627422865663,0.11484316414916143,0.11530525950399283,0.10899604339609784
12,0.08349863216387308,0.11595847564232672,0.12525078836630532,0.1202714455380304,0.10688487111317418,0.11700664501516155,0.11738141545744328,0.11432983988900212,0.0994178868146834
13,0.1023081086983705,0.13349521356899108,0.1254606282419118,0.10642768185144448,0.09788295336585683,0.11467784350048645,0.11224968549065029,0.1028871555398562,0.10461072974243249
14,0.10465639620568923,0.12083969818032787,0.12153266236537673,0.12036327824154118,0.09427634005067291,0.1079320506652086,0.110371288226732,0.10460371214496271,0.11542457391948883
15,0.10465639620568923,0.12083969818032787,0.12153266236537673,0.12036327824154118,0.09427634005067291,0.1079320506652086,0.110371288226732,0.10460371214496271,0.11542457391948883
16,0.09692762249003682,0.1005523146910718,0.08618356312432159,0.11163054593285238,0.11781886736734032,0.11970302518036233,0.11441964880772158,0.12070402998436396,0.13206038242192936
17,0.12267050702626531,0.11750530437098657,0.09197048739261117,0.11123822411380622,0.11381187074487224,0.11053265613767285,0.09943949552616979,0.10962397698165155,0.1232074777059642
18,0.10443611123837421,0.09958641990762884,0.13826944716568298,0.1147407102717449,0.10512148430398743,0.10041168650034096,0.12066367352450108,0.11075436130491352,0.10601610578282623
19,0.12121597795836521,0.12152508874814244,0.11920636601438665,0.12298130180550144,0.11081699986453836,0.1043687300681653,0.09520405964199671,0.09972226142062647,0.10495921447827729
20,0.11112990588643223,0.13244796197825726,0.12532467583001708,0.10861442297477816,0.09778351693612897,0.1095457687073684,0.10933717395220875,0.10133547809356415,0.10448109564124532
21,0.11872841144445663,0.12030961882946521,0.12126533920082234,0.11947941438211135,0.09472195917185677,0.10649458179481074,0.1030985144456609,0.09705320323516456,0.11884895749565169
22,0.10443611123837421,0.09958641990762884,0.13826944716568298,0.1147407102717449,0.10512148430398743,0.10041168650034096,0.12066367352450108,0.11075436130491352,0.10601610578282623
23,0.10151980625010969,0.13197275581966245,0.13195413443240275,0.1082314448128032,0.0954632602566304,0.11559834701856851,0.11809617367878791,0.09964165542143787,0.09752242230959686
24,0.11872841144445663,0.12030961882946521,0.12126533920082234,0.11947941438211135,0.09472195917185677,0.10649458179481074,0.1030985144456609,0.09705320323516456,0.11884895749565169
25,0.09744572719051259,0.13029223599024065,0.13241458292741573,0.10237526037505679,0.08994118052643157,0.11005279160071472,0.11447938301980645,0.09370257761976171,0.12929626075005973
26,0.09927251068096994,0.09671867733866961,0.12826236993679044,0.10817861578695163,0.11149266543171289,0.11250278315571224,0.12039309196332643,0.1225597886070436,0.10061949709882348
27,0.11608063969261073,0.11548168807960497,0.11379337238147232,0.1032472859024853,0.10863448104759145,0.10890507113051277,0.11021190771084097,0.10164472528702638,0.12200082876785509
28,0.10226238094673701,0.12938045992714559,0.12854050529049818,0.10407426067694596,0.1030502929842418,0.11746755143438785,0.11911140629800777,0.09937666065517235,0.09673648178686312
29,0.11370314978283928,0.10072302878178652,0.06864222288533561,0.11807380676402751,0.11557179816209312,0.11371788789231944,0.09621556115075584,0.12399168223984114,0.14936086234100168
30,0.10240512338379601,0.10651941099166788,0.11200161454551555,0.11764664509620282,0.10866502669697951,0.10824097569334831,0.10979729316042537,0.11081708470039336,0.12390682573167107
31,0.13185901711582265,0.1267002047584868,0.1055995114103766,0.09436927818739271,0.0997614515424993,0.10246639111399079,0.10230709754282079,0.105320238209073,0.13161681011953735
32,0.08349863216387308,0.11595847564232672,0.12525078836630532,0.1202714455380304,0.10688487111317418,0.11700664501516155,0.11738141545744328,0.11432983988900212,0.0994178868146834
33,0.09744572719051259,0.13029223599024065,0.13241458292741573,0.10237526037505679,0.08994118052643157,0.11005279160071472,0.11447938301980645,0.09370257761976171,0.12929626075005973
34,0.12679835888079585,0.11625867963219677,0.12889286507730105,0.10007041346361083,0.10557614477908876,0.105581733696656,0.10120379843864295,0.0916176612379559,0.12400034479375165
35,0.09790983535315749,0.13831549935394605,0.08571671541224074,0.14213283242566635,0.10441617521589791,0.11964482666238804,0.0955812409093761,0.11721359727032524,0.09906927739700212
36,0.11088118565335824,0.10503020230007387,0.09150506262579777,0.10816702185095128,0.11757728689143622,0.11394977186756172,0.11216799832280862,0.10920590310393949,0.13151556738407288
37,0.10703795685587615,0.12125996515488416,0.12125173410209829,0.11847058100274174,0.0962365319232325,0.10779053844934407,0.10776491686280723,0.10313199440079618,0.11705578124821966
38,0.09744572719051259,0.13029223599024065,0.13241458292741573,0.10237526037505679,0.08994118052643157,0.11005279160071472,0.11447938301980645,0.09370257761976171,0.12929626075005973
39,0.09790983535315749,0.13831549935394605,0.08571671541224074,0.14213283242566635,0.10441617521589791,0.11964482666238804,0.0955812409093761,0.11721359727032524,0.09906927739700212
40,0.11872841144445663,0.12030961882946521,0.12126533920082234,0.11947941438211135,0.09472195917185677,0.10649458179481074,0.1030985144456609,0.09705320323516456,0.11884895749565169
41,0.10465639620568923,0.12083969818032787,0.12153266236537673,0.12036327824154118,0.09427634005067291,0.1079320506652086,0.110371288226732,0.10460371214496271,0.11542457391948883
42,0.11608063969261073,0.11548168807960497,0.11379337238147232,0.1032472859024853,0.10863448104759145,0.10890507113051277,0.11021190771084097,0.10164472528702638,0.12200082876785509
43,0.10240512338379601,0.10651941099166788,0.11200161454551555,0.11764664509620282,0.10866502669697951,0.10824097569334831,0.10979729316042537,0.11081708470039336,0.12390682573167107
44,0.10240512338379601,0.10651941099166788,0.11200161454551555,0.11764664509620282,0.10866502669697951,0.10824097569334831,0.10979729316042537,0.11081708470039336,0.12390682573167107
45,0.10465639620568923,0.12083969818032787,0.12153266236537673,0.12036327824154118,0.09427634005067291,0.1079320506652086,0.110371288226732,0.10460371214496271,0.11542457391948883
46,0.09790983535315749,0.13831549935394605,0.08571671541224074,0.14213283242566635,0.10441617521589791,0.11964482666238804,0.0955812409093761,0.11721359727032524,0.09906927739700212
47,0.10240512338379601,0.10651941099166788,0.11200161454551555,0.11764664509620282,0.10866502669697951,0.10824097569334831,0.10979729316042537,0.11081708470039336,0.12390682573167107
48,0.12655498504991833,0.10998874525618285,0.1111973931657461,0.11470002312756696,0.11541124838512154,0.1066099647212072,0.09815360958748476,0.10822312400249118,0.10916090670428129
49,0.10226238094673701,0.12938045992714559,0.12854050529049818,0.10407426067694596,0.1030502929842418,0.11746755143438785,0.11911140629800777,0.09937666065517235,0.09673648178686312
50,0.11370314978283928,0.10072302878178652,0.06864222288533561,0.11807380676402751,0.11557179816209312,0.11371788789231944,0.09621556115075584,0.12399168223984114,0.14936086234100168
51,0.09790983535315749,0.13831549935394605,0.08571671541224074,0.14213283242566635,0.10441617521589791,0.11964482666238804,0.0955812409093761,0.11721359727032524,0.09906927739700212
52,0.12655498504991833,0.10998874525618285,0.1111973931657461,0.11470002312756696,0.11541124838512154,0.1066099647212072,0.09815360958748476,0.10822312400249118,0.10916090670428129
53,0.08349863216387308,0.11595847564232672,0.12525078836630532,0.1202714455380304,0.10688487111317418,0.11700664501516155,0.11738141545744328,0.11432983988900212,0.0994178868146834
54,0.10240512338379601,0.10651941099166788,0.11200161454551555,0.11764664509620282,0.10866502669697951,0.10824097569334831,0.10979729316042537,0.11081708470039336,0.12390682573167107
55,0.10465639620568923,0.12083969818032787,0.12153266236537673,0.12036327824154118,0.09427634005067291,0.1079320506652086,0.110371288226732,0.10460371214496271,0.11542457391948883
56,0.11608063969261073,0.11548168807960497,0.11379337238147232,0.1032472859024853,0.10863448104759145,0.10890507113051277,0.11021190771084097,0.10164472528702638,0.12200082876785509
57,0.11370314978283928,0.10072302878178652,0.06864222288533561,0.11807380676402751,0.11557179816209312,0.11371788789231944,0.09621556115075584,0.12399168223984114,0.14936086234100168
58,0.10885999471067166,0.10223988377134845,0.09761369620362284,0.08912635134366763,0.1199322495747214,0.11599259646892435,0.11699571185089404,0.11043445193822193,0.1388050641379277
59,0.10044033663479507,0.1270279366215346,0.09760944824286598,0.11150689051299897,0.11096044242614589,0.12077729876534496,0.11140263044100811,0.10795549559953976,0.11231952075576712
0,0.09572335631160535,0.13468971622886963,0.0998612938620337,0.1371562471663308,0.0948517495302749,0.1088499989596223,0.09726035464592848,0.11506973043775744,0.11653755285757722
1,0.1126569139091386,0.10363077575379928,0.11902836656135886,0.10766305225584644,0.10204191981915396,0.09977232437961059,0.11203978303435874,0.1046355164321894,0.1385313478545443
2,0.11186017777644322,0.11597556367447673,0.12571989597074398,0.12185976500575833,0.10344522291369272,0.09011409296251324,0.11309439030008746,0.10806629576855552,0.10986459562772874
3,0.09572335631160535,0.13468971622886963,0.0998612938620337,0.1371562471663308,0.0948517495302749,0.1088499989596223,0.09726035464592848,0.11506973043775744,0.11653755285757722
4,0.11186017777644322,0.11597556367447673,0.12571989597074398,0.12185976500575833,0.10344522291369272,0.09011409296251324,0.11309439030008746,0.10806629576855552,0.10986459562772874
5,0.11186017777644322,0.11597556367447673,0.12571989597074398,0.12185976500575833,0.10344522291369272,0.09011409296251324,0.11309439030008746,0.10806629576855552,0.10986459562772874
6,0.11186017777644322,0.11597556367447673,0.12571989597074398,0.12185976500575833,0.10344522291369272,0.09011409296251324,0.11309439030008746,0.10806629576855552,0.10986459562772874
7,0.1247729513756548,0.11333282274151821,0.12153242742827916,0.09270849418606184,0.1119199346699897,0.10830034172658974,0.11371860389029517,0.10336880287628512,0.1103456211053264
8,0.11416298836437766,0.12254054387092393,0.09690772922746747,0.12814311523082117,0.10879411829514245,0.12101229587393604,0.10046872223478025,0.10998381679842278,0.0979866701041284
9,0.10670128442360716,0.11639285381131768,0.11790514709259976,0.12742542837490042,0.09639931198740971,0.1004678882547425,0.09814923476979992,0.10558426163812457,0.13097458964749803
10,0.10493604360382044,0.1127198295817906,0.11703748801438628,0.1255744609537166,0.10067125652160146,0.09983985223123251,0.10644810454416634,0.10548085683934752,0.12729210770993823
11,0.1126569139091386,0.10363077575379928,0.11902836656135886,0.10766305225584644,0.10204191981915396,0.09977232437961059,0.11203978303435874,0.1046355164321894,0.1385313478545443
12,0.11416298836437766,0.12254054387092393,0.09690772922746747,0.12814311523082117,0.10879411829514245,0.12101229587393604,0.10046872223478025,0.10998381679842278,0.0979866701041284
13,0.11158366958649697,0.11364663242855537,0.11466725690986496,0.1107360784192778,0.1082459201729395,0.10811466904424395,0.10067827445325699,0.11645778416353575,0.1158697148218287
14,0.12453433945808698,0.12192285309893539,0.11482700233828796,0.11906098884065752,0.09927768817105527,0.1016659198257979,0.09631757004322342,0.10635182181913207,0.11604181640482325
15,0.11186017777644322,0.11597556367447673,0.12571989597074398,0.12185976500575833,0.10344522291369272,0.09011409296251324,0.11309439030008746,0.10806629576855552,0.10986459562772874
16,0.12668540895819194,0.09457452774718886,0.1055910835767772,0.1215968713494772,0.1029993508506058,0.10351092440804183,0.10319605652408477,0.10708742225978383,0.13475835432584843
17,0.11229711185547195,0.11301479294708353,0.11303341736493526,0.11537410204389982,0.10820408946707884,0.10796067141484114,0.10911243338817433,0.1143969722587703,0.10660640925974466
18,0.11643753104690412,0.12073273936824318,0.11997864267725762,0.12059280397900317,0.09970809974520245,0.10100990136843974,0.1030636087497651,0.1027939330676637,0.115682739997521
19,0.0994517857954055,0.12734032225658778,0.12023504581004615,0.12489650184953188,0.09514004855199763,0.10562341569766634,0.09915936162130677,0.10743198468168853,0.12072153373576969
20,0.12251939933941446,0.10594361023796232,0.10748154257813536,0.1258296853735993,0.10268188181800425,0.10395313113261756,0.10008762352493816,0.10414187280017126,0.12736125319515704
21,0.12668540895819194,0.09457452774718886,0.1055910835767772,0.1215968713494772,0.1029993508506058,0.10351092440804183,0.10319605652408477,0.10708742225978383,0.13475835432584843
22,0.10670128442360716,0.11639285381131768,0.11790514709259976,0.12742542837490042,0.09639931198740971,0.1004678882547425,0.09814923476979992,0.10558426163812457,0.13097458964749803
23,0.09641184814429038,0.13689640678727769,0.1007937235081895,0.13051178334977032,0.09371577742723339,0.1113376973671265,0.096298757108067,0.11628918744616824,0.11774481886187699
24,0.11023951103332558,0.11114122191171447,0.11885848363686642,0.10453006821421701,0.10560176943280614,0.09968174317713463,0.11581832988442836,0.10929877410226417,0.12483009860724306
25,0.11416298836437766,0.12254054387092393,0.09690772922746747,0.12814311523082117,0.10879411829514245,0.12101229587393604,0.10046872223478025,0.10998381679842278,0.0979866701041284
26,0.11636958106266905,0.1162259743452434,0.11512689443043357,0.1094056508615898,0.10571828717206366,0.11260923241165373,0.10840484136027868,0.1068862720888734,0.10925326626719474
27,0.09572335631160535,0.13468971622886963,0.0998612938620337,0.1371562471663308,0.0948517495302749,0.1088499989596223,0.09726035464592848,0.11506973043775744,0.11653755285757722
28,0.11229711185547195,0.11301479294708353,0.11303341736493526,0.11537410204389982,0.10820408946707884,0.10796067141484114,0.10911243338817433,0.1143969722587703,0.10660640925974466
29,0.10493604360382044,0.1127198295817906,0.11703748801438628,0.1255744609537166,0.10067125652160146,0.09983985223123251,0.10644810454416634,0.10548085683934752,0.12729210770993823
30,0.12010588844460385,0.10582382345121204,0.10912623519679737,0.10957071931024435,0.0991882592574447,0.10369252667490941,0.11359520659477391,0.099526883777753,0.13937045729226144
31,0.0994517857954055,0.12734032225658778,0.12023504581004615,0.12489650184953188,0.09514004855199763,0.10562341569766634,0.09915936162130677,0.10743198468168853,0.12072153373576969
32,0.09572335631160535,0.13468971622886963,0.0998612938620337,0.1371562471663308,0.0948517495302749,0.1088499989596223,0.09726035464592848,0.11506973043775744,0.11653755285757722
33,0.09641184814429038,0.13689640678727769,0.1007937235081895,0.13051178334977032,0.09371577742723339,0.1113376973671265,0.096298757108067,0.11628918744616824,0.11774481886187699
34,0.11158366958649697,0.11364663242855537,0.11466725690986496,0.1107360784192778,0.1082459201729395,0.10811466904424395,0.10067827445325699,0.11645778416353575,0.1158697148218287
35,0.11416298836437766,0.12254054387092393,0.09690772922746747,0.12814311523082117,0.10879411829514245,0.12101229587393604,0.10046872223478025,0.10998381679842278,0.0979866701041284
36,0.11416298836437766,0.12254054387092393,0.09690772922746747,0.12814311523082117,0.10879411829514245,0.12101229587393604,0.10046872223478025,0.10998381679842278,0.0979866701041284
37,0.11718365046518717,0.11720984947275362,0.1107605669613222,0.12535475080664432,0.10224037276767925,0.10081111034928822,0.10247918772659659,0.1071623256301671,0.11679818582036151
38,0.1096415207259575,0.11717071157903791,0.1090455940705232,0.11483905615516939,0.10632090302871021,0.11277767941472633,0.10685254695537111,0.10831779572311905,0.11503419234738521
39,0.1247729513756548,0.11333282274151821,0.12153242742827916,0.09270849418606184,0.1119199346699897,0.10830034172658978,0.11371860389029517,0.10336880287628512,0.1103456211053264
40,0.11186017777644322,0.11597556367447673,0.12571989597074398,0.12185976500575833,0.10344522291369272,0.09011409296251324,0.11309439030008746,0.10806629576855552,0.10986459562772874
41,0.12251939933941446,0.10594361023796232,0.10748154257813536,0.1258296853735993,0.10268188181800425,0.10395313113261756,0.10008762352493816,0.10414187280017126,0.12736125319515704
42,0.09641184814429038,0.13689640678727769,0.1007937235081895,0.13051178334977032,0.09371577742723339,0.1113376973671265,0.096298757108067,0.11628918744616824,0.11774481886187699
43,0.11416298836437766,0.12254054387092393,0.09690772922746747,0.12814311523082117,0.10879411829514245,0.12101229587393604,0.10046872223478025,0.10998381679842278,0.0979866701041284
44,0.11416298836437766,0.12254054387092393,0.09690772922746747,0.12814311523082117,0.10879411829514245,0.12101229587393604,0.10046872223478025,0.10998381679842278,0.0979866701041284
45,0.11416298836437766,0.12254054387092393,0.09690772922746747,0.12814311523082117,0.10879411829514245,0.12101229587393604,0.10046872223478025,0.10998381679842278,0.0979866701041284
46,0.12453433945808698,0.12192285309893539,0.11482700233828796,0.11906098884065752,0.09927768817105527,0.1016659198257979,0.09631757004322342,0.10635182181913207,0.11604181640482325
47,0.12251939933941446,0.10594361023796232,0.10748154257813536,0.1258296853735993,0.10268188181800425,0.10395313113261756,0.10008762352493816,0.10414187280017126,0.12736125319515704
48,0.11186017777644322,0.11597556367447673,0.12571989597074398,0.12185976500575833,0.10344522291369272,0.09011409296251324,0.11309439030008746,0.10806629576855552,0.10986459562772874
49,0.11636958106266905,0.1162259743452434,0.11512689443043357,0.1094056508615898,0.10571828717206366,0.11260923241165373,0.10840484136027868,0.1068862720888734,0.10925326626719474
50,0.11158366958649697,0.11364663242855537,0.11466725690986496,0.1107360784192778,0.1082459201729395,0.10811466904424395,0.10067827445325699,0.11645778416353575,0.1158697148218287
51,0.11416298836437766,0.12254054387092393,0.09690772922746747,0.12814311523082117,0.10879411829514245,0.12101229587393604,0.10046872223478025,0.10998381679842278,0.0979866701041284
52,0.11416298836437766,0.12254054387092393,0.09690772922746747,0.12814311523082117,0.10879411829514245,0.12101229587393604,0.10046872223478025,0.10998381679842278,0.0979866701041284
53,0.11186017777644322,0.11597556367447673,0.12571989597074398,0.12185976500575833,0.10344522291369272,0.09011409296251324,0.11309439030008746,0.10806629576855552,0.10986459562772874
54,0.1347257158233291,0.12116015529260982,0.137444961562739,0.08588589356034435,0.10743322298160532,0.10734526274929507,0.1116287603175399,0.08925939144424777,0.10511663626828982
55,0.09572335631160535,0.13468971622886963,0.0998612938620337,0.1371562471663308,0.0948517495302749,0.1088499989596223,0.09726035464592848,0.11506973043775744,0.11653755285757722
56,0.0994517857954055,0.12734032225658778,0.12023504581004615,0.12489650184953188,0.09514004855199763,0.10562341569766634,0.09915936162130677,0.10743198468168853,0.12072153373576969
57,0.11416298836437766,0.12254054387092393,0.09690772922746747,0.12814311523082117,0.10879411829514245,0.12101229587393604,0.10046872223478025,0.10998381679842278,0.0979866701041284
58,0.12217719653021722,0.12015428677778678,0.12144649949771712,0.12260278818538113,0.099313166809468,0.09274805553405646,0.09727801226274355,0.10301889757133635,0.12126109683129323
59,0.10493604360382044,0.1127198295817906,0.11703748801438628,0.1255744609537166,0.10067125652160146,0.09983985223123251,0.10644810454416634,0.10548085683934752,0.12729210770993823
0,0.11963563458434387,0.12432572116938505,0.12332004987898568,0.12543305050961095,0.09638267853861565,0.099914209277662,0.10177652007042433,0.09660704947693505,0.11260508649403717
1,0.1069093413901047,0.1198884655448307,0.11949997809431377,0.11632819186376271,0.10047243332488882,0.11871570839726873,0.11202764399124095,0.10472244617243093,0.10143579122115894
2,0.12339446536656876,0.1183222176211663,0.1295836340768441,0.1307351613949822,0.09455354362156324,0.09119068592694166,0.102181475385997,0.09755543978737474,0.11248337681856191
3,0.11306551727112987,0.07443509159546259,0.13853897432641837,0.14058388209299352,0.10358626560805512,0.08420296300034741,0.11138969778346522,0.10535628107221703,0.12884132724991082
4,0.10582416649080428,0.1285687432319717,0.1119209141196645,0.1047277431920385,0.10216929513845195,0.11541973950718194,0.10713838266831319,0.10155656789105684,0.1226744477605171
5,0.11175486091432098,0.1324324463527123,0.1317554471882783,0.10362169445759664,0.11209591728008232,0.11919800200011292,0.10517770243064375,0.09728336371013015,0.08668056566612248
6,0.10124971451291584,0.1118532942323019,0.13632890617460158,0.11270012678492154,0.10602373068895134,0.11231408407824209,0.1120306011068216,0.10325009290663516,0.10424944951460889
7,0.10128233746843879,0.09335652516712677,0.139672205923228,0.12947432435724449,0.11390307289079561,0.09818253177743384,0.12264801271349318,0.1089293482393328,0.09255164146290636
8,0.10909074925629786,0.1128590158249063,0.12047227717822136,0.1212145212122388,0.11531531106660671,0.11550137016431299,0.11553203701462424,0.11569169166739496,0.07432302661539726
9,0.10582416649080428,0.1285687432319717,0.1119209141196645,0.1047277431920385,0.10216929513845195,0.11541973950718194,0.10713838266831319,0.10155656789105684,0.1226744477605171
10,0.12581728092885253,0.07983642156173035,0.11689626598835098,0.12779357314284537,0.1117191500081246,0.08646930612060734,0.12070210788626574,0.10145128326726063,0.12931461109596237
11,0.10411171943660147,0.09964094234311485,0.13899824180068052,0.1261975849567058,0.10234438223308145,0.09467438099101752,0.11622699747180336,0.09861119914706823,0.11919455161992695
12,0.1069093413901047,0.1198884655448307,0.11949997809431377,0.11632819186376271,0.10047243332488882,0.11871570839726873,0.11202764399124095,0.10472244617243093,0.10143579122115894
13,0.11794171895854964,0.09344120303922993,0.12666708710371286,0.13399746127702056,0.09985591104964489,0.09369798043787826,0.10135592636275868,0.10182357630125985,0.1312191354699457
14,0.12227980878219646,0.12048165932228588,0.12015107406445406,0.12155050218797667,0.10074987386659967,0.10066087013639607,0.10819363328691071,0.10448625833923017,0.10144632001395036
15,0.09490173765004078,0.12038394238836224,0.10493413618393307,0.10857118415639606,0.10692187876561404,0.11108293957499428,0.11439973835545321,0.11101870111930659,0.12778574180589963
16,0.11696084002478797,0.09407881096574443,0.13509844573604118,0.11388748692599476,0.11076796475603944,0.0935326062788544,0.11712056460845817,0.10090709049889282,0.11764619020518656
17,0.10124971451291584,0.1118532942323019,0.13632890617460158,0.11270012678492154,0.10602373068895134,0.11231408407824209,0.1120306011068216,0.10325009290663516,0.10424944951460889
18,0.11870500339641984,0.09820053751043382,0.12580925722238007,0.12443544407134745,0.10872933092108122,0.0977045129391508,0.11086128258456912,0.10475165130054959,0.11080298005406798
19,0.12482110505192492,0.12790838575697305,0.1285814249703303,0.12463656796215819,0.08665580669932252,0.09608308698797358,0.0984830434057624,0.09645738408081696,0.11637319508473827
20,0.11350210591798565,0.1243190303487512,0.12298504621778529,0.12204364804968276,0.08521849598557585,0.10299748329644788,0.10205236845488212,0.10026272959567659,0.12661909213321249
21,0.11350210591798565,0.1243190303487512,0.12298504621778529,0.12204364804968276,0.08521849598557585,0.10299748329644788,0.10205236845488212,0.10026272959567659,0.12661909213321249
22,0.10118423706597199,0.11226078050613218,0.1174116247793436,0.11657763969407982,0.10649255663556936,0.1047716162575043,0.1224937147628078,0.09644024092143982,0.12236758937715107
23,0.12118841524915051,0.12681018215783887,0.12596680388103812,0.12271102464407994,0.08787324461582742,0.09751725432630426,0.09933414463303772,0.09610454045969802,0.12249439003302515
24,0.11761838888493081,0.09547054873479548,0.14420354292193935,0.11438861001153738,0.11268074002165701,0.09554831165087514,0.11362502749026859,0.10475436702975091,0.10171046325424539
25,0.1305019458648504,0.11447609657032065,0.10419886126716486,0.12153837412937658,0.11259260870325372,0.10402417090732442,0.09411719598082585,0.10812012827678433,0.1104306183000993
26,0.11744678702089124,0.11938809728867032,0.12014786818386393,0.1197102382464775,0.09965859764663682,0.09790206649626727,0.10577917847104533,0.1011572406390247,0.11880992600712277
27,0.08268777406252695,0.12123362045864071,0.1413340970097875,0.09914017707613143,0.0994225009772485,0.12039486501248986,0.11120148144213778,0.1052166842597753,0.11936879970126174
28,0.11503088537542662,0.11673622753854875,0.11569818933019715,0.12387602046249749,0.10651090034588333,0.10130222729654215,0.09916604223515518,0.10229132292146283,0.11938818449428623
29,0.1148133057653589,0.11094660024968458,0.106183111381746,0.12257875262149934,0.10242129196706524,0.09554697454292413,0.08976290578144021,0.10378617252379962,0.15396088516648157
30,0.12339446536656876,0.1183222176211663,0.1295836340768441,0.1307351613949822,0.09455354362156324,0.09119068592694166,0.102181475385997,0.09755543978737474,0.11248337681856191
31,0.10124971451291584,0.1118532942323019,0.13632890617460158,0.11270012678492154,0.10602373068895134,0.11231408407824209,0.1120306011068216,0.10325009290663516,0.10424944951460889
32,0.08757111210451642,0.13005481110206513,0.12559198750766373,0.09846198740868015,0.09666532900269714,0.12574255168502443,0.11650977456457828,0.10744953618482271,0.11195291043995202
33,0.10118423706597199,0.11226078050613218,0.1174116247793436,0.11657763969407982,0.10649255663556936,0.1047716162575043,0.1224937147628078,0.09644024092143982,0.12236758937715107
34,0.11306551727112987,0.07443509159546259,0.13853897432641837,0.14058388209299352,0.10358626560805512,0.08420296300034741,0.11138969778346522,0.10535628107221703,0.12884132724991082
35,0.122527965308415,0.1239531739457269,0.1259584909059705,0.12077032120902557,0.0901782057399264,0.0994623756979304,0.10408957225389279,0.1013190566477627,0.11174083829134983
36,0.11175486091432098,0.1324324463527123,0.1317554471882783,0.10362169445759664,0.11209591728008232,0.11919800200011292,0.10517770243064375,0.09728336371013015,0.08668056566612248
37,0.12019099309732141,0.10924858737675566,0.12421980711181194,0.1079816182733674,0.11687050835837696,0.10704109826197009,0.11619645165874365,0.0956025499701225,0.10264838589153014
38,0.1185819606975084,0.11723756684856,0.12586465838520658,0.12056482046674755,0.09070267735452801,0.09752517655693138,0.10651945806858341,0.09970463322819084,0.12329904839374364
39,0.1070928847590752,0.11983933014206286,0.12099019615452265,0.11178680863508063,0.10295237682806485,0.11715363567377263,0.11722917294371189,0.10530709454513013,0.09764850031857944
40,0.1305019458648504,0.11447609657032065,0.10419886126716486,0.12153837412937658,0.11259260870325372,0.10402417090732442,0.09411719598082585,0.10812012827678433,0.1104306183000993
41,0.12634014856806688,0.09542305252779396,0.12437315423442448,0.12770616249982333,0.10273330731334201,0.09652971879010439,0.1016990639592887,0.09725916730791048,0.1279362247992456
42,0.1176875275847812,0.11946716171328658,0.12008930415360346,0.11942635245778424,0.1023359232431137,0.09753448169680126,0.10640299969980947,0.09884922392047325,0.11820702553034702
43,0.10851381102475127,0.11989899409832629,0.10212050464719025,0.10782789230558806,0.09315861866349466,0.11472511858170503,0.11155206924529147,0.10278927439323994,0.13941371704041297
44,0.09490173765004078,0.12038394238836224,0.10493413618393307,0.10857118415639606,0.10692187876561404,0.11108293957499428,0.11439973835545321,0.11101870111930659,0.12778574180589963
45,0.09490173765004078,0.12038394238836224,0.10493413618393307,0.10857118415639606,0.10692187876561404,0.11108293957499428,0.11439973835545321,0.11101870111930659,0.12778574180589963
46,0.1069093413901047,0.1198884655448307,0.11949997809431377,0.11632819186376271,0.10047243332488882,0.11871570839726873,0.11202764399124095,0.10472244617243093,0.10143579122115894
47,0.122527965308415,0.1239531739457269,0.1259584909059705,0.12077032120902557,0.0901782057399264,0.0994623756979304,0.10408957225389279,0.1013190566477627,0.11174083829134983
48,0.08268777406252695,0.12123362045864071,0.1413340970097875,0.09914017707613143,0.0994225009772485,0.12039486501248986,0.11120148144213778,0.1052166842597753,0.11936879970126174
49,0.122527965308415,0.1239531739457269,0.1259584909059705,0.12077032120902557,0.0901782057399264,0.0994623756979304,0.10408957225389279,0.1013190566477627,0.11174083829134983
50,0.11175486091432098,0.1324324463527123,0.1317554471882783,0.10362169445759664,0.11209591728008232,0.11919800200011292,0.10517770243064375,0.09728336371013015,0.08668056566612248
51,0.11283421449694989,0.11429872083180997,0.11483112081622296,0.11451384930347804,0.10738168308386903,0.10425886989385624,0.11081634026234777,0.10721952834550859,0.11384567296595755
52,0.11936339227844729,0.1074538248861707,0.10467503604372687,0.1144176783096581,0.10574912120624111,0.09972825822411549,0.09840687115570823,0.10361045246182059,0.14659536543411186
53,0.11870500339641984,0.09820053751043382,0.12580925722238007,0.12443544407134745,0.10872933092108122,0.0977045129391508,0.11086128258456912,0.10475165130054959,0.11080298005406798
54,0.12634014856806688,0.09542305252779396,0.12437315423442448,0.12770616249982333,0.10273330731334201,0.09652971879010439,0.1016990639592887,0.09725916730791048,0.1279362247992456
55,0.10582416649080428,0.1285687432319717,0.1119209141196645,0.1047277431920385,0.10216929513845195,0.11541973950718194,0.10713838266831319,0.10155656789105684,0.1226744477605171
56,0.09490173765004078,0.12038394238836224,0.10493413618393307,0.10857118415639606,0.10692187876561404,0.11108293957499428,0.11439973835545321,0.11101870111930659,0.12778574180589963
57,0.11283421449694989,0.11429872083180997,0.11483112081622296,0.11451384930347804,0.10738168308386903,0.10425886989385624,0.11081634026234777,0.10721952834550859,0.11384567296595755
58,0.12339446536656876,0.1183222176211663,0.1295836340768441,0.1307351613949822,0.09455354362156324,0.09119068592694166,0.102181475385997,0.09755543978737474,0.11248337681856191
0,0.10033838982367206,0.13496111585343093,0.11115487949562557,0.08439797920700474,0.10634191535764906,0.11938689391347912,0.11450531567139752,0.09318003565258569,0.1357334750251553
1,0.10441835008696428,0.11569903307420194,0.11611791166996362,0.08985412361198457,0.11492704017426325,0.11184560014175945,0.11833650145730709,0.1048072657111935,0.123994174072362
2,0.08528302081892249,0.14113567835901025,0.13447796873187762,0.10202763191423524,0.09827591886032583,0.11208131745317643,0.12087947889495808,0.09922282238141208,0.10661616258608224
3,0.1121111912749361,0.09942133007498957,0.1236895809466958,0.14833592891361713,0.10483357434727478,0.09438996570255914,0.10640492612678477,0.1050560647458402,0.1057574378673028
4,0.10033838982367206,0.13496111585343093,0.11115487949562557,0.08439797920700474,0.10634191535764906,0.11938689391347912,0.11450531567139752,0.09318003565258569,0.1357334750251553
5,0.11286584473576437,0.1189889485732933,0.11779134734589562,0.11116877225339236,0.102634065052163,0.10962633863975255,0.11120179285471152,0.10167969350351663,0.11404319704151034
6,0.10033838982367206,0.13496111585343093,0.11115487949562557,0.08439797920700474,0.10634191535764906,0.11938689391347912,0.11450531567139752,0.09318003565258569,0.1357334750251553
7,0.10033838982367206,0.13496111585343093,0.11115487949562557,0.08439797920700474,0.10634191535764906,0.11938689391347912,0.11450531567139752,0.09318003565258569,0.1357334750251553
8,0.08572474469250144,0.13602728050258903,0.13636277966804677,0.08871807500125561,0.09752342839534488,0.12033806032942661,0.1310111151100593,0.09435312438613548,0.10994139191464092
9,0.13132921429568373,0.11927568674469906,0.08292211258206104,0.11135680635094512,0.10930682008478132,0.11116769218735455,0.095526185264477,0.10387938196475763,0.13523610052524057
10,0.11430898191573512,0.11791200356615494,0.10125237229318775,0.11594900048671658,0.10398203623090306,0.12429007612584053,0.10022452945179416,0.1076674674359904,0.11441353249367739
11,0.12276381633228525,0.11632742969994271,0.12583454669710753,0.11174392319025392,0.11127396766515356,0.10000393934219268,0.103902444025199,0.09634675624076829,0.11180317680709716
12,0.12414026640892228,0.13249679514567528,0.12629290888688932,0.10835771247519338,0.10323535182094941,0.09931836930749896,0.1025951370663926,0.10390898628399536,0.09965447260448347
13,0.099241803895425,0.09914135921098302,0.10531766388003472,0.16495606197413407,0.10368488913659313,0.09827192839672733,0.10485264491803745,0.11411533287957318,0.11041831570849209
14,0.10033838982367206,0.13496111585343093,0.11115487949562557,0.08439797920700474,0.10634191535764906,0.11938689391347912,0.11450531567139752,0.09318003565258569,0.1357334750251553
15,0.10033838982367206,0.13496111585343093,0.11115487949562557,0.08439797920700474,0.10634191535764906,0.11938689391347912,0.11450531567139752,0.09318003565258569,0.1357334750251553
16,0.08528302081892249,0.14113567835901025,0.13447796873187762,0.10202763191423524,0.09827591886032583,0.11208131745317643,0.12087947889495808,0.09922282238141208,0.10661616258608224
17,0.11494338340296022,0.12493704126754515,0.09672496958558865,0.11458972386010279,0.10512789840753682,0.10817511681865943,0.10101141577129838,0.10666965606028966,0.12782079482601877
18,0.09571028175227492,0.1345033519521262,0.1359388220393236,0.09599395349836704,0.09872092056519234,0.11618843135899805,0.11918741581253083,0.09571927594461427,0.10803754707657294
19,0.09577763357564732,0.13755933859362005,0.10648310278671164,0.09066110395576665,0.10317442119544488,0.12058307279380591,0.11081485754886526,0.09628636124639282,0.13866010830374553
20,0.10033838982367206,0.13496111585343093,0.11115487949562557,0.08439797920700474,0.10634191535764906,0.11938689391347912,0.11450531567139752,0.09318003565258569,0.1357334750251553
21,0.11286584473576437,0.1189889485732933,0.11779134734589562,0.11116877225339236,0.102634065052163,0.10962633863975255,0.11120179285471152,0.10167969350351663,0.11404319704151034
22,0.10033838982367206,0.13496111585343093,0.11115487949562557,0.08439797920700474,0.10634191535764906,0.11938689391347912,0.11450531567139752,0.09318003565258569,0.1357334750251553
23,0.08528302081892249,0.14113567835901025,0.13447796873187762,0.10202763191423524,0.09827591886032583,0.11208131745317643,0.12087947889495808,0.09922282238141208,0.10661616258608224
24,0.1257287471803741,0.11523720738471234,0.0908108132919513,0.11032547388422573,0.11364874160498371,0.11027521637522623,0.09768141301782104,0.10280730415486458,0.13348508310584117
25,0.11286584473576437,0.1189889485732933,0.11779134734589562,0.11116877225339236,0.102634065052163,0.10962633863975255,0.11120179285471152,0.10167969350351663,0.11404319704151034
26,0.08528302081892249,0.14113567835901025,0.13447796873187762,0.10202763191423524,0.09827591886032583,0.11208131745317643,0.12087947889495808,0.09922282238141208,0.10661616258608224
27,0.1165168076139684,0.11901360542462633,0.10377510460000233,0.11255320425878244,0.10651895639833611,0.11904153083808114,0.10358786892040783,0.10569408693619567,0.11329883500959965
28,0.0870028157341863,0.13138921034279183,0.12831105402539136,0.11484125544850488,0.09346202476482705,0.11124524894504183,0.12381145357887642,0.105142324399107,0.1047946127612736
29,0.1196088577686227,0.11968252858659062,0.11895390188457294,0.10663335080486529,0.10922986810599304,0.10668449141149283,0.10777174734209369,0.09536507782763344,0.11607017626813526
30,0.10888021102514808,0.12074387724463329,0.09795775225393785,0.11345433478049,0.10123083175982005,0.11849263828452265,0.11063004394244505,0.11111597601105075,0.11749433469795188
31,0.10888021102514808,0.12074387724463329,0.09795775225393785,0.11345433478049,0.10123083175982005,0.11849263828452265,0.11063004394244505,0.11111597601105075,0.11749433469795188
32,0.08572474469250144,0.13602728050258903,0.13636277966804677,0.08871807500125561,0.09752342839534488,0.12033806032942661,0.1310111151100593,0.09435312438613548,0.10994139191464092
33,0.07958116428787554,0.12143008262889822,0.11526244016596858,0.11178034547713941,0.10026371095741948,0.11441804950361834,0.12128021490859055,0.11185082921740293,0.12413316285308659
34,0.1015269152693931,0.1258845968792527,0.13728939306172352,0.10246173729322003,0.10752928275012308,0.10645743669111771,0.1131553216296269,0.0987799161189327,0.10691540030661029
35,0.10033838982367206,0.13496111585343093,0.11115487949562557,0.08439797920700474,0.10634191535764906,0.11938689391347912,0.11450531567139752,0.09318003565258569,0.1357334750251553
36,0.0870028157341863,0.13138921034279183,0.12831105402539136,0.11484125544850488,0.09346202476482705,0.11124524894504183,0.12381145357887642,0.105142324399107,0.1047946127612736
