,Estim(XGBClassifier)_Imputer(IterativeImputer(<class 'sklearn.linear_model._bayes.BayesianRidge'>)),Estim(XGBClassifier)_Imputer(IterativeImputer(<class 'xgboost.sklearn.XGBRegressor'>)),Estim(XGBClassifier)_Imputer(IterativeImputer(<class 'sklearn.ensemble._forest.RandomForestRegressor'>)),Estim(XGBClassifier)_Imputer(KNNImputer),Estim(RandomForestClassifier)_Imputer(IterativeImputer(<class 'sklearn.linear_model._bayes.BayesianRidge'>)),Estim(RandomForestClassifier)_Imputer(IterativeImputer(<class 'xgboost.sklearn.XGBRegressor'>)),Estim(RandomForestClassifier)_Imputer(IterativeImputer(<class 'sklearn.ensemble._forest.RandomForestRegressor'>)),Estim(RandomForestClassifier)_Imputer(KNNImputer),Estim(<class 'new_base.ClassifierWithImputation'>)_Imputer(Identity)
0,0.11085542475114292,0.10613933931614439,0.11085542475114292,0.1103997066250894,0.11670391267273453,0.11819846020836047,0.11670391267273453,0.11524217367023462,0.094901645332416
1,0.09406414209760718,0.12293606936838435,0.09559974314822091,0.12166869844905934,0.10620042688168542,0.11320682322307785,0.10668881652654742,0.11317172993551605,0.12646355036990134
2,0.1044429374080715,0.10984055531546846,0.11471158993983055,0.1044429374080715,0.1103656105207913,0.11418903777000777,0.11503430769213067,0.11032505047003441,0.11664797347559377
3,0.11731131761288356,0.11704972246416277,0.1172401925363924,0.1096079702972466,0.10785371302515058,0.10711244778582145,0.10737359137329167,0.10012395081932386,0.11632709408572738
4,0.1038591871353596,0.10369040015204654,0.10555469270554226,0.10331095547944733,0.11850960719842331,0.11764633223751689,0.1192767337757358,0.11958987716921875,0.10856221414670958
5,0.11684835269665207,0.11113898379459751,0.11373209976128733,0.10990589746136234,0.10835067044940272,0.10714348203278609,0.1079901028277996,0.10721192594143675,0.11767848503467576
6,0.10325208286510877,0.11265216972052389,0.11330479690254912,0.10316207644872155,0.1034336836885243,0.10782778770482716,0.10756539367633247,0.10207668465229965,0.146725324341113
7,0.11054057079805224,0.10199027418110383,0.10654966275987954,0.10607109243515427,0.11343901410267293,0.11132576379114985,0.11253821955486037,0.11273480516397556,0.1248105972131509
8,0.1208716142876532,0.12082678154863796,0.12088134921982537,0.11675869573383196,0.10078471926582878,0.09756283969994754,0.10039942918341815,0.09977839626687086,0.12213617479398624
9,0.11730145075873893,0.11764861853105173,0.11730864867779706,0.11617594992135682,0.10454228192819577,0.10284804087211746,0.10547488436424732,0.10216500884692403,0.11653511609957096
10,0.1164800939285503,0.11286474693266733,0.11264087459140905,0.1170588970412747,0.10741653407618597,0.10221813526759811,0.10490223821216578,0.10425049185850953,0.12216798809163927
11,0.0973619101819382,0.12325307295108688,0.09724467521531649,0.1270455168550563,0.10275129348283013,0.10886282922043618,0.10259493273098322,0.10947672661015012,0.13140904275220258
12,0.10177342090442289,0.12883772357972442,0.09981398538276573,0.13405108422709588,0.09823041049825483,0.10394636423197158,0.09773684795151998,0.104539135828233,0.13107102739601187
13,0.109915496241419,0.10973686683422205,0.10967938104375265,0.11031333914403253,0.11275136974111731,0.11179379141964263,0.11308311482036391,0.11302816559282454,0.10969847516262533
14,0.11414983471378473,0.13168844744493527,0.11423919755716903,0.11611538834430453,0.10387146807816258,0.1049789348655791,0.10501872760828239,0.09933000430846164,0.1106079970793206
15,0.11366821227744216,0.11327702259525081,0.11299872425544044,0.1132009309981794,0.1099735164135605,0.11182937604807136,0.10955246841398818,0.10859607692158259,0.10690367207648475
16,0.12422411705875092,0.11898779139944775,0.12422411705875092,0.09794835549017905,0.11474713503507947,0.11352492743205105,0.11474713503507947,0.10830865295050858,0.08328776854015298
17,0.1208716142876532,0.12082678154863796,0.12088134921982537,0.11675869573383196,0.10078471926582878,0.09756283969994754,0.10039942918341815,0.09977839626687086,0.12213617479398624
18,0.10177342090442289,0.12883772357972442,0.09981398538276573,0.13405108422709588,0.09823041049825483,0.10394636423197158,0.09773684795151998,0.104539135828233,0.13107102739601187
19,0.11482757598081288,0.11450010138190106,0.11466030396424157,0.11459864312363019,0.10957754428740914,0.10448605389160065,0.10634854946529769,0.10676289116749586,0.1142383367376109
20,0.11441334604258706,0.11441334604258706,0.11391192475230438,0.11391192475230438,0.10991148262430069,0.11193343267604124,0.11064667375597347,0.11172238869400804,0.09913548065989379
21,0.12057613219954848,0.12092557148157862,0.12057613219954848,0.11977914862152539,0.10037822520039781,0.09964545252551409,0.10037822520039781,0.09962052102195104,0.11812059154953845
22,0.11751586731193898,0.11785643770138117,0.11751586731193898,0.11638830915976141,0.10462787705975626,0.10247389974004643,0.10462787705975626,0.10224865756026605,0.1167452070951547
23,0.11731131761288356,0.11704972246416277,0.1172401925363924,0.1096079702972466,0.10785371302515058,0.10711244778582145,0.10737359137329167,0.10012395081932386,0.11632709408572738
24,0.11195088890505048,0.11220830713534818,0.11220830713534818,0.11068847506578539,0.11256417377989017,0.11754814585093855,0.11581016359985774,0.10712663310042006,0.09989490542736137
25,0.10534388019732598,0.1050889797594436,0.10516822988324723,0.09860632145847045,0.11342770393205819,0.11498295943144793,0.11242689500519686,0.10735108861933039,0.13760394171347937
26,0.10656505779946374,0.10639187336457002,0.10655356501938489,0.10694386843644765,0.11672977876768384,0.115738412490936,0.11738584131325679,0.11698745194737614,0.1067041508608813
27,0.1208716142876532,0.12082678154863796,0.12088134921982537,0.11675869573383196,0.10078471926582878,0.09756283969994754,0.10039942918341815,0.09977839626687086,0.12213617479398624
28,0.12825114687676933,0.12399027280959038,0.1277442755396028,0.11170254376490436,0.10089254084538021,0.0940481157232546,0.09824288010624029,0.09880381920193744,0.11632440513232076
29,0.1187498380976571,0.1136979032634529,0.11822941194896622,0.11774337992862305,0.1073541245365445,0.10621066219925031,0.10771256869336836,0.10403088102378905,0.10627123030834826
30,0.12422411705875092,0.11898779139944775,0.12422411705875092,0.09794835549017905,0.11474713503507947,0.11352492743205105,0.11474713503507947,0.10830865295050858,0.08328776854015298
31,0.12422411705875092,0.11898779139944775,0.12422411705875092,0.09794835549017905,0.11474713503507947,0.11352492743205105,0.11474713503507947,0.10830865295050858,0.08328776854015298
32,0.10899655582623369,0.10881941983704627,0.10877414567708396,0.10944097000609508,0.1137456479023242,0.11277962534451896,0.11408031841731618,0.11465000844153476,0.10871330854784675
33,0.11441334604258706,0.11441334604258706,0.11391192475230438,0.11391192475230438,0.10991148262430069,0.11193343267604124,0.11064667375597347,0.11172238869400804,0.09913548065989379
34,0.13000068922489838,0.13005369930811872,0.13000068922489838,0.10297137524293559,0.10435968819249018,0.1041250301670213,0.1034969916890213,0.10187939484414191,0.0931124421064744
35,0.11281011755732277,0.12390318797762852,0.12361900180323719,0.11281011755732277,0.10026033189155643,0.10451540620704806,0.10389850441340895,0.100759438788384,0.11742389380409145
36,0.1071280830242218,0.10741767177003245,0.10703469783934332,0.1065539489681124,0.10837919518397926,0.11072971364531871,0.10804724012645057,0.10878254475889512,0.13592690468364663
37,0.11110529637333974,0.11142728841509965,0.11110529637333974,0.1103709130834993,0.10876909387233226,0.10797506688388545,0.10876909387233226,0.10794805129314339,0.12252989983302842
38,0.10671367862167976,0.1135806232788638,0.12336054038236179,0.11708052874763245,0.10183547252053256,0.09972501798958609,0.10349765040635157,0.10330938874317802,0.1308970993098142
39,0.11864758761442833,0.11842405382333648,0.11874047154909627,0.11786869820809429,0.10512361368412788,0.10246008019775872,0.10595343225768555,0.09700414758120393,0.11577791508426864
40,0.11864758761442833,0.11842405382333648,0.11874047154909627,0.11786869820809429,0.10512361368412788,0.10246008019775872,0.10595343225768555,0.09700414758120393,0.11577791508426864
41,0.11777799114129399,0.11778556842950064,0.1179772359128067,0.10865244080906418,0.10763110594430071,0.10960780606143788,0.10987503341251904,0.09418457381287733,0.11650824447619948
42,0.11864758761442833,0.11842405382333648,0.11874047154909627,0.11786869820809429,0.10512361368412788,0.10246008019775872,0.10595343225768555,0.09700414758120393,0.11577791508426864
43,0.11864758761442833,0.11842405382333648,0.11874047154909627,0.11786869820809429,0.10512361368412788,0.10246008019775872,0.10595343225768555,0.09700414758120393,0.11577791508426864
44,0.1208716142876532,0.12082678154863796,0.12088134921982537,0.11675869573383196,0.10078471926582878,0.09756283969994754,0.10039942918341815,0.09977839626687086,0.12213617479398624
45,0.11941076114345274,0.113956125260801,0.1181872100224295,0.11888743847177863,0.10565399714970752,0.10383077211312994,0.10560090398784105,0.10600676475958641,0.10846602709127302
46,0.12825114687676933,0.12399027280959038,0.1277442755396028,0.11170254376490436,0.10089254084538021,0.09404811572325456,0.09824288010624029,0.09880381920193744,0.11632440513232076
47,0.10736790396904164,0.1140004317651516,0.12401797804929843,0.1100550001148621,0.10477609293380591,0.10192686044192445,0.10587097839591021,0.1006886188264191,0.1312961355035865
48,0.11441334604258706,0.11441334604258706,0.11391192475230438,0.11391192475230438,0.10991148262430069,0.11193343267604124,0.11064667375597347,0.11172238869400804,0.09913548065989379
49,0.10671367862167976,0.1135806232788638,0.12336054038236179,0.11708052874763245,0.10183547252053256,0.09972501798958609,0.10349765040635157,0.10330938874317802,0.1308970993098142
50,0.12092067986317602,0.12032670850729085,0.12083212401503282,0.11624876117215519,0.10115721220588063,0.09779723730093014,0.10110696023860541,0.10050852578163953,0.12110179091528941
51,0.10325208286510877,0.11265216972052389,0.11330479690254912,0.10316207644872155,0.1034336836885243,0.10782778770482716,0.10756539367633247,0.10207668465229965,0.146725324341113
52,0.11303177508964343,0.10952345813412716,0.11109064189207567,0.11291944360788496,0.10928723788687487,0.10553763647220725,0.10681966065154352,0.10783930517696971,0.12395084108867337
53,0.12685011365926238,0.12293473471370835,0.12653310318642114,0.11066107664408723,0.10006571665406461,0.09745326504218488,0.10047060763282387,0.09934659036164548,0.11568479210580208
54,0.11857168010722978,0.11855675464958695,0.11874967705167407,0.1098322864166969,0.10589770287658118,0.10787151680617779,0.10796144720264385,0.09358993145898124,0.11896900343042821
55,0.109915496241419,0.10973686683422205,0.10967938104375265,0.11031333914403253,0.11275136974111731,0.11179379141964263,0.11308311482036391,0.11302816559282454,0.10969847516262533
56,0.11864758761442833,0.11842405382333648,0.11874047154909627,0.11786869820809429,0.10512361368412788,0.10246008019775872,0.10595343225768555,0.09700414758120393,0.11577791508426864
57,0.11441334604258706,0.11441334604258706,0.11391192475230438,0.11391192475230438,0.10991148262430069,0.11193343267604124,0.11064667375597347,0.11172238869400804,0.09913548065989379
58,0.11416393423089279,0.11000452816161484,0.11004220987663861,0.10954795269411866,0.10440991142419682,0.10356799899261201,0.1035808150177049,0.10376175352635952,0.14092089607586175
59,0.11864758761442833,0.11842405382333648,0.11874047154909627,0.11786869820809429,0.10512361368412788,0.10246008019775872,0.10595343225768555,0.09700414758120393,0.11577791508426864
0,0.09650283714749304,0.10002180004599272,0.09560861000039755,0.12280735156260893,0.11058319741331415,0.11318849745973855,0.10489775834213338,0.11439679268663333,0.14199315534168847
1,0.09662270145868339,0.09742208259680611,0.09994649758388718,0.10832556276240031,0.12063846096446165,0.12270887724511316,0.11451981146363592,0.12411977621387052,0.11569622971114153
2,0.09064975394430591,0.10958336797066837,0.09645251346263146,0.0894186118664319,0.12550649038144396,0.1306042848835568,0.12669182887380315,0.12193271477853736,0.10916043383862131
3,0.09064975394430591,0.10958336797066837,0.09645251346263146,0.0894186118664319,0.12550649038144396,0.1306042848835568,0.12669182887380315,0.12193271477853736,0.10916043383862131
4,0.12256018069907436,0.11927542396409571,0.12267688374076288,0.11575976215105065,0.10128087238817499,0.10027232690221502,0.10375724791415922,0.09455497552729876,0.11986232671316857
5,0.09662270145868339,0.09742208259680611,0.09994649758388718,0.10832556276240031,0.12063846096446165,0.12270887724511316,0.11451981146363592,0.12411977621387052,0.11569622971114153
6,0.09662270145868339,0.09742208259680611,0.09994649758388718,0.10832556276240031,0.12063846096446165,0.12270887724511316,0.11451981146363592,0.12411977621387052,0.11569622971114153
7,0.11624502965332467,0.11695621757672191,0.11624502965332467,0.1169645142270789,0.10329784045608138,0.10540916439747752,0.10401164187556008,0.10440231167897845,0.1164682504814525
8,0.12558523544557793,0.10451648313524568,0.13327094847160315,0.11104256768479501,0.10134451419914356,0.10278125256157504,0.1041144942011775,0.1025811138323318,0.11476339046855034
9,0.12189454224750386,0.10337029603861353,0.122872439151789,0.09971932723533294,0.10575545198390561,0.10991076621588547,0.10627967147043914,0.10671087146567174,0.12348663419085824
10,0.09662270145868339,0.09742208259680611,0.09994649758388718,0.10832556276240031,0.12063846096446165,0.12270887724511316,0.11451981146363592,0.12411977621387052,0.11569622971114153
11,0.11527501734510594,0.11321867817541949,0.11238642345378413,0.11497581927469407,0.11556098384729108,0.10624066991842925,0.1116242416230746,0.11103049706064516,0.09968766930155644
12,0.09064975394430591,0.10958336797066837,0.09645251346263146,0.0894186118664319,0.12550649038144396,0.1306042848835568,0.12669182887380315,0.12193271477853736,0.10916043383862131
13,0.09679508798010694,0.11507704289907084,0.10555836708864964,0.1100698230901235,0.10934166334525036,0.1122865550302942,0.11341095822175647,0.11352153750846056,0.12393896483628768
14,0.12402606702351908,0.11977804309414428,0.12402606702351908,0.11578615472023211,0.09998412689579475,0.09838891112902964,0.10118212022652529,0.09309474102866495,0.12373376885857079
15,0.12138628261038681,0.12138628261038681,0.12138628261038681,0.12065426719537095,0.0988289627686503,0.0988289627686503,0.09846256463898356,0.09746510448978879,0.1216012903073958
16,0.10142714276356499,0.11294419100280427,0.10041842539745201,0.1352812702484731,0.10664933052629648,0.10985469818866492,0.10536908783437406,0.11567847769368213,0.11237737634468836
17,0.09662270145868339,0.09742208259680611,0.09994649758388718,0.10832556276240031,0.12063846096446165,0.12270887724511316,0.11451981146363592,0.12411977621387052,0.11569622971114153
18,0.11543010197055603,0.11519740561554773,0.11543010197055603,0.11543829036119109,0.10562863941150089,0.10449875616118166,0.1068261566986878,0.10592790101052922,0.11562264680024958
19,0.1079116652762431,0.12057480325369582,0.10792538120727337,0.12089444088802,0.10502834987288551,0.10849983962323417,0.10502834987288551,0.10569552145867259,0.1184416485470899
20,0.11644210770066996,0.11620737123618743,0.11644210770066996,0.11644210770066996,0.10459241416041548,0.10312927731825998,0.1058166554974577,0.10440356323675254,0.11652439544891718
21,0.09325189376837867,0.10302633463485618,0.098948330117467,0.09127724207941078,0.13138029104780322,0.13456100857621137,0.1335186392643494,0.1283195855735415,0.0857166749379816
22,0.09662270145868339,0.09742208259680611,0.09994649758388718,0.10832556276240031,0.12063846096446165,0.12270887724511316,0.11451981146363592,0.12411977621387052,0.11569622971114153
23,0.11744028667425127,0.11603255884396184,0.12419109725174785,0.12763540015260028,0.10245738901503997,0.10126357789626869,0.10370494330623582,0.10140650868972408,0.1058682381701699
24,0.10828605331948496,0.11319596828938455,0.1088240988456691,0.1318035016129154,0.10356894539921283,0.10484718904722483,0.10353129081122583,0.11014336592564335,0.1157995867492393
25,0.12157247277267869,0.10305970357894219,0.12251106674585896,0.09934779205608181,0.10571933269236988,0.11120134745729064,0.10768133675366938,0.10570299859390052,0.12320394934920793
26,0.11515065133773528,0.11490980322999277,0.11515065133773528,0.11510843651447455,0.10708024537106917,0.10532243104721505,0.10783394733700308,0.10431809157447076,0.11512574225030393
27,0.09662270145868339,0.09742208259680611,0.09994649758388718,0.10832556276240031,0.12063846096446165,0.12270887724511316,0.11451981146363592,0.12411977621387052,0.11569622971114153
28,0.11308587577764852,0.11321364671850002,0.11307797915211586,0.11307560657933609,0.10843426730254331,0.11059116294138599,0.10758025706755929,0.10773279183085296,0.11320841263005768
29,0.11681978999263042,0.1168042405631872,0.11679678737363339,0.11679176794610449,0.10455475119345509,0.10387958884492045,0.10373129538140734,0.10387958884492045,0.11674218985974123
30,0.12650674749239435,0.10714624715952042,0.1275054393704887,0.10347704551573696,0.10126759533494441,0.10252754081114106,0.10176956895269272,0.1021836666432423,0.12761614871983878
31,0.11744028667425127,0.11603255884396184,0.12419109725174785,0.12763540015260028,0.10245738901503997,0.10126357789626869,0.10370494330623582,0.10140650868972408,0.1058682381701699
32,0.10755222898605453,0.11959663172404311,0.10646906359050956,0.1400822037903225,0.1011795803098745,0.10152802749681933,0.09996499773702328,0.10480720389062148,0.11882006247473141
33,0.09325189376837867,0.10302633463485618,0.098948330117467,0.09127724207941078,0.13138029104780322,0.13456100857621137,0.1335186392643494,0.12831958557354156,0.0857166749379816
34,0.10755222898605453,0.11959663172404311,0.10646906359050956,0.1400822037903225,0.1011795803098745,0.10152802749681933,0.09996499773702328,0.10480720389062148,0.11882006247473141
35,0.09325189376837867,0.10302633463485618,0.098948330117467,0.09127724207941078,0.13138029104780322,0.13456100857621137,0.1335186392643494,0.1283195855735415,0.0857166749379816
36,0.09341240787011558,0.11084690729905546,0.09559414944788311,0.09483052070988648,0.12141772376636356,0.1260375833389566,0.12063310020990044,0.1189175961471127,0.1183100112107263
37,0.09341240787011558,0.11084690729905546,0.09559414944788311,0.09483052070988648,0.12141772376636356,0.1260375833389566,0.12063310020990044,0.1189175961471127,0.1183100112107263
38,0.09039386578622251,0.10842908929591197,0.09524822643332047,0.08711075756129445,0.12560828841104368,0.13083192339244518,0.12728659345340043,0.12340234765242362,0.1116889080139379
39,0.11896581641018579,0.12079932850710014,0.11896581641018579,0.11897425561764001,0.10464362149339368,0.10585108660485064,0.10460557618514411,0.1051299138177818,0.10206458495371784
40,0.09662270145868339,0.09742208259680611,0.09994649758388718,0.10832556276240031,0.12063846096446165,0.12270887724511316,0.11451981146363592,0.12411977621387052,0.11569622971114153
41,0.09804231319333652,0.0997469078283218,0.09894518838553816,0.1179743881674822,0.10914121529146087,0.10804930511638539,0.11041995356822423,0.11548356974323852,0.14219715870601246
42,0.11788040870788795,0.1167669020033013,0.12427020243769311,0.128283846292306,0.10168923568647426,0.10126025060661636,0.10344395244057307,0.10179628962387681,0.10460891220127096
43,0.11535106600896783,0.11557946812271908,0.11562686755149902,0.11481933668176729,0.10814316877815974,0.10822046637121949,0.10859344229532747,0.10003888755924488,0.11362729663109508
44,0.12247224251017066,0.11894318402904541,0.1230310337398637,0.11497911932055417,0.10214329816456202,0.0998170865728685,0.10315950008387757,0.09444606834352177,0.12100846723553611
45,0.11261317587808595,0.11223046095030471,0.111479041361828,0.1332624599038055,0.1029805167199454,0.10268169149949083,0.10136710880217026,0.10946224970299964,0.11392329518136964
46,0.11447749041938973,0.09438986022259342,0.11101453443610258,0.12113779223539314,0.11117745072553657,0.10843876967314409,0.10908917382705231,0.11382841496136961,0.11644651349941895
47,0.11535106600896783,0.11557946812271908,0.11562686755149902,0.11481933668176729,0.10814316877815974,0.10822046637121949,0.10859344229532747,0.10003888755924488,0.11362729663109508
48,0.09804231319333652,0.0997469078283218,0.09894518838553816,0.1179743881674822,0.10914121529146087,0.10804930511638539,0.11041995356822423,0.11548356974323852,0.14219715870601246
49,0.09662270145868339,0.09742208259680611,0.09994649758388718,0.10832556276240031,0.12063846096446165,0.12270887724511316,0.11451981146363592,0.12411977621387052,0.11569622971114153
50,0.11591802516103802,0.12933884148610983,0.11591802516103802,0.126814519118079,0.09708970856963223,0.09770759529986806,0.09708970856963223,0.09330975968950733,0.12681381694509528
51,0.09662270145868339,0.09742208259680611,0.09994649758388718,0.10832556276240031,0.12063846096446165,0.12270887724511316,0.11451981146363592,0.12411977621387052,0.11569622971114153
52,0.11535106600896783,0.11557946812271908,0.11562686755149902,0.11481933668176729,0.10814316877815974,0.10822046637121949,0.10859344229532747,0.10003888755924488,0.11362729663109508
53,0.1025748558867634,0.10951311962875679,0.1082849311993584,0.1012084192177,0.12099079329014156,0.12191038784768554,0.1227061130872328,0.11791067586523898,0.09490070397712251
54,0.1025748558867634,0.10951311962875679,0.1082849311993584,0.1012084192177,0.12099079329014156,0.12191038784768554,0.1227061130872328,0.11791067586523898,0.09490070397712251
55,0.1025748558867634,0.10951311962875679,0.1082849311993584,0.1012084192177,0.12099079329014156,0.12191038784768554,0.1227061130872328,0.11791067586523898,0.09490070397712251
56,0.09341240787011558,0.11084690729905546,0.09559414944788311,0.09483052070988648,0.12141772376636356,0.1260375833389566,0.12063310020990044,0.1189175961471127,0.1183100112107263
57,0.11710223636557512,0.09802933663745184,0.11854802178808861,0.09472187278476628,0.10722681941748416,0.10808751512763146,0.10988631456238218,0.10885393457161663,0.13754394874500392
58,0.11447749041938973,0.09438986022259342,0.11101453443610258,0.12113779223539314,0.11117745072553657,0.10843876967314409,0.10908917382705231,0.11382841496136961,0.11644651349941895
59,0.12014623087712095,0.12062039395703007,0.12014623087712095,0.11806030229897899,0.10066584141694528,0.10094931936117502,0.10258517566382983,0.09653867489688112,0.12028783065091764
0,0.12394915442788182,0.12060611414589185,0.12147960466597756,0.11737519764335914,0.10407620106383973,0.10406409306130074,0.10501414635526425,0.10307470547603496,0.10036078316044972
1,0.12648998561287775,0.11766522667043058,0.11893032255869257,0.0960681492023354,0.11406980431729695,0.11375668783563678,0.11358718453950455,0.10735708351809066,0.09207555574513443
2,0.13510644968086874,0.13009378890570744,0.13240155835821255,0.096430364593647,0.10627288711621637,0.10747008356845592,0.10828963396310856,0.1005594494119907,0.08337578440179276
3,0.10424349660727945,0.1027235703768181,0.10658271676162134,0.10094414496356846,0.11740662817215447,0.11815826684340976,0.12085766568394221,0.11529096687956783,0.11379254371163823
4,0.12489994547133633,0.1238329405413443,0.1287025869337133,0.10018370020689703,0.10381119577257479,0.10516595707595477,0.10572629749655067,0.1027238718035954,0.1049535046980333
5,0.12399127469536317,0.12159021281870733,0.12163087733942217,0.1134371828496567,0.10380239565671685,0.1057470456210476,0.10555560452378848,0.09980828321696902,0.10443712327832885
6,0.10728091175571222,0.11201447222031623,0.13016792811224476,0.10244632064286546,0.10403122228084877,0.10627101242343001,0.11051720149435305,0.10094413047802182,0.12632680059220786
7,0.1153190467179351,0.1143212591482202,0.11881686512146561,0.10752226789074663,0.10560137791691776,0.10572367249262307,0.10572367249262307,0.10591276802608647,0.12105907019338236
8,0.1153190467179351,0.1143212591482202,0.11881686512146561,0.10752226789074663,0.10560137791691776,0.10572367249262307,0.10572367249262307,0.10591276802608647,0.12105907019338236
9,0.10943220327407838,0.09641035732300131,0.10761571893109961,0.11485887983708794,0.11569698869507787,0.11099297002433942,0.11187253851896797,0.11484140705296558,0.11827893634338169
10,0.11851167696426881,0.11841000685010748,0.11852108495084249,0.11841000685010748,0.10657402277239665,0.10203480606146777,0.10657402277239665,0.10203480606146777,0.1089295667169448
11,0.10954459828489872,0.10833801907146502,0.12744320630425388,0.11409860138601767,0.10421035019579629,0.10106046525375523,0.10695886712143829,0.10222022128206956,0.1261256711003055
12,0.11759099124722354,0.11757800033382985,0.11757800033382985,0.11720079031461528,0.10289569818581576,0.10354358966863117,0.10374100350720716,0.10154495580807257,0.11832697060077467
13,0.1153190467179351,0.1143212591482202,0.11881686512146561,0.10752226789074663,0.10560137791691776,0.10572367249262307,0.10572367249262307,0.10591276802608647,0.12105907019338236
14,0.118519208077292,0.11762898543715797,0.11848091408434386,0.11825070594154391,0.10370904664066655,0.10333175982823276,0.10447393585629917,0.10106070866830054,0.11454473546616349
15,0.127740359904333,0.12826130589883308,0.12826130589883308,0.10934359214430509,0.09966460762171055,0.10190246381422094,0.10244541583996233,0.09904113913801964,0.10333980973978235
16,0.10943220327407838,0.09641035732300131,0.10761571893109961,0.11485887983708794,0.11569698869507787,0.11099297002433942,0.11187253851896797,0.11484140705296558,0.11827893634338169
17,0.1007679358931084,0.10960013192967688,0.11107784095013226,0.11038200776257245,0.1150317038372039,0.11647440633251185,0.11941394111967124,0.1201255545034209,0.09712647767170232
18,0.11319942175352318,0.11356355861439948,0.11367009035727454,0.11288208831835979,0.10991407723819024,0.10557361229646535,0.1105273155669208,0.10557361229646535,0.11509622355840177
19,0.10134567748128291,0.09956612911417648,0.11295944041253039,0.1045966214365972,0.11469236618641268,0.11529038438182537,0.11631342476636158,0.11757013956438675,0.11766581665642634
20,0.11362307690570107,0.1054957239234696,0.11353684652261184,0.11529898311466165,0.10827256515978621,0.10643436725237915,0.11198759981500662,0.11336175718995835,0.11198908011642517
21,0.1170133865000134,0.12027661050443253,0.12022006481764481,0.11538801168795965,0.1026553831276087,0.10681936679267327,0.10783242449852988,0.09656660790042618,0.11322814417071159
22,0.10943220327407838,0.09641035732300131,0.10761571893109961,0.11485887983708794,0.11569698869507787,0.11099297002433942,0.11187253851896797,0.11484140705296558,0.11827893634338169
23,0.1278302287773085,0.1265012705735621,0.1278613685548525,0.096120765230124,0.10655245246510692,0.1090579882532537,0.10864222555832567,0.10003837173733458,0.09739532885013182
24,0.11362307690570107,0.1054957239234696,0.11353684652261184,0.11529898311466165,0.10827256515978621,0.10643436725237915,0.11198759981500662,0.11336175718995835,0.11198908011642517
25,0.10424349660727945,0.1027235703768181,0.10658271676162134,0.10094414496356846,0.11740662817215447,0.11815826684340976,0.12085766568394221,0.11529096687956783,0.11379254371163823
26,0.11078901389952579,0.11029051276762669,0.11462761237346297,0.10309738111300679,0.11017719375047237,0.11082781067347873,0.11082781067347873,0.11079772575921566,0.11856493898973279
27,0.11078901389952579,0.11029051276762669,0.11462761237346297,0.10309738111300679,0.11017719375047237,0.11082781067347873,0.11082781067347873,0.11079772575921566,0.11856493898973279
28,0.11362307690570107,0.1054957239234696,0.11353684652261184,0.11529898311466165,0.10827256515978621,0.10643436725237915,0.11198759981500662,0.11336175718995835,0.11198908011642517
29,0.11319942175352318,0.11356355861439948,0.11367009035727454,0.11288208831835979,0.10991407723819024,0.10557361229646535,0.1105273155669208,0.10557361229646535,0.11509622355840177
30,0.10943220327407838,0.09641035732300131,0.10761571893109961,0.11485887983708794,0.11569698869507787,0.11099297002433942,0.11187253851896797,0.11484140705296558,0.11827893634338169
31,0.1153190467179351,0.1143212591482202,0.11881686512146561,0.10752226789074663,0.10560137791691776,0.10572367249262307,0.10572367249262307,0.10591276802608647,0.12105907019338236
32,0.11539092743956456,0.11436819215761916,0.11886564373962513,0.10755452622486486,0.10558409446954099,0.1056183170822244,0.1056183170822244,0.10558964631813803,0.12141033548619842
33,0.10746888199375966,0.10746888199375966,0.10746888199375966,0.10746888199375966,0.10812201950238795,0.10837406752905188,0.10812201950238795,0.10865037164259847,0.13685599384853514
34,0.11539092743956456,0.11436819215761916,0.11886564373962513,0.10755452622486486,0.10558409446954099,0.1056183170822244,0.1056183170822244,0.10558964631813803,0.12141033548619842
35,0.11362307690570107,0.1054957239234696,0.11353684652261184,0.11529898311466165,0.10827256515978621,0.10643436725237915,0.11198759981500662,0.11336175718995835,0.11198908011642517
36,0.10790569999970252,0.1113635880081603,0.11213236501072339,0.10643505635511366,0.1043770729832502,0.10781336557991104,0.11004134878279762,0.10233220254677168,0.13759930073356977
37,0.10954459828489872,0.10833801907146502,0.12744320630425388,0.11409860138601767,0.10421035019579629,0.10106046525375523,0.10695886712143829,0.10222022128206956,0.1261256711003055
38,0.10835878407254862,0.11186077580769467,0.11130522796897009,0.11086606395456344,0.11248931333060105,0.11426982940960682,0.11519622909208938,0.11313751974906838,0.10251625661485754
39,0.10204279398513319,0.10209438628251803,0.1022426562465697,0.10304049675124763,0.11368647553235582,0.11331577873355483,0.11420737485466784,0.11818108166218397,0.13118895595176866
40,0.127740359904333,0.12826130589883308,0.12826130589883308,0.10934359214430509,0.09966460762171055,0.10190246381422094,0.10244541583996233,0.09904113913801964,0.10333980973978235
41,0.10943220327407838,0.09641035732300131,0.10761571893109961,0.11485887983708794,0.11569698869507787,0.11099297002433942,0.11187253851896797,0.11484140705296558,0.11827893634338169
42,0.11539092743956456,0.11436819215761916,0.11886564373962513,0.10755452622486486,0.10558409446954099,0.1056183170822244,0.1056183170822244,0.10558964631813803,0.12141033548619842
43,0.11279452673543086,0.11331178207524623,0.11347634287497949,0.11332908536211798,0.10642702904889166,0.10709939206047128,0.10794207613855723,0.11082954968188469,0.11479021602242057
44,0.10943220327407838,0.09641035732300131,0.10761571893109961,0.11485887983708794,0.11569698869507787,0.11099297002433942,0.11187253851896797,0.11484140705296558,0.11827893634338169
45,0.1007679358931084,0.10960013192967688,0.11107784095013226,0.11038200776257245,0.1150317038372039,0.11647440633251185,0.11941394111967124,0.1201255545034209,0.09712647767170232
46,0.11387380571849245,0.11256108094746856,0.11387380571849245,0.11387380571849245,0.11013543660108885,0.11050126136465523,0.11024426607504527,0.11074709276808196,0.10418944508818258
47,0.10204279398513319,0.10209438628251803,0.1022426562465697,0.10304049675124763,0.11368647553235582,0.11331577873355483,0.11420737485466784,0.11818108166218397,0.13118895595176866
48,0.1007679358931084,0.10960013192967688,0.11107784095013226,0.11038200776257245,0.1150317038372039,0.11647440633251185,0.11941394111967124,0.1201255545034209,0.09712647767170232
49,0.1007679358931084,0.10960013192967688,0.11107784095013226,0.11038200776257245,0.1150317038372039,0.11647440633251185,0.11941394111967124,0.1201255545034209,0.09712647767170232
50,0.10954459828489872,0.10833801907146502,0.12744320630425388,0.11409860138601767,0.10421035019579629,0.10106046525375523,0.10695886712143829,0.10222022128206956,0.1261256711003055
51,0.12020955953708583,0.11918262399941033,0.1238693998480226,0.09584643030813123,0.10909972733490712,0.11052350525888406,0.11111239152155332,0.10795701100592622,0.10219935118607924
52,0.11851167696426881,0.11841000685010748,0.11852108495084249,0.11841000685010748,0.10657402277239665,0.10203480606146777,0.10657402277239665,0.10203480606146777,0.1089295667169448
53,0.11362307690570107,0.1054957239234696,0.11353684652261184,0.11529898311466165,0.10827256515978621,0.10643436725237915,0.11198759981500662,0.11336175718995835,0.11198908011642517
54,0.11556244002830346,0.11556244002830346,0.11556244002830346,0.11556244002830346,0.10664639043742218,0.10689499855984061,0.10664639043742218,0.10689499855984061,0.11066746189226077
55,0.11844112459665286,0.12615823965132075,0.12935859056741122,0.1091329984131389,0.09693883938311755,0.10328405073178952,0.10496230052686982,0.0929686890194563,0.11875516711024318
56,0.11556244002830346,0.11556244002830346,0.11556244002830346,0.11556244002830346,0.10664639043742213,0.10689499855984061,0.10664639043742213,0.10689499855984061,0.11066746189226077
57,0.1170133865000134,0.12027661050443253,0.12022006481764481,0.11538801168795965,0.1026553831276087,0.10681936679267327,0.10783242449852988,0.09656660790042618,0.11322814417071159
58,0.11362307690570107,0.1054957239234696,0.11353684652261184,0.11529898311466165,0.10827256515978621,0.10643436725237915,0.11198759981500662,0.11336175718995835,0.11198908011642517
0,0.11669408230470205,0.11738573023667892,0.11659232586151798,0.11197793750029376,0.10573720817814906,0.10581544087315131,0.10586755979271664,0.10290309009694154,0.11702662515584858
1,0.12955458411229973,0.12894252908634776,0.12906368791736395,0.12924731041457085,0.09255115725974267,0.09032871631993505,0.0898616595864188,0.09005321442894205,0.12039714087437925
2,0.12605040791937464,0.12061481324970132,0.12101873550251326,0.1159940491891505,0.10573305828038247,0.10221147972186571,0.10233160818825517,0.09939908729562685,0.10664676065313027
3,0.13129579103615036,0.1064081802177789,0.1366953060138985,0.11303575457271828,0.09943883299883123,0.09125004529921481,0.09941035304992647,0.0940661049391953,0.1283996318722858
4,0.11856159304550747,0.11849934009820053,0.11859188214373874,0.11836821947164966,0.10183581644478232,0.10338743755597384,0.10170262882874757,0.10105123745830442,0.1180018449530957
5,0.12015955579295265,0.12561602154919052,0.11957898996019127,0.11852961463152095,0.10059939649416119,0.10577845407216196,0.10181571894597392,0.10237326401836308,0.1055489845354845
6,0.12801814906852974,0.12741335262626308,0.1272134621593822,0.12700948375949528,0.09391800160672224,0.09236564001056725,0.09100872268503828,0.08805671512612356,0.12499647295787833
7,0.11878554064357942,0.11890167296397533,0.11878065804484933,0.1186563065706472,0.10138579854578324,0.10131956039214332,0.10042364364689718,0.09916667751612854,0.12258014167599622
8,0.11498581443070091,0.11035085505364624,0.1105523999872993,0.10749641973416094,0.11295178800853473,0.10952090081405283,0.11103725709471984,0.11104653341098442,0.1120580314659006
9,0.11886446516748488,0.10904331988833728,0.12544987804733987,0.11592580820067726,0.10815118471727876,0.10584909113873847,0.10844920177790678,0.1041007164524574,0.10416633460977903
10,0.12053542384407176,0.11547923215665916,0.11589391991586566,0.11104743597194204,0.10964690369826377,0.1109873764536264,0.11037949751812169,0.10407657557761674,0.10195363486383321
11,0.12425082076173799,0.11574788448422803,0.13393969918254015,0.11411921630361412,0.10325037516527381,0.10818229708084583,0.10694341993247375,0.10053032059036071,0.09303596649892565
12,0.11982869931576802,0.11974846916006661,0.11986423906132788,0.11983305143006438,0.09876297751447201,0.10033332987120695,0.09957881532310468,0.09937941853555995,0.12267099978842948
13,0.12174859468790916,0.12140435035936775,0.1215379456994233,0.11979870248529982,0.10079790398738282,0.10033573593505754,0.10040516633780797,0.09610084957062803,0.1178707509371234
14,0.12955458411229973,0.12894252908634776,0.12906368791736395,0.12924731041457085,0.09255115725974267,0.09032871631993505,0.0898616595864188,0.09005321442894205,0.12039714087437925
15,0.11985376404836455,0.12149438009809496,0.11962716871022488,0.1150319572581647,0.0998965454615099,0.0998965454615099,0.09950731976421652,0.09827121998578627,0.1264210992121286
16,0.1215979012260029,0.1215979012260029,0.12123299785142795,0.1213926752458779,0.10010553489288308,0.0993437328516258,0.09741669559527805,0.09949360052521534,0.11781896058568574
17,0.12341752165842182,0.12331995052604004,0.12294987945042399,0.12312786258307432,0.09924912822512488,0.09806942079789271,0.0962328175702867,0.0966742710838711,0.1169591481048645
18,0.11221038506261065,0.11255252504858525,0.11224366530813673,0.12451260984060666,0.10401726646346174,0.10648386620943186,0.10360049826592102,0.11172793011255813,0.11265125368868822
19,0.12155998676926835,0.1314192173639928,0.13397100669696277,0.11053724219554363,0.09813907970221954,0.10010575660339585,0.10315232387593987,0.09419725039793689,0.10691813639474056
20,0.12155998676926835,0.1314192173639928,0.13397100669696277,0.11053724219554363,0.09813907970221954,0.10010575660339585,0.10315232387593987,0.09419725039793689,0.10691813639474056
21,0.11878554064357942,0.11890167296397533,0.11878065804484933,0.1186563065706472,0.10138579854578324,0.10131956039214332,0.10042364364689718,0.09916667751612854,0.12258014167599622
22,0.12053542384407176,0.11547923215665916,0.11589391991586566,0.11104743597194204,0.10964690369826377,0.1109873764536264,0.11037949751812169,0.10407657557761674,0.10195363486383321
23,0.11886446516748488,0.10904331988833728,0.12544987804733987,0.11592580820067726,0.10815118471727876,0.10584909113873847,0.10844920177790678,0.1041007164524574,0.10416633460977903
24,0.12425082076173799,0.11574788448422803,0.13393969918254015,0.11411921630361412,0.10325037516527381,0.10818229708084583,0.10694341993247375,0.10053032059036071,0.09303596649892565
25,0.123614288355756,0.11829366426391488,0.11867986080953613,0.12226543818605501,0.10308005064375483,0.09976394824909122,0.09976394824909122,0.10534993691591657,0.10918886432688417
26,0.11498581443070091,0.11035085505364624,0.1105523999872993,0.10749641973416094,0.11295178800853473,0.10952090081405283,0.11103725709471984,0.11104653341098442,0.1120580314659006
27,0.10699206134258651,0.10689308905643108,0.11680244614734876,0.1065093770670416,0.11174732569573827,0.11167101582873527,0.11254862577776564,0.1117615271379813,0.11507453194637136
28,0.11813520179527442,0.11803309501278476,0.11804180674683701,0.11805719041656373,0.1033017671163951,0.10275420248385214,0.10292691311899349,0.10085988883198937,0.11788993447731005
29,0.12203266679961161,0.11246359183796144,0.1281576544277058,0.12130035848299833,0.10506687744947113,0.10886190833865995,0.10502720344959879,0.1048203455859673,0.09226939362802561
30,0.12955458411229973,0.12894252908634776,0.12906368791736395,0.12924731041457085,0.09255115725974267,0.09032871631993505,0.0898616595864188,0.09005321442894205,0.12039714087437925
31,0.12083046696887663,0.11827953986580472,0.11905288572528432,0.1257616093408221,0.10089660732306309,0.10555052734083666,0.10388646503503103,0.09901453594153958,0.10672736245874188
32,0.12425082076173799,0.11574788448422803,0.13393969918254015,0.11411921630361412,0.10325037516527381,0.10818229708084583,0.10694341993247375,0.10053032059036071,0.09303596649892565
33,0.11805692351527164,0.11721887241989215,0.11336354609248385,0.11835715144242187,0.10564199471303866,0.10906316927665134,0.10632606316263363,0.11106739539081652,0.10090488398679036
34,0.12248488624906131,0.13313951044053746,0.13572470299725473,0.11176929364968431,0.09667114722477817,0.10040917788124275,0.10280773030925179,0.09363133331803447,0.10336221793015497
35,0.135043869282349,0.10736323583583211,0.14059752328061267,0.12054696211325001,0.0971543956467766,0.08799944395758894,0.09725997028159768,0.09181802489542917,0.12221657470656362
36,0.13264840004021752,0.1131941586137023,0.13254353118183634,0.11365353346502263,0.10064066292642446,0.0930502305544656,0.09976347897466586,0.09262669356355943,0.12187931068010587
