,Estim(XGBClassifier)_Imputer(IterativeImputer(<class 'sklearn.linear_model._bayes.BayesianRidge'>)),Estim(XGBClassifier)_Imputer(IterativeImputer(<class 'xgboost.sklearn.XGBRegressor'>)),Estim(XGBClassifier)_Imputer(IterativeImputer(<class 'sklearn.ensemble._forest.RandomForestRegressor'>)),Estim(XGBClassifier)_Imputer(KNNImputer),Estim(RandomForestClassifier)_Imputer(IterativeImputer(<class 'sklearn.linear_model._bayes.BayesianRidge'>)),Estim(RandomForestClassifier)_Imputer(IterativeImputer(<class 'xgboost.sklearn.XGBRegressor'>)),Estim(RandomForestClassifier)_Imputer(IterativeImputer(<class 'sklearn.ensemble._forest.RandomForestRegressor'>)),Estim(RandomForestClassifier)_Imputer(KNNImputer),Estim(<class 'new_base.ClassifierWithImputation'>)_Imputer(Identity)
0,0.12383721265355217,0.1335415415147779,0.10813346380531244,0.10407944577784116,0.10310279258782716,0.10282440762402097,0.1064034004028144,0.10295428115373273,0.11512345448012108
1,0.14277677998020696,0.12433140280226339,0.09070843191360538,0.10935903509397936,0.11947283098793472,0.10990622689138772,0.09233234191102262,0.10999369198021813,0.10111925843938165
2,0.12022572271936599,0.1155919540512006,0.10361874953128664,0.1302360907297202,0.10394536538270119,0.09671504957078762,0.09694811215403688,0.10737936943982906,0.1253395864210716
3,0.1015530423927241,0.12891735339108898,0.13324471078594363,0.08667091605423315,0.10700695487078522,0.11750674160590996,0.13066772974202873,0.11091573757629414,0.08351681358099224
4,0.08759904480826919,0.12979018568897158,0.1030385576648898,0.12125974963873873,0.10353397500253253,0.11155055843230757,0.0992236708409298,0.11250257697475702,0.13150168094860373
5,0.08624510693102912,0.1452385467608197,0.11072602670736478,0.10239972032735452,0.09767266196595405,0.1280319316961294,0.10811213059812366,0.10028682088605097,0.12128705412717385
6,0.09674296455058745,0.132514577926333,0.11100262390006567,0.1122430714856814,0.10615909982738377,0.1213473004809499,0.10659076175449247,0.10704100570390818,0.1063585943705983
7,0.14277677998020696,0.12433140280226339,0.09070843191360538,0.10935903509397936,0.11947283098793472,0.10990622689138772,0.09233234191102262,0.10999369198021813,0.10111925843938165
8,0.11976013783473397,0.11432659012147076,0.10194533966257896,0.13249492529298215,0.10103838045703407,0.09707203173839078,0.09552046986494092,0.11000514754779966,0.12783697748006886
9,0.0981395887442609,0.13280899502356766,0.10037112701461595,0.1116717349463331,0.10792942496386453,0.11044770631531575,0.10043605717751107,0.11039560295364216,0.1277997628608887
10,0.09674296455058745,0.132514577926333,0.11100262390006567,0.1122430714856814,0.10615909982738377,0.1213473004809499,0.10659076175449247,0.10704100570390818,0.1063585943705983
11,0.12229004075966969,0.12110173672209783,0.12880227397734498,0.1090053154764192,0.09451503639458254,0.09684465164201497,0.10644589843680248,0.09647030111646873,0.12452474547459962
12,0.10990818620323518,0.1361120089517436,0.11069688057146655,0.10498366432069169,0.10705226655244632,0.10486865496021838,0.10963978351691474,0.1030597009017219,0.11367885402156172
13,0.12366285442783088,0.11775034590841915,0.11688732355486414,0.12407637501599174,0.10237977438472146,0.09678461723706486,0.09609068499985433,0.0980428613100265,0.12432516316122667
14,0.12022572271936599,0.1155919540512006,0.10361874953128664,0.1302360907297202,0.10394536538270119,0.09671504957078762,0.09694811215403688,0.10737936943982906,0.1253395864210716
15,0.13954879906419387,0.1445044656561955,0.10291551177926465,0.09917951528505448,0.11794137669442603,0.11333157412475946,0.09073900496465738,0.09853940112137766,0.09330035131007088
16,0.09674296455058745,0.132514577926333,0.11100262390006567,0.1122430714856814,0.10615909982738377,0.1213473004809499,0.10659076175449247,0.10704100570390818,0.1063585943705983
17,0.12125329185192779,0.09089588368633009,0.10802545203751787,0.13808769224722403,0.10191041065253824,0.10134654271248648,0.10251144690061494,0.1009341800169633,0.13503509989439696
18,0.11362402524953623,0.11505348869434374,0.11155997511302292,0.11428110703420855,0.10415615718511148,0.10618457531344194,0.10357141704685796,0.10297917881484989,0.1285900755486274
19,0.09908519840941607,0.14633730726709268,0.13790843585348095,0.08289294449406641,0.10471102439238435,0.12298986851605247,0.12746814452622438,0.1019771719244964,0.07662990461678613
20,0.09853892199782062,0.10244320636389109,0.10131278169607646,0.13697505426527407,0.10742300990900329,0.1008236496788995,0.1056787705001106,0.11721359308703627,0.12959101250188812
21,0.11945668526396717,0.12178824308696522,0.11784629446978546,0.11557687878856285,0.10147149477008285,0.0993406031112801,0.10055297408155583,0.09912726456937929,0.12483956185842132
22,0.11945668526396717,0.12178824308696522,0.11784629446978546,0.11557687878856285,0.10147149477008285,0.0993406031112801,0.10055297408155583,0.09912726456937929,0.12483956185842132
23,0.14277677998020696,0.12433140280226339,0.09070843191360538,0.10935903509397936,0.11947283098793472,0.10990622689138772,0.09233234191102262,0.10999369198021813,0.10111925843938165
24,0.12764045554964493,0.12751008109954834,0.1273628997006099,0.09802666026333487,0.1093008311897854,0.10470976823042316,0.10834509767471528,0.09712576002358589,0.09997844626835188
25,0.09908519840941607,0.14633730726709268,0.13790843585348095,0.08289294449406641,0.10471102439238435,0.12298986851605247,0.12746814452622438,0.1019771719244964,0.07662990461678613
26,0.13954879906419387,0.1445044656561955,0.10291551177926465,0.09917951528505448,0.11794137669442603,0.11333157412475946,0.09073900496465738,0.09853940112137766,0.09330035131007088
27,0.11295707400336785,0.11244936129021033,0.1116262719528644,0.100535768909464,0.10913767620873828,0.10966483009551105,0.11404563203428383,0.10077960428623949,0.12880378121932082
28,0.09674296455058745,0.132514577926333,0.11100262390006567,0.1122430714856814,0.10615909982738377,0.1213473004809499,0.10659076175449247,0.10704100570390818,0.1063585943705983
29,0.10441141300924663,0.09907475741565895,0.10773510518832506,0.13615694327629754,0.10217103176395477,0.10006041606696797,0.10457333548823368,0.11098271250929925,0.13483428528201602
30,0.09498437928883686,0.14070393578213639,0.14243575483861204,0.09625215893706925,0.09551794605396327,0.11381175040860554,0.12037345458954272,0.10204009600123329,0.09388052410000061
31,0.09674296455058745,0.132514577926333,0.11100262390006567,0.1122430714856814,0.10615909982738377,0.1213473004809499,0.10659076175449247,0.10704100570390818,0.1063585943705983
32,0.09674296455058745,0.132514577926333,0.11100262390006567,0.1122430714856814,0.10615909982738377,0.1213473004809499,0.10659076175449247,0.10704100570390818,0.1063585943705983
33,0.11300756844481248,0.12237716911307893,0.09396837553543429,0.09601589841949965,0.1125969678397225,0.1170190735616262,0.10455427893551507,0.10295380753088489,0.13750686061942602
34,0.09674296455058745,0.132514577926333,0.11100262390006567,0.1122430714856814,0.10615909982738377,0.1213473004809499,0.10659076175449247,0.10704100570390818,0.1063585943705983
35,0.08759904480826919,0.12979018568897158,0.1030385576648898,0.12125974963873873,0.10353397500253253,0.11155055843230757,0.0992236708409298,0.11250257697475702,0.13150168094860373
36,0.11295707400336785,0.11244936129021033,0.1116262719528644,0.100535768909464,0.10913767620873828,0.10966483009551105,0.11404563203428383,0.10077960428623949,0.12880378121932082
37,0.09908519840941607,0.14633730726709268,0.13790843585348095,0.08289294449406641,0.10471102439238435,0.12298986851605247,0.12746814452622438,0.1019771719244964,0.07662990461678613
38,0.14277677998020696,0.12433140280226339,0.09070843191360538,0.10935903509397936,0.11947283098793472,0.10990622689138772,0.09233234191102262,0.10999369198021813,0.10111925843938165
39,0.09604547350388772,0.08883464265946515,0.09546855752647125,0.13445724622941846,0.10916098692680343,0.10741982502741139,0.10934853923050486,0.12060152581625559,0.13866320307978233
40,0.08759904480826919,0.12979018568897158,0.1030385576648898,0.12125974963873873,0.10353397500253253,0.11155055843230757,0.0992236708409298,0.11250257697475702,0.13150168094860373
41,0.09317627042415133,0.11073890684502125,0.11855422888978484,0.11843470236022173,0.10391390974223715,0.11082652342257346,0.12064546360720513,0.11112618968548955,0.11258380502331562
42,0.08759904480826919,0.12979018568897158,0.1030385576648898,0.12125974963873873,0.10353397500253253,0.11155055843230757,0.0992236708409298,0.11250257697475702,0.13150168094860373
43,0.09604547350388772,0.08883464265946515,0.09546855752647125,0.13445724622941846,0.10916098692680343,0.10741982502741139,0.10934853923050486,0.12060152581625559,0.13866320307978233
44,0.11976013783473397,0.11432659012147076,0.10194533966257896,0.13249492529298215,0.10103838045703413,0.09707203173839078,0.09552046986494092,0.11000514754779966,0.12783697748006886
45,0.09853892199782062,0.10244320636389109,0.10131278169607646,0.13697505426527407,0.10742300990900329,0.1008236496788995,0.1056787705001106,0.11721359308703627,0.12959101250188812
46,0.10559514760527539,0.10697907375029779,0.13584333449979513,0.10276758647254348,0.11088390458996145,0.10673702102417854,0.12126231453470714,0.0989922568894922,0.11093936063374878
47,0.09853892199782062,0.10244320636389109,0.10131278169607646,0.13697505426527407,0.10742300990900329,0.1008236496788995,0.1056787705001106,0.11721359308703627,0.12959101250188812
48,0.10632040568799549,0.10240220962449159,0.1005522082455628,0.1351876619938176,0.10733309377636892,0.1008713232755822,0.10316478546158432,0.11606476936925678,0.1281035425653404
49,0.13548005640273642,0.11955202959569755,0.08117001876992949,0.1154764469603828,0.11154122568223349,0.10606914185334063,0.08461207455885988,0.10671913007320197,0.13937987610361774
50,0.11945668526396717,0.12178824308696522,0.11784629446978546,0.11557687878856285,0.10147149477008285,0.0993406031112801,0.10055297408155583,0.09912726456937929,0.12483956185842132
51,0.115155223556083,0.12478551713807316,0.1209547291997834,0.11639439377450238,0.09526507202378089,0.10576373914333098,0.10588598933522299,0.10219352887251339,0.11360180695671007
52,0.1452739522744153,0.11662626803532058,0.07563333135708136,0.10371505272339707,0.12275205201827855,0.10753032202635356,0.08924376893245575,0.11495711126406204,0.12426814136863572
53,0.09908519840941607,0.14633730726709268,0.13790843585348095,0.08289294449406641,0.10471102439238435,0.12298986851605247,0.12746814452622438,0.1019771719244964,0.07662990461678613
54,0.13954879906419387,0.1445044656561955,0.10291551177926465,0.09917951528505448,0.11794137669442603,0.11333157412475946,0.09073900496465738,0.09853940112137766,0.09330035131007088
55,0.12229004075966969,0.12110173672209783,0.12880227397734498,0.1090053154764192,0.09451503639458254,0.09684465164201497,0.10644589843680248,0.09647030111646873,0.12452474547459962
56,0.09908519840941607,0.14633730726709268,0.13790843585348095,0.08289294449406641,0.10471102439238435,0.12298986851605247,0.12746814452622438,0.1019771719244964,0.07662990461678613
57,0.09674296455058745,0.132514577926333,0.11100262390006567,0.1122430714856814,0.10615909982738377,0.1213473004809499,0.10659076175449247,0.10704100570390818,0.1063585943705983
58,0.12460781136772402,0.09844361046190923,0.13442693479018525,0.11422181830721591,0.0991541094008097,0.09645726126479225,0.11143972200479196,0.09188257622317199,0.12936615617939962
59,0.09908519840941607,0.14633730726709268,0.13790843585348095,0.08289294449406641,0.10471102439238435,0.12298986851605247,0.12746814452622438,0.1019771719244964,0.07662990461678613
0,0.118574245931759,0.09514052521689352,0.11073109265700125,0.1227651489562567,0.10838324130132847,0.10218969141584314,0.10838741460804936,0.11397595183369617,0.1198526880791727
1,0.1288912740490073,0.13381733962316394,0.1054510229106692,0.12379873234222886,0.10228319948201661,0.10057230898378057,0.10507244331027536,0.105020873705888,0.09509280559297029
2,0.12201692378642566,0.11297919576553976,0.11454681078886089,0.1281102245614273,0.10265507459828552,0.09741856643885492,0.10075228592944917,0.09632122914893118,0.12519968898222542
3,0.11614969269754466,0.12691571727319223,0.09420890336768789,0.11576350088446634,0.11063671350185977,0.11308887951233083,0.09758070434164422,0.1065748073641698,0.11908108105710428
4,0.10916981457175706,0.1140725558978018,0.0937070196292674,0.10979754172705151,0.11866134934626059,0.1159439011795046,0.10709790065992078,0.11230906455045123,0.11924085243798521
5,0.10963400516838033,0.11904702760340295,0.11523431587465734,0.12764091210426098,0.10419172974579805,0.10920638161199764,0.10136289186037076,0.0998592628396309,0.11382347319150123
6,0.13539174220293596,0.10716551700916212,0.11458475645183758,0.1269665201834263,0.09162324002417799,0.09671686538820816,0.09535839307278568,0.09289563196873744,0.13929733369872851
7,0.12229300339715123,0.11884783294949777,0.10147968296894502,0.11728453872818873,0.10340016944955377,0.11300897370802518,0.1025084881305464,0.11521046925945949,0.10596684140863245
8,0.12400539514248149,0.1266530918124056,0.1272719462671748,0.12347113898630854,0.09178037414564162,0.10456950786411706,0.10277612591252577,0.0944715977332006,0.10500082213614421
9,0.11614969269754466,0.12691571727319223,0.09420890336768789,0.11576350088446634,0.11063671350185977,0.11308887951233083,0.09758070434164422,0.1065748073641698,0.11908108105710428
10,0.12796640358439962,0.10342840956981122,0.10930540351910684,0.12738630164144052,0.10970715650773957,0.10517509295849825,0.09881641020121149,0.10560484491204053,0.11260997710575198
11,0.12400539514248149,0.1266530918124056,0.1272719462671748,0.12347113898630854,0.09178037414564162,0.10456950786411706,0.10277612591252577,0.0944715977332006,0.10500082213614421
12,0.11614969269754466,0.12691571727319223,0.09420890336768789,0.11576350088446634,0.11063671350185977,0.11308887951233083,0.09758070434164422,0.1065748073641698,0.11908108105710428
13,0.11031013915221427,0.10819373164104472,0.10548533592389092,0.09679728920424162,0.11869269736264741,0.11863562528143534,0.11641264387710268,0.11222977888328817,0.11324275867413486
14,0.13066626533377193,0.08526384592575212,0.12367257102560718,0.14049510858802167,0.10222350548557198,0.09567140024956901,0.11052539261356686,0.10827078042307456,0.10321113035506474
15,0.12851297491874633,0.11458964859381526,0.11940926572203099,0.09416076629841784,0.10830919211088752,0.11248666554157882,0.1147153211739653,0.09627829732716987,0.11153786831338793
16,0.10982446493928788,0.12235465268944784,0.0993156041429772,0.08479520701846939,0.11995510319156434,0.11950139005817366,0.11285328951598457,0.1038149631620293,0.127585325282066
17,0.12492372935972813,0.09442036966838852,0.13229899729026584,0.11696928735172323,0.1025597902376163,0.09454162263810917,0.11793063183262822,0.10341676832769926,0.11293880329384139
18,0.10982446493928788,0.12235465268944784,0.0993156041429772,0.08479520701846939,0.11995510319156434,0.11950139005817366,0.11285328951598457,0.1038149631620293,0.127585325282066
19,0.13714241472196798,0.092656532951662,0.10998038547087033,0.1184202111127915,0.11335136171266623,0.09868725829296329,0.11375209417933158,0.11352333647471896,0.10248640508302839
20,0.11770361839842967,0.10900272571340622,0.11238108876939314,0.13102300908727713,0.10395910023264845,0.10569732547977452,0.10295110852837147,0.10767431938212914,0.1096077044085701
21,0.1096409273325696,0.12591481416454425,0.0979690018401658,0.10840754321331195,0.10987879842659082,0.11449976734732363,0.10532570974649422,0.1086117580918381,0.11975167983716153
22,0.11770361839842967,0.10900272571340622,0.11238108876939314,0.13102300908727713,0.10395910023264845,0.10569732547977452,0.10295110852837147,0.10767431938212914,0.1096077044085701
23,0.11770361839842967,0.10900272571340622,0.11238108876939314,0.13102300908727713,0.10395910023264845,0.10569732547977452,0.10295110852837147,0.10767431938212914,0.1096077044085701
24,0.11614969269754466,0.12691571727319223,0.09420890336768789,0.11576350088446634,0.11063671350185977,0.11308887951233083,0.09758070434164422,0.1065748073641698,0.11908108105710428
25,0.1282414353078421,0.1022705508037435,0.10962873627724622,0.121595430867388,0.10420141781209528,0.09783855266273751,0.10137100583069193,0.10371044764576946,0.13114242279248595
26,0.13261648283897787,0.11259412986796163,0.1117550353783923,0.1149379315901127,0.0998961104337435,0.105406572001628,0.10966376914749153,0.10710520256378918,0.10602476617790352
27,0.11614969269754466,0.12691571727319223,0.09420890336768789,0.11576350088446634,0.11063671350185977,0.11308887951233083,0.09758070434164422,0.1065748073641698,0.11908108105710428
28,0.11614969269754466,0.12691571727319223,0.09420890336768789,0.11576350088446634,0.11063671350185977,0.11308887951233083,0.09758070434164422,0.1065748073641698,0.11908108105710428
29,0.12796640358439962,0.10342840956981122,0.10930540351910684,0.12738630164144052,0.10970715650773957,0.10517509295849825,0.09881641020121149,0.10560484491204053,0.11260997710575198
30,0.10982446493928788,0.12235465268944784,0.0993156041429772,0.08479520701846939,0.11995510319156434,0.11950139005817366,0.11285328951598457,0.1038149631620293,0.127585325282066
31,0.10916981457175706,0.1140725558978018,0.0937070196292674,0.10979754172705151,0.11866134934626059,0.1159439011795046,0.10709790065992078,0.11230906455045123,0.11924085243798521
32,0.1410687554288126,0.09798281158421172,0.10020769735640157,0.1191481161334599,0.12036487541139158,0.09874915793252696,0.09065307696886425,0.11912278843008005,0.11270272075425121
33,0.1300373336174295,0.13610089145257298,0.10702024533622866,0.0975165099110422,0.10130373320393289,0.10923962404397876,0.10679941426019321,0.10129066001760836,0.11069158815701335
34,0.11614969269754466,0.12691571727319223,0.09420890336768789,0.11576350088446634,0.11063671350185977,0.11308887951233083,0.09758070434164422,0.1065748073641698,0.11908108105710428
35,0.08994980818757346,0.10655390647093632,0.11901631791428582,0.11020090331878836,0.10112344228215722,0.10167396868404704,0.10914386591659227,0.119091150703712,0.14324663652190722
36,0.10916981457175706,0.1140725558978018,0.0937070196292674,0.10979754172705151,0.11866134934626059,0.1159439011795046,0.10709790065992078,0.11230906455045123,0.11924085243798521
37,0.12055338036367903,0.13540184925481477,0.12439342408505084,0.09772477290223759,0.09724590502685718,0.11485777752207314,0.10992206760766568,0.09944810377697552,0.10045271946064634
38,0.1300373336174295,0.13610089145257298,0.10702024533622866,0.0975165099110422,0.10130373320393289,0.10923962404397876,0.10679941426019321,0.10129066001760836,0.11069158815701335
39,0.11325599020553048,0.11879860301661707,0.0809793932056647,0.10298486523389105,0.11936427513887476,0.11323723709888933,0.09412663429208194,0.11479286853566964,0.14246013327278126
40,0.1300373336174295,0.13610089145257298,0.10702024533622866,0.0975165099110422,0.10130373320393289,0.10923962404397876,0.10679941426019321,0.10129066001760836,0.11069158815701335
41,0.1328451451305779,0.114762109384885,0.10916233296874464,0.13082706925158316,0.09878934246465275,0.1072469429258313,0.09642356467276528,0.11818579922529354,0.0917576939756664
42,0.1300373336174295,0.13610089145257298,0.10702024533622866,0.0975165099110422,0.10130373320393289,0.10923962404397876,0.10679941426019321,0.10129066001760836,0.11069158815701335
43,0.157722782995524,0.11068858649115816,0.09250795827723209,0.12311603534614882,0.11920373200929743,0.10055534742052913,0.09709789286083534,0.11477623532952663,0.08433142926974879
44,0.1300373336174295,0.13610089145257298,0.10702024533622866,0.0975165099110422,0.10130373320393289,0.10923962404397876,0.10679941426019321,0.10129066001760836,0.11069158815701335
45,0.08994980818757346,0.10655390647093632,0.11901631791428582,0.11020090331878836,0.10112344228215722,0.10167396868404704,0.10914386591659227,0.119091150703712,0.14324663652190722
46,0.1300373336174295,0.13610089145257298,0.10702024533622866,0.0975165099110422,0.10130373320393289,0.10923962404397876,0.10679941426019321,0.10129066001760836,0.11069158815701335
47,0.08994980818757346,0.10655390647093632,0.11901631791428582,0.11020090331878836,0.10112344228215722,0.10167396868404704,0.10914386591659227,0.119091150703712,0.14324663652190722
48,0.12730135173796758,0.09769235155492931,0.08887140740833024,0.1042719094100924,0.11830334252554703,0.10355170724913183,0.10677340036999379,0.11627766861872073,0.13695686112528715
49,0.1300373336174295,0.13610089145257298,0.10702024533622866,0.0975165099110422,0.10130373320393289,0.10923962404397876,0.10679941426019321,0.10129066001760836,0.11069158815701335
50,0.15877990144556592,0.09497545075246693,0.10272752821421273,0.1305998085379415,0.10957565654684984,0.09428588332901253,0.09985510614159504,0.10697018029135937,0.10223048474099633
51,0.08994980818757346,0.10655390647093632,0.11901631791428582,0.11020090331878836,0.10112344228215722,0.10167396868404704,0.10914386591659227,0.119091150703712,0.14324663652190722
52,0.12201692378642566,0.11297919576553976,0.11454681078886089,0.1281102245614273,0.10265507459828552,0.09741856643885492,0.10075228592944917,0.09632122914893118,0.12519968898222542
53,0.13066626533377193,0.08526384592575212,0.12367257102560718,0.14049510858802167,0.10222350548557198,0.09567140024956901,0.11052539261356686,0.10827078042307456,0.10321113035506474
54,0.1132958573505159,0.11819353521803272,0.11557378949604472,0.1184485967465549,0.09778913048234124,0.10372318335403259,0.10972893471039712,0.10895719619839876,0.11428977644368192
55,0.12285772410306742,0.14688962847332065,0.11557359283432095,0.08273464906432025,0.10339905272550855,0.11460342354882992,0.10475084428343233,0.10034130805617011,0.10884977691102991
56,0.1096409273325696,0.12591481416454425,0.0979690018401658,0.10840754321331195,0.10987879842659082,0.11449976734732363,0.10532570974649422,0.1086117580918381,0.11975167983716153
57,0.11770361839842967,0.10900272571340622,0.11238108876939314,0.13102300908727713,0.10395910023264845,0.10569732547977452,0.10295110852837147,0.10767431938212914,0.1096077044085701
58,0.11287636406816735,0.10515607492688141,0.11575749451389417,0.12940843057249998,0.1068291734477724,0.10180280426809839,0.10778068724721666,0.10590919658587342,0.11447977436959625
59,0.13261648283897787,0.11259412986796163,0.1117550353783923,0.1149379315901127,0.0998961104337435,0.105406572001628,0.10966376914749153,0.10710520256378918,0.10602476617790352
0,0.11039846417907974,0.10731371540386349,0.10046792475536429,0.10636311928273118,0.12362064521428043,0.114642398272399,0.10756257697311253,0.11828019925873226,0.11135095666043689
1,0.09873207870720685,0.123446308363431,0.12631030782308578,0.111672703136435,0.10203532011515633,0.09965197908095781,0.1024623592734033,0.10093257579252016,0.1347563677078037
2,0.11039846417907974,0.10731371540386349,0.10046792475536429,0.10636311928273118,0.12362064521428043,0.114642398272399,0.10756257697311253,0.11828019925873226,0.11135095666043689
3,0.10699128657158379,0.11636132596859963,0.11629194713491192,0.10962435566490077,0.11299313660064998,0.11582980153635876,0.11465596928740675,0.1126729867394986,0.0945791904960898
4,0.13338492182156023,0.10295481331477713,0.08171532007291894,0.11469747889063013,0.11986129488430897,0.10648594753535244,0.09968135486169614,0.12032547534853545,0.12089339327022107
5,0.11039846417907974,0.10731371540386349,0.10046792475536429,0.10636311928273118,0.12362064521428043,0.114642398272399,0.10756257697311253,0.11828019925873226,0.11135095666043689
6,0.11127654196604493,0.11278705694499133,0.13066767544447155,0.11689109388977115,0.10141901256298205,0.1027631189979419,0.11142853164529298,0.10832776474843438,0.10443920380006999
7,0.13338492182156023,0.10295481331477713,0.08171532007291894,0.11469747889063013,0.11986129488430897,0.10648594753535244,0.09968135486169614,0.12032547534853545,0.12089339327022107
8,0.11190075273332996,0.12269392791187107,0.11962732007820198,0.11257561210475932,0.10474155961171873,0.09984948109071817,0.09910795481410896,0.1001080916149842,0.12939530004030744
9,0.11190075273332996,0.12269392791187107,0.11962732007820198,0.11257561210475932,0.10474155961171873,0.09984948109071817,0.09910795481410896,0.1001080916149842,0.12939530004030744
10,0.13338492182156023,0.10295481331477713,0.08171532007291894,0.11469747889063013,0.11986129488430897,0.10648594753535244,0.09968135486169614,0.12032547534853545,0.12089339327022107
11,0.13338492182156023,0.10295481331477713,0.08171532007291894,0.11469747889063013,0.11986129488430897,0.10648594753535244,0.09968135486169614,0.12032547534853545,0.12089339327022107
12,0.11039846417907974,0.10731371540386349,0.10046792475536429,0.10636311928273118,0.12362064521428043,0.114642398272399,0.10756257697311253,0.11828019925873226,0.11135095666043689
13,0.10699128657158379,0.11636132596859963,0.11629194713491192,0.10962435566490077,0.11299313660064998,0.11582980153635876,0.11465596928740675,0.1126729867394986,0.0945791904960898
14,0.11039846417907974,0.10731371540386349,0.10046792475536429,0.10636311928273118,0.12362064521428043,0.114642398272399,0.10756257697311253,0.11828019925873226,0.11135095666043689
15,0.12451385077716245,0.12096485581701272,0.13677991892697167,0.08894274769599701,0.09967738269962288,0.1113379733448489,0.11304149050487194,0.09715317518119908,0.10758860505231313
16,0.09049340246194343,0.11891962006115432,0.10530346671306652,0.11191271097114523,0.11370476763930229,0.11797063254161796,0.11499611178320883,0.11676286871530465,0.10993641911325631
17,0.11039846417907974,0.10731371540386349,0.10046792475536429,0.10636311928273118,0.12362064521428043,0.114642398272399,0.10756257697311253,0.11828019925873226,0.11135095666043689
18,0.13338492182156023,0.10295481331477713,0.08171532007291894,0.11469747889063013,0.11986129488430897,0.10648594753535244,0.09968135486169614,0.12032547534853545,0.12089339327022107
19,0.12451385077716245,0.12096485581701272,0.13677991892697167,0.08894274769599701,0.09967738269962288,0.1113379733448489,0.11304149050487194,0.09715317518119908,0.10758860505231313
20,0.08699245093862971,0.1233192334097116,0.11244214169375942,0.11566841509067226,0.10773600800548155,0.10988226664849018,0.10789670570726269,0.11500667572844965,0.12105610277754293
21,0.12451385077716245,0.12096485581701272,0.13677991892697167,0.08894274769599701,0.09967738269962288,0.1113379733448489,0.11304149050487194,0.09715317518119908,0.10758860505231313
22,0.13338492182156023,0.10295481331477713,0.08171532007291894,0.11469747889063013,0.11986129488430897,0.10648594753535244,0.09968135486169614,0.12032547534853545,0.12089339327022107
23,0.13338492182156023,0.10295481331477713,0.08171532007291894,0.11469747889063013,0.11986129488430897,0.10648594753535244,0.09968135486169614,0.12032547534853545,0.12089339327022107
24,0.13338492182156023,0.10295481331477713,0.08171532007291894,0.11469747889063013,0.11986129488430897,0.10648594753535244,0.09968135486169614,0.12032547534853545,0.12089339327022107
25,0.0996067142027311,0.14710482698671673,0.10537175556196546,0.1289392597652293,0.10420077803708384,0.09866875830372054,0.0958974578622322,0.10789802969403224,0.11231241958628857
26,0.13338492182156023,0.10295481331477713,0.08171532007291894,0.11469747889063013,0.11986129488430897,0.10648594753535244,0.09968135486169614,0.12032547534853545,0.12089339327022107
27,0.09852904636475149,0.13393674635436695,0.10817906168209537,0.1093814452258715,0.10361091337904918,0.11290860508995415,0.10508455734023309,0.11149053254635402,0.11687909201732402
28,0.11190075273332996,0.12269392791187107,0.11962732007820198,0.11257561210475932,0.10474155961171873,0.09984948109071817,0.09910795481410896,0.1001080916149842,0.12939530004030744
29,0.09852904636475149,0.13393674635436695,0.10817906168209537,0.1093814452258715,0.10361091337904918,0.11290860508995415,0.10508455734023309,0.11149053254635402,0.11687909201732402
30,0.10362858886063117,0.1296556231359266,0.11457223793447929,0.10833676645095953,0.09489767959954248,0.12019064666861551,0.11551219848643626,0.10160033000162533,0.11160592886178376
31,0.11190075273332996,0.12269392791187107,0.11962732007820198,0.11257561210475932,0.10474155961171873,0.09984948109071817,0.09910795481410896,0.1001080916149842,0.12939530004030744
32,0.09147917168333229,0.138133030174018,0.10224365962826419,0.10808353900016202,0.10107608568300416,0.11954828333470907,0.1103140129662501,0.11702401475399124,0.1120982027762686
33,0.12451385077716245,0.12096485581701272,0.13677991892697167,0.08894274769599701,0.09967738269962288,0.1113379733448489,0.11304149050487194,0.09715317518119908,0.10758860505231313
34,0.0920759268395101,0.14614395627043741,0.11335006744609173,0.10230068042279318,0.09502484564105193,0.12403279042858091,0.11829799966036438,0.10386485850434016,0.10490887478682988
35,0.0920759268395101,0.14614395627043741,0.11335006744609173,0.10230068042279318,0.09502484564105193,0.12403279042858091,0.11829799966036438,0.10386485850434016,0.10490887478682988
36,0.10362858886063117,0.1296556231359266,0.11457223793447929,0.10833676645095953,0.09489767959954248,0.12019064666861551,0.11551219848643626,0.10160033000162533,0.11160592886178376
37,0.12451385077716245,0.12096485581701272,0.13677991892697167,0.08894274769599701,0.09967738269962288,0.1113379733448489,0.11304149050487194,0.09715317518119908,0.10758860505231313
38,0.0920759268395101,0.14614395627043741,0.11335006744609173,0.10230068042279318,0.09502484564105193,0.12403279042858091,0.11829799966036438,0.10386485850434016,0.10490887478682988
39,0.10362858886063117,0.1296556231359266,0.11457223793447929,0.10833676645095953,0.09489767959954248,0.12019064666861551,0.11551219848643626,0.10160033000162533,0.11160592886178376
40,0.12451385077716245,0.12096485581701272,0.13677991892697167,0.08894274769599701,0.09967738269962288,0.1113379733448489,0.11304149050487194,0.09715317518119908,0.10758860505231313
41,0.11502253110054429,0.1134409389381738,0.12442713611193947,0.1191248460738477,0.09333640302278558,0.10517428022280143,0.10934577743837316,0.09229622891381661,0.12783185817771814
42,0.12451385077716245,0.12096485581701272,0.13677991892697167,0.08894274769599701,0.09967738269962288,0.1113379733448489,0.11304149050487194,0.09715317518119908,0.10758860505231313
43,0.09207592683951014,0.14614395627043747,0.11335006744609177,0.10230068042279322,0.09502484564105197,0.12403279042858097,0.11829799966036449,0.1038648585043402,0.10490887478682992
44,0.11039846417907974,0.10731371540386349,0.10046792475536429,0.10636311928273118,0.12362064521428043,0.114642398272399,0.10756257697311253,0.11828019925873226,0.11135095666043689
45,0.11922764474160584,0.1022062720247113,0.09777906748274949,0.12291427563929355,0.11421306190777172,0.10257246933318893,0.11020633138005738,0.10931897658386366,0.12156190090675795
46,0.11127654196604493,0.11278705694499133,0.13066767544447155,0.11689109388977115,0.10141901256298205,0.1027631189979419,0.11142853164529298,0.10832776474843438,0.10443920380006999
47,0.11039846417907974,0.10731371540386349,0.10046792475536429,0.10636311928273118,0.12362064521428043,0.114642398272399,0.10756257697311253,0.11828019925873226,0.11135095666043689
48,0.12934203644458578,0.12474978169056752,0.1072269397628129,0.11610671589993846,0.09244247333126583,0.10568271080515208,0.0996296888677699,0.09227042966090362,0.13254922353700363
49,0.11127654196604493,0.11278705694499133,0.13066767544447155,0.11689109388977115,0.10141901256298205,0.1027631189979419,0.11142853164529298,0.10832776474843438,0.10443920380006999
50,0.11401250001676669,0.11786895541793133,0.09357947581008255,0.11955247179387829,0.09999639568189053,0.11790368345016462,0.10389125021117378,0.11673435955271973,0.11646090806539253
51,0.12451385077716245,0.12096485581701272,0.13677991892697167,0.08894274769599701,0.09967738269962288,0.1113379733448489,0.11304149050487194,0.09715317518119908,0.10758860505231313
52,0.13338492182156023,0.10295481331477713,0.08171532007291894,0.11469747889063013,0.11986129488430897,0.10648594753535244,0.09968135486169614,0.12032547534853545,0.12089339327022107
53,0.12451385077716245,0.12096485581701272,0.13677991892697167,0.08894274769599701,0.09967738269962288,0.1113379733448489,0.11304149050487194,0.09715317518119908,0.10758860505231313
54,0.10699128657158379,0.11636132596859963,0.11629194713491192,0.10962435566490077,0.11299313660064998,0.11582980153635876,0.11465596928740675,0.1126729867394986,0.0945791904960898
55,0.1315318292029162,0.09207589210725663,0.08813145716158918,0.12521302248096058,0.11937340040772591,0.10236987940398998,0.09894929376723491,0.11767107196765111,0.12468415350067541
56,0.1340036764399889,0.09548757107231383,0.08859114641360405,0.14283749505170867,0.11206462771385911,0.10453813488444488,0.09627215766394746,0.10966127491530503,0.11654391584482822
57,0.12451385077716245,0.12096485581701272,0.13677991892697167,0.08894274769599701,0.09967738269962288,0.1113379733448489,0.11304149050487194,0.09715317518119908,0.10758860505231313
58,0.11190075273332996,0.12269392791187107,0.11962732007820198,0.11257561210475932,0.10474155961171873,0.09984948109071817,0.09910795481410896,0.1001080916149842,0.12939530004030744
0,0.11147572219013208,0.10322895301293124,0.1326320544183209,0.09807924491988197,0.09824754788129351,0.10423344827786576,0.12321050411782644,0.10206546846539036,0.12682705671635786
1,0.12958395112336443,0.09427888969262517,0.07314026280380696,0.14392471530632991,0.10736989708515657,0.09534002339464931,0.09158429647894471,0.12381134958802553,0.1409666145270971
2,0.10377480406774234,0.12376213877023466,0.13310780480278825,0.10818344925754882,0.09226935834747015,0.10430523228224774,0.10489920774140188,0.1000847712714214,0.12961323345914488
3,0.12179985270692009,0.08296237318252947,0.11318677970087088,0.12711942719687444,0.11243199434958336,0.10122200881226139,0.1113619782038513,0.11154556787128002,0.11837001797582859
4,0.11451803294021753,0.12971220650248827,0.11208208976781457,0.11618065100355342,0.0969333999451384,0.10526654440423945,0.10462126452144871,0.09782820818285595,0.12285760273224387
5,0.11186876617807785,0.10445802462724375,0.11759796802987772,0.12844771071856131,0.10394451505154721,0.1084549827936618,0.10248879016765887,0.11262218658051856,0.11011705585285275
6,0.12958395112336443,0.09427888969262517,0.07314026280380696,0.14392471530632991,0.10736989708515657,0.09534002339464931,0.09158429647894471,0.12381134958802553,0.1409666145270971
7,0.11166365348371282,0.12615545558941493,0.13638730617647637,0.11407071871790816,0.09226995078198834,0.10271395773587567,0.10805284063412274,0.09660998353322876,0.11207613334727225
8,0.1125894279526164,0.12720762685318052,0.11278687899062206,0.11591778321013023,0.10660889849196874,0.11065432502138768,0.10092087538132448,0.1077792142296706,0.10553496986909908
9,0.12177613005523102,0.1163934952383146,0.12843723510027988,0.11005297211985832,0.09905458624483765,0.10822808286752497,0.11087455566276457,0.10189469740009105,0.10328824531109819
10,0.12177613005523102,0.1163934952383146,0.12843723510027988,0.11005297211985832,0.09905458624483765,0.10822808286752497,0.11087455566276457,0.10189469740009105,0.10328824531109819
11,0.11736957032720895,0.09894012817328876,0.11724867395914641,0.1019434997027251,0.10196284239539881,0.10356570446417993,0.12147744438957438,0.11066439019297339,0.12682774639550443
12,0.1149095542187428,0.11717431070917299,0.08770988898121652,0.13456250958350247,0.10118791014098708,0.10430395921151733,0.09287004374809327,0.11835735026059294,0.12892447314617447
13,0.13482861094814672,0.10898463681426777,0.11266836206081375,0.09912821887453918,0.10209554918071038,0.09919272615685065,0.11160070171068645,0.10229917272133796,0.12920202153264743
14,0.11451803294021753,0.12971220650248827,0.11208208976781457,0.11618065100355342,0.0969333999451384,0.10526654440423945,0.10462126452144871,0.09782820818285595,0.12285760273224387
15,0.13482861094814672,0.10898463681426777,0.11266836206081375,0.09912821887453918,0.10209554918071038,0.09919272615685065,0.11160070171068645,0.10229917272133796,0.12920202153264743
16,0.11875001694370373,0.123988765812029,0.11362730124553409,0.11656438511687642,0.09544475397433055,0.10635839602237084,0.09822441573890668,0.10419337431980803,0.12284859082644041
17,0.11451803294021753,0.12971220650248827,0.11208208976781457,0.11618065100355342,0.0969333999451384,0.10526654440423945,0.10462126452144871,0.09782820818285595,0.12285760273224387
18,0.10197640870812755,0.12327183842644197,0.11987746011340983,0.1131949816681841,0.10485860245422297,0.10157729386419355,0.10824025667605223,0.10181801412485526,0.12518514396451244
19,0.09073641875313797,0.12378239958203223,0.1283206352441446,0.10756907982586698,0.10340041050924874,0.1057972755743373,0.11176537645214873,0.10215868699440732,0.12646971706467616
20,0.10316925009697396,0.09740754840759498,0.10494231429799177,0.12893283148971255,0.1087760957233652,0.09970332971716316,0.10936867021610235,0.11784947306487599,0.12985048698622015
21,0.10003230974110137,0.1279513053740214,0.14373664237020412,0.09701495444376712,0.09518058562445968,0.10641667037821297,0.1179588527769467,0.09657986874659905,0.11512881054468775
22,0.10316925009697396,0.09740754840759498,0.10494231429799177,0.12893283148971255,0.1087760957233652,0.09970332971716316,0.10936867021610235,0.11784947306487599,0.12985048698622015
23,0.1012789923676779,0.12026099199303573,0.11924818824759888,0.12346857095934997,0.10249797907984083,0.10331088230509897,0.10323114939016514,0.10725822351359299,0.1194450221436393
24,0.11736957032720895,0.09894012817328876,0.11724867395914641,0.1019434997027251,0.10196284239539881,0.10356570446417993,0.12147744438957438,0.11066439019297339,0.12682774639550443
25,0.11875001694370373,0.123988765812029,0.11362730124553409,0.11656438511687642,0.09544475397433055,0.10635839602237084,0.09822441573890668,0.10419337431980803,0.12284859082644041
26,0.11736957032720895,0.09894012817328876,0.11724867395914641,0.1019434997027251,0.10196284239539881,0.10356570446417993,0.12147744438957438,0.11066439019297339,0.12682774639550443
27,0.0895843356199359,0.11323251395429046,0.12000052599123989,0.132598715064841,0.10468106117118971,0.10703218030279578,0.10568607552752696,0.11472789201202509,0.11245670035615515
28,0.11186876617807785,0.10445802462724375,0.11759796802987772,0.12844771071856131,0.10394451505154721,0.1084549827936618,0.10248879016765887,0.11262218658051856,0.11011705585285275
29,0.12179985270692009,0.08296237318252947,0.11318677970087088,0.12711942719687444,0.11243199434958336,0.10122200881226139,0.1113619782038513,0.11154556787128002,0.11837001797582859
30,0.12179985270692009,0.08296237318252947,0.11318677970087088,0.12711942719687444,0.11243199434958336,0.10122200881226139,0.1113619782038513,0.11154556787128002,0.11837001797582859
31,0.1200704674826175,0.09759061008087572,0.11473959036035791,0.13249281460944365,0.1015117378795793,0.09831056341574312,0.10443420172358947,0.10995006859283916,0.12089994585495413
32,0.10316925009697396,0.09740754840759498,0.10494231429799177,0.12893283148971255,0.1087760957233652,0.09970332971716316,0.10936867021610235,0.11784947306487599,0.12985048698622015
33,0.11875001694370373,0.123988765812029,0.11362730124553409,0.11656438511687642,0.09544475397433055,0.10635839602237084,0.09822441573890668,0.10419337431980803,0.12284859082644041
34,0.1012789923676779,0.12026099199303573,0.11924818824759888,0.12346857095934997,0.10249797907984083,0.10331088230509897,0.10323114939016514,0.10725822351359299,0.1194450221436393
35,0.13436993616067913,0.09643162272033277,0.09957576738425865,0.13350312821778187,0.10870592620317884,0.0961750891239016,0.09515467928978937,0.10636216936447583,0.12972168153560196
36,0.10058136422283612,0.1326336767693736,0.11658253230756777,0.11602137808360646,0.09614597816122683,0.10762026012215824,0.11024714676731993,0.09426102719220741,0.1259066363737037
