,Estim(XGBClassifier)_Imputer(IterativeImputer(<class 'sklearn.linear_model._bayes.BayesianRidge'>)),Estim(XGBClassifier)_Imputer(IterativeImputer(<class 'xgboost.sklearn.XGBRegressor'>)),Estim(XGBClassifier)_Imputer(IterativeImputer(<class 'sklearn.ensemble._forest.RandomForestRegressor'>)),Estim(XGBClassifier)_Imputer(KNNImputer),Estim(RandomForestClassifier)_Imputer(IterativeImputer(<class 'sklearn.linear_model._bayes.BayesianRidge'>)),Estim(RandomForestClassifier)_Imputer(IterativeImputer(<class 'xgboost.sklearn.XGBRegressor'>)),Estim(RandomForestClassifier)_Imputer(IterativeImputer(<class 'sklearn.ensemble._forest.RandomForestRegressor'>)),Estim(RandomForestClassifier)_Imputer(KNNImputer),Estim(<class 'new_base.ClassifierWithImputation'>)_Imputer(Identity)
0,0.11470136735484023,0.09703967600388884,0.09526208629584544,0.12537948708343868,0.10578851715978636,0.09654756714550213,0.11177748180961831,0.11342572085407722,0.14007809629300272
1,0.09887647360259881,0.08017195339015978,0.08803871500436962,0.13090622323109843,0.11803804445096082,0.10192653567724039,0.11161129511772676,0.14052848753059283,0.12990227199525262
2,0.13908044014295257,0.12505465304503638,0.1158980385600343,0.11797736096883576,0.10727976460170216,0.10016404625801445,0.1022482126751439,0.10849086187482238,0.08380662187345828
3,0.11241710718573227,0.11569563754915468,0.06794647466803316,0.13400236908368982,0.10147431790216169,0.10968771247662808,0.08466775009914172,0.12334998728829084,0.15075864374716777
4,0.10072394874791123,0.10863458738021317,0.1044349131164949,0.10329326179515402,0.1105430967220609,0.11202685001720306,0.1314240876848006,0.10672822304119897,0.12219103149496303
5,0.0949832721220406,0.09173839393893785,0.08632971144386688,0.1416693817517523,0.10817133620324638,0.09771383440843463,0.10730935521218808,0.12974888199637727,0.14233583292315605
6,0.11535714848415199,0.09395038015438666,0.097982687360792,0.1391570451989776,0.10499993268163664,0.08851456558219159,0.1123565663160725,0.11338661046604144,0.1342950637557498
7,0.09715748605790256,0.10941226272446372,0.09572809787802225,0.10428032245521912,0.11352170865384745,0.11857256417916452,0.11549313908013553,0.1179725110804883,0.1278619078907566
8,0.14970789407728982,0.10258343958397842,0.12649819826186978,0.1096116903205887,0.1030471233822221,0.09605863649710714,0.09657242331145362,0.10260257044643306,0.11331802411905732
9,0.09715748605790256,0.10941226272446372,0.09572809787802225,0.10428032245521912,0.11352170865384745,0.11857256417916452,0.11549313908013553,0.1179725110804883,0.1278619078907566
10,0.12189026952780957,0.09396482039113402,0.08884364643732343,0.14678535212732507,0.1047738477409639,0.10239268659664943,0.09921113913184897,0.11637244966971343,0.12576578837723196
11,0.11535714848415199,0.09395038015438666,0.097982687360792,0.1391570451989776,0.10499993268163664,0.08851456558219159,0.1123565663160725,0.11338661046604144,0.1342950637557498
12,0.12685123456771513,0.0932388563424738,0.0889904194187377,0.13013345914845062,0.10551575783309954,0.10541817454938554,0.10552363897426946,0.1203718858029819,0.12395657336288596
13,0.09747193819479384,0.09360122376371732,0.13284102591493926,0.11765191668008017,0.10944860981821691,0.09490751945856439,0.12084943450926522,0.11424780691119286,0.11898052474923033
14,0.0949832721220406,0.09173839393893785,0.08632971144386688,0.1416693817517523,0.10817133620324638,0.09771383440843463,0.10730935521218808,0.12974888199637727,0.14233583292315605
15,0.11241710718573227,0.11569563754915468,0.06794647466803316,0.13400236908368982,0.10147431790216169,0.10968771247662808,0.08466775009914172,0.12334998728829084,0.15075864374716777
16,0.09887647360259881,0.08017195339015978,0.08803871500436962,0.13090622323109843,0.11803804445096082,0.10192653567724039,0.11161129511772676,0.14052848753059283,0.12990227199525262
17,0.0949832721220406,0.09173839393893785,0.08632971144386688,0.1416693817517523,0.10817133620324638,0.09771383440843463,0.10730935521218808,0.12974888199637727,0.14233583292315605
18,0.12189026952780957,0.09396482039113402,0.08884364643732343,0.14678535212732507,0.1047738477409639,0.10239268659664943,0.09921113913184897,0.11637244966971343,0.12576578837723196
19,0.11535714848415199,0.09395038015438666,0.097982687360792,0.1391570451989776,0.10499993268163664,0.08851456558219159,0.1123565663160725,0.11338661046604144,0.1342950637557498
20,0.12189026952780957,0.09396482039113402,0.08884364643732343,0.14678535212732507,0.1047738477409639,0.10239268659664943,0.09921113913184897,0.11637244966971343,0.12576578837723196
21,0.1271068728431562,0.09759617018308059,0.12581777061521943,0.09690386569065178,0.1165612104466093,0.10650610731177874,0.10453394887960676,0.11217477831722612,0.11279927571267158
22,0.12189026952780957,0.09396482039113402,0.08884364643732343,0.14678535212732507,0.1047738477409639,0.10239268659664943,0.09921113913184897,0.11637244966971343,0.12576578837723196
23,0.13642074809468482,0.10093685784736092,0.08241379297104093,0.1397790739175515,0.11130838337786579,0.1058741639340163,0.08532349209882131,0.11192363059311314,0.12601985716554506
24,0.10687815305446881,0.09356481968352098,0.09765251604664967,0.14404964688283292,0.10696896796287894,0.09916468367854771,0.10817677407775493,0.12135047758398661,0.12219396102935946
25,0.12189026952780957,0.09396482039113402,0.08884364643732343,0.14678535212732507,0.1047738477409639,0.10239268659664943,0.09921113913184897,0.11637244966971343,0.12576578837723196
26,0.12189026952780957,0.09396482039113402,0.08884364643732343,0.14678535212732507,0.1047738477409639,0.10239268659664943,0.09921113913184897,0.11637244966971343,0.12576578837723196
27,0.10072394874791123,0.10863458738021317,0.1044349131164949,0.10329326179515402,0.1105430967220609,0.11202685001720306,0.1314240876848006,0.10672822304119897,0.12219103149496303
28,0.11953646415605965,0.10120367463550477,0.11216042201650987,0.10949387758327399,0.11276207273929217,0.09574256006040599,0.12971098100435297,0.10816945824222243,0.11122048956237804
29,0.12189026952780957,0.09396482039113402,0.08884364643732343,0.14678535212732507,0.1047738477409639,0.10239268659664943,0.09921113913184897,0.11637244966971343,0.12576578837723196
30,0.12189026952780957,0.09396482039113402,0.08884364643732343,0.14678535212732507,0.1047738477409639,0.10239268659664943,0.09921113913184897,0.11637244966971343,0.12576578837723196
31,0.10421957031567071,0.11905653381831317,0.10351776119036081,0.12766703413870614,0.10402214150462143,0.09492198615981676,0.11582425223028595,0.10811497244847604,0.12265574819374896
32,0.126290721148895,0.11312317737454344,0.10626862093626195,0.11700638777363671,0.10900490782736745,0.10328515775816736,0.10220199966565313,0.11187231478121908,0.11094671273425541
33,0.11535714848415199,0.09395038015438666,0.097982687360792,0.1391570451989776,0.10499993268163664,0.08851456558219159,0.1123565663160725,0.11338661046604144,0.1342950637557498
34,0.0878155624395668,0.09941291150615367,0.10928407250525198,0.10904161013344332,0.10489809870322615,0.10897072222972216,0.1238551129823592,0.11078443612049037,0.1459374733797863
35,0.10185130635397324,0.10769212625684131,0.10114616713358333,0.0975442706951666,0.11417902065029502,0.11513137002721385,0.10710256780095502,0.11782373268624387,0.13752943839572798
36,0.10000404597163676,0.1117549865537302,0.11080072043048601,0.1289065429749487,0.10227210450772443,0.1038079771784646,0.11193757789473488,0.1165470297269699,0.11396901476130479
37,0.12189026952780957,0.09396482039113402,0.08884364643732343,0.14678535212732507,0.1047738477409639,0.10239268659664943,0.09921113913184897,0.11637244966971343,0.12576578837723196
38,0.1271068728431562,0.09759617018308059,0.12581777061521943,0.09690386569065178,0.1165612104466093,0.10650610731177874,0.10453394887960676,0.11217477831722612,0.11279927571267158
39,0.12685123456771513,0.0932388563424738,0.0889904194187377,0.13013345914845062,0.10551575783309954,0.10541817454938554,0.10552363897426946,0.1203718858029819,0.12395657336288596
40,0.09887647360259881,0.08017195339015978,0.08803871500436962,0.13090622323109843,0.11803804445096082,0.10192653567724039,0.11161129511772676,0.14052848753059283,0.12990227199525262
41,0.112388012253399,0.09318006478463872,0.1316597041523282,0.11194466276518619,0.11945899651306902,0.10139620229276622,0.11263086457965871,0.1066707003967892,0.11067079226216454
42,0.12840118072240747,0.11725273134373118,0.10376595583263724,0.12240713316820294,0.10402121127414077,0.10093224465221315,0.09437392628122698,0.11127731285644804,0.11756830386899188
43,0.12189026952780957,0.09396482039113402,0.08884364643732343,0.14678535212732507,0.1047738477409639,0.10239268659664943,0.09921113913184897,0.11637244966971343,0.12576578837723196
44,0.0878155624395668,0.09941291150615367,0.10928407250525198,0.10904161013344332,0.10489809870322615,0.10897072222972216,0.1238551129823592,0.11078443612049037,0.1459374733797863
45,0.10665321313191925,0.09472769179705993,0.09360412726816221,0.12829195845440602,0.11846668868339696,0.10546502390262903,0.10526491584925941,0.14668091913579584,0.10084546177737135
46,0.09887647360259881,0.08017195339015978,0.08803871500436962,0.13090622323109843,0.11803804445096082,0.10192653567724039,0.11161129511772676,0.14052848753059283,0.12990227199525262
47,0.08872903839764609,0.10490111773080645,0.1096742188874453,0.11173635097800567,0.10971974644365548,0.1138415199242742,0.1163924944045833,0.11138856103691541,0.133616952196668
48,0.09747193819479384,0.09360122376371732,0.13284102591493926,0.11765191668008017,0.10944860981821691,0.09490751945856439,0.12084943450926522,0.11424780691119286,0.11898052474923033
49,0.08681053057054633,0.11834841774228297,0.1300072853535571,0.1297675886246515,0.09406621939092426,0.09880555114278944,0.10454593710285866,0.11258824073256003,0.12506022933982955
50,0.12189026952780957,0.09396482039113402,0.08884364643732343,0.14678535212732507,0.1047738477409639,0.10239268659664943,0.09921113913184897,0.11637244966971343,0.12576578837723196
51,0.10000404597163676,0.1117549865537302,0.11080072043048601,0.1289065429749487,0.10227210450772443,0.1038079771784646,0.11193757789473488,0.1165470297269699,0.11396901476130479
52,0.1271068728431562,0.09759617018308059,0.12581777061521943,0.09690386569065178,0.1165612104466093,0.10650610731177874,0.10453394887960676,0.11217477831722612,0.11279927571267158
53,0.12723655665651737,0.09514445690014198,0.07032450358577752,0.14465157011681318,0.1046468223198484,0.1057502767942943,0.08906048547845456,0.11955601752569703,0.14362931062245557
54,0.12188057183547722,0.0795661191532112,0.12139868577433867,0.1233072308657666,0.11392180196011227,0.09687111437894476,0.11431815317503079,0.11371315412430782,0.11502316873281072
55,0.09887647360259881,0.08017195339015978,0.08803871500436962,0.13090622323109843,0.11803804445096082,0.10192653567724039,0.1116112951177267,0.14052848753059283,0.12990227199525262
56,0.0878155624395668,0.09941291150615367,0.10928407250525198,0.10904161013344332,0.10489809870322615,0.10897072222972216,0.1238551129823592,0.11078443612049037,0.1459374733797863
57,0.11535714848415199,0.09395038015438666,0.097982687360792,0.1391570451989776,0.10499993268163664,0.08851456558219159,0.1123565663160725,0.11338661046604144,0.1342950637557498
58,0.11535714848415199,0.09395038015438666,0.097982687360792,0.1391570451989776,0.10499993268163664,0.08851456558219159,0.1123565663160725,0.11338661046604144,0.1342950637557498
59,0.12189026952780957,0.09396482039113402,0.08884364643732343,0.14678535212732507,0.1047738477409639,0.10239268659664943,0.09921113913184897,0.11637244966971343,0.12576578837723196
0,0.0989123655070242,0.1224914985145969,0.10449388320664989,0.09833676241593764,0.1130877996114548,0.10192230012706734,0.10273743376098872,0.11153667365218192,0.14648128320409834
1,0.1084897691025629,0.1293726805177203,0.11484167990327333,0.11748917442997377,0.10266287539671964,0.10602886535275968,0.10570841948998447,0.10446567267103476,0.11094086313597122
2,0.11430153826568756,0.11991108397205344,0.11872457974945937,0.10363266256306342,0.11054271789518413,0.10635675986565246,0.10476320229061915,0.1039414535827667,0.11782600181551378
3,0.11446604121051515,0.13052790277462445,0.13426612707751595,0.11908986477456557,0.10023265170508619,0.09814124784612929,0.10266343678525117,0.09884499946922748,0.10176772835708509
4,0.10606463932185059,0.13191525103054652,0.10722059516995183,0.09345906817495044,0.10991886157992659,0.12136189914639627,0.10942820912010252,0.100510860690858,0.12012061576541759
5,0.10606463932185059,0.13191525103054652,0.10722059516995183,0.09345906817495044,0.10991886157992659,0.12136189914639627,0.10942820912010252,0.100510860690858,0.12012061576541759
6,0.11430153826568756,0.11991108397205344,0.11872457974945937,0.10363266256306342,0.11054271789518413,0.10635675986565246,0.10476320229061915,0.1039414535827667,0.11782600181551378
7,0.11430153826568756,0.11991108397205344,0.11872457974945937,0.10363266256306342,0.11054271789518413,0.10635675986565246,0.10476320229061915,0.1039414535827667,0.11782600181551378
8,0.10385489621586756,0.13664797496458325,0.08090982534756586,0.10554540996546447,0.12281059852399312,0.1135851825472346,0.10856309959322358,0.11490899562751775,0.11317401721454985
9,0.11446604121051515,0.13052790277462445,0.13426612707751595,0.11908986477456557,0.10023265170508619,0.09814124784612929,0.10266343678525117,0.09884499946922748,0.10176772835708509
10,0.12144245198071305,0.09751315371408607,0.1109570261148048,0.10210254044457333,0.12016390695619904,0.10311900118371335,0.11358560566556633,0.11043918574509975,0.1206771281952439
11,0.11531588751041992,0.15129503051883397,0.08980394666627868,0.0933066867630211,0.10701834292285321,0.11983857693819838,0.09511439668299017,0.10223087833544511,0.12607625366195946
12,0.12034795608575805,0.08113789722183362,0.10718308116802995,0.1034751715984505,0.1235021850992368,0.09704008362919375,0.12762516205442997,0.11219786336085973,0.12749059978220773
13,0.1084897691025629,0.1293726805177203,0.11484167990327333,0.11748917442997377,0.10266287539671964,0.10602886535275968,0.10570841948998447,0.10446567267103476,0.11094086313597122
14,0.11294269280862886,0.0981805515555901,0.10331778823621103,0.1345978021304982,0.11115829444711331,0.10878238751320383,0.11296858144758805,0.11987415137008292,0.09817775049108371
15,0.11430153826568756,0.11991108397205344,0.11872457974945937,0.10363266256306342,0.11054271789518413,0.10635675986565246,0.10476320229061915,0.1039414535827667,0.11782600181551378
16,0.1274505544804875,0.11660908509070045,0.1302117254130357,0.08960647643827434,0.11666642650185063,0.100570098752735,0.12297391304054038,0.0984075561799453,0.09750416410243071
17,0.12144245198071305,0.09751315371408607,0.1109570261148048,0.10210254044457333,0.12016390695619904,0.10311900118371335,0.11358560566556633,0.11043918574509975,0.1206771281952439
18,0.1274505544804875,0.11660908509070045,0.1302117254130357,0.08960647643827434,0.11666642650185063,0.100570098752735,0.12297391304054038,0.0984075561799453,0.09750416410243071
19,0.11430153826568756,0.11991108397205344,0.11872457974945937,0.10363266256306342,0.11054271789518413,0.10635675986565246,0.10476320229061915,0.1039414535827667,0.11782600181551378
20,0.116576740816613,0.11168237615112497,0.11842014194486503,0.10356974595574554,0.11584008760227749,0.10127885051918144,0.12448156399259964,0.10650590284045697,0.10164459017713605
21,0.1084897691025629,0.1293726805177203,0.11484167990327333,0.11748917442997377,0.10266287539671964,0.10602886535275968,0.10570841948998447,0.10446567267103476,0.11094086313597122
22,0.12595436714577787,0.13226683562539537,0.11229288868076098,0.11144078884856802,0.10841507014287065,0.10152467252491,0.09971339373259758,0.10279344116155803,0.10559854213756163
23,0.1274505544804875,0.11660908509070045,0.1302117254130357,0.08960647643827434,0.11666642650185063,0.100570098752735,0.12297391304054038,0.0984075561799453,0.09750416410243071
24,0.11531588751041992,0.15129503051883397,0.08980394666627868,0.0933066867630211,0.10701834292285321,0.11983857693819844,0.09511439668299013,0.10223087833544511,0.12607625366195946
25,0.1084897691025629,0.1293726805177203,0.11484167990327333,0.11748917442997377,0.10266287539671964,0.10602886535275968,0.10570841948998447,0.10446567267103476,0.11094086313597122
26,0.11377340121413612,0.1390386834015442,0.11581178424978399,0.10641254204086101,0.1065810983903704,0.09429470900362909,0.09577132753721276,0.09993040326039908,0.12838605090206323
27,0.11377340121413612,0.1390386834015442,0.11581178424978399,0.10641254204086101,0.1065810983903704,0.09429470900362909,0.09577132753721276,0.09993040326039908,0.12838605090206323
28,0.12595436714577787,0.13226683562539537,0.11229288868076098,0.11144078884856802,0.10841507014287065,0.10152467252491,0.09971339373259758,0.10279344116155803,0.10559854213756163
29,0.1084897691025629,0.1293726805177203,0.11484167990327333,0.11748917442997377,0.10266287539671964,0.10602886535275968,0.10570841948998447,0.10446567267103476,0.11094086313597122
30,0.1274505544804875,0.11660908509070045,0.1302117254130357,0.08960647643827434,0.11666642650185063,0.100570098752735,0.12297391304054038,0.0984075561799453,0.09750416410243071
31,0.11430153826568756,0.11991108397205344,0.11872457974945937,0.10363266256306342,0.11054271789518413,0.10635675986565246,0.10476320229061915,0.1039414535827667,0.11782600181551378
32,0.1084897691025629,0.1293726805177203,0.11484167990327333,0.11748917442997377,0.10266287539671964,0.10602886535275968,0.10570841948998447,0.10446567267103476,0.11094086313597122
33,0.11680674993075164,0.12367930792826173,0.10421700533648179,0.0925310579096209,0.11389825528483294,0.09924187128462429,0.09933404383995961,0.10407977619858538,0.1462119322868817
34,0.1274505544804875,0.11660908509070045,0.1302117254130357,0.08960647643827434,0.11666642650185063,0.100570098752735,0.12297391304054038,0.0984075561799453,0.09750416410243071
35,0.11430153826568756,0.11991108397205344,0.11872457974945937,0.10363266256306342,0.11054271789518413,0.10635675986565246,0.10476320229061915,0.1039414535827667,0.11782600181551378
36,0.1084897691025629,0.1293726805177203,0.11484167990327333,0.11748917442997377,0.10266287539671964,0.10602886535275968,0.10570841948998447,0.10446567267103476,0.11094086313597122
37,0.1274505544804875,0.11660908509070045,0.1302117254130357,0.08960647643827434,0.11666642650185063,0.100570098752735,0.12297391304054038,0.0984075561799453,0.09750416410243071
38,0.09181302682319763,0.14695347526166777,0.10225020404223906,0.09201048720389171,0.12122832507961943,0.12791775626236365,0.10394316572619446,0.1032582168860668,0.1106253427147598
39,0.11680674993075164,0.12367930792826173,0.10421700533648179,0.0925310579096209,0.11389825528483294,0.09924187128462429,0.09933404383995961,0.10407977619858538,0.1462119322868817
40,0.1084897691025629,0.1293726805177203,0.11484167990327333,0.11748917442997377,0.10266287539671964,0.10602886535275968,0.10570841948998447,0.10446567267103476,0.11094086313597122
41,0.11531588751041992,0.15129503051883397,0.08980394666627868,0.0933066867630211,0.10701834292285321,0.11983857693819844,0.09511439668299013,0.10223087833544511,0.12607625366195946
42,0.1274505544804875,0.11660908509070045,0.1302117254130357,0.08960647643827434,0.11666642650185063,0.100570098752735,0.12297391304054038,0.0984075561799453,0.09750416410243071
43,0.1274505544804875,0.11660908509070045,0.1302117254130357,0.08960647643827434,0.11666642650185063,0.100570098752735,0.12297391304054038,0.0984075561799453,0.09750416410243071
44,0.1274505544804875,0.11660908509070045,0.1302117254130357,0.08960647643827434,0.11666642650185063,0.100570098752735,0.12297391304054038,0.0984075561799453,0.09750416410243071
45,0.09170968285434655,0.17441357090002416,0.09832859489969464,0.09541028833385123,0.10884005469514449,0.12587045442365458,0.1029738602537748,0.10357487116683364,0.09887862247267616
46,0.11430153826568756,0.11991108397205344,0.11872457974945937,0.10363266256306342,0.11054271789518413,0.10635675986565246,0.10476320229061915,0.1039414535827667,0.11782600181551378
47,0.13437765721862896,0.13587535586836239,0.0807061439536352,0.11118909409043243,0.10934258633996925,0.10314348114824742,0.08145643041775069,0.10313606293812999,0.14077318802484348
48,0.12035167063216368,0.1065960922874001,0.14727254359818034,0.10280925823141637,0.10168299370919195,0.09978897003754149,0.117167618434647,0.0968223792608962,0.10750847380856296
49,0.0898448021408696,0.14005511323849534,0.103953230918229,0.09786200279859032,0.11269284579108231,0.12416785293715399,0.10912366111481009,0.10526764514151163,0.11703284591925793
50,0.11430153826568756,0.11991108397205344,0.11872457974945937,0.10363266256306342,0.11054271789518413,0.10635675986565246,0.10476320229061915,0.1039414535827667,0.11782600181551378
51,0.1084897691025629,0.1293726805177203,0.11484167990327333,0.11748917442997377,0.10266287539671964,0.10602886535275968,0.10570841948998447,0.10446567267103476,0.11094086313597122
52,0.09991050406223721,0.11608861108338467,0.11412561715423493,0.11719182723994706,0.09182854719430071,0.10845716202280759,0.11506965092864989,0.1173479523317839,0.11998012798265419
53,0.1108944539262626,0.10161457470686937,0.10948672002585304,0.11214386878377919,0.11293434346289515,0.1080642299377477,0.11808160159807415,0.11228103987224565,0.11449916768627329
54,0.09863807637285543,0.13474017419478868,0.10561419462552744,0.08932356544501203,0.12020853155730148,0.11878369840689976,0.10523275204401829,0.10380125744512757,0.12365774990846942
55,0.0824599377141412,0.13006365072337414,0.13175212512019283,0.1278935828190395,0.07845522341475751,0.10287025699745221,0.11471117357774677,0.1113149932912676,0.12047905634202848
56,0.1084897691025629,0.1293726805177203,0.11484167990327333,0.11748917442997377,0.10266287539671964,0.10602886535275968,0.10570841948998447,0.10446567267103476,0.11094086313597122
57,0.1274505544804875,0.11660908509070045,0.1302117254130357,0.08960647643827434,0.11666642650185063,0.100570098752735,0.12297391304054038,0.0984075561799453,0.09750416410243071
58,0.12855892850268558,0.1393249098356416,0.10011703740406575,0.12735259378945382,0.10208532138036264,0.10537792585433249,0.08836407289399999,0.10442529047920598,0.10439391986025202
59,0.12035167063216368,0.1065960922874001,0.14727254359818034,0.10280925823141637,0.10168299370919195,0.09978897003754149,0.117167618434647,0.0968223792608962,0.10750847380856296
0,0.09291141340296596,0.13106481153937444,0.12041039827387545,0.1418612349142439,0.09966538217668744,0.10314371843555588,0.10320343193888477,0.11039019338387032,0.09734941593454188
1,0.13215335881051868,0.12507085256129,0.09156493636066503,0.1047387873972218,0.11504148134817001,0.10621899927732024,0.10420288877994172,0.108669363127165,0.11233933233770725
2,0.10884331679028528,0.11947675611604364,0.13502404666859874,0.11614871354888148,0.10282516786710366,0.1151449389126663,0.10917236713009024,0.10491026412081306,0.08845442884551766
3,0.12408736985858491,0.1195167078652721,0.11673816212883743,0.11381578988763265,0.10169052380315013,0.10990355401495853,0.10547481493882511,0.10526269269974041,0.1035103848029984
4,0.1048202262710529,0.08930400815270487,0.12007389818837996,0.12186076720783096,0.1103380452249439,0.08946752087669611,0.11750173317015998,0.11653700302618364,0.13009679788204764
5,0.1048202262710529,0.08930400815270487,0.12007389818837996,0.12186076720783096,0.1103380452249439,0.08946752087669611,0.11750173317015998,0.11653700302618364,0.13009679788204764
6,0.09291141340296596,0.13106481153937444,0.12041039827387545,0.1418612349142439,0.09966538217668744,0.10314371843555588,0.10320343193888477,0.11039019338387032,0.09734941593454188
7,0.10884331679028528,0.11947675611604364,0.13502404666859874,0.11614871354888148,0.10282516786710366,0.1151449389126663,0.10917236713009024,0.10491026412081306,0.08845442884551766
8,0.13215335881051868,0.12507085256129,0.09156493636066503,0.1047387873972218,0.11504148134817001,0.10621899927732024,0.10420288877994172,0.108669363127165,0.11233933233770725
9,0.11116628749605714,0.09249759431357495,0.10821798360849735,0.11397640784545698,0.11602295879500096,0.09132643652065081,0.12030739914494523,0.12293970243859222,0.12354522983722395
10,0.1048202262710529,0.08930400815270487,0.12007389818837996,0.12186076720783096,0.1103380452249439,0.08946752087669611,0.11750173317015998,0.11653700302618364,0.13009679788204764
11,0.13215335881051868,0.12507085256129,0.09156493636066503,0.1047387873972218,0.11504148134817001,0.10621899927732024,0.10420288877994172,0.108669363127165,0.11233933233770725
12,0.12399746653041176,0.11035066444432985,0.110133159613185,0.12019128079706522,0.1099157028533485,0.09827636888354734,0.11126263703342161,0.11664581140468977,0.09922690844000072
13,0.10884331679028528,0.11947675611604364,0.13502404666859874,0.11614871354888148,0.10282516786710366,0.1151449389126663,0.10917236713009024,0.10491026412081306,0.08845442884551766
14,0.09471376785897499,0.09525778322103712,0.11708935005552651,0.10994437199080016,0.11352808215223506,0.11096688644881987,0.11498806326976968,0.11748414709008892,0.126027547912748
15,0.13215335881051868,0.12507085256129,0.09156493636066503,0.1047387873972218,0.11504148134817001,0.10621899927732024,0.10420288877994172,0.108669363127165,0.11233933233770725
16,0.11271543117030078,0.10231423912885954,0.10580385167526306,0.14719480918547012,0.10126842861856149,0.10862245994741197,0.09691391162761027,0.10643165670316473,0.11873521194335801
17,0.13215335881051868,0.12507085256129,0.09156493636066503,0.1047387873972218,0.11504148134817001,0.10621899927732024,0.10420288877994172,0.108669363127165,0.11233933233770725
18,0.13215335881051868,0.12507085256129,0.09156493636066503,0.1047387873972218,0.11504148134817001,0.10621899927732024,0.10420288877994172,0.108669363127165,0.11233933233770725
19,0.1341140552944299,0.13411396669628056,0.09511122404160155,0.13218386621446432,0.10675879264297358,0.10584610660611757,0.09301318945325997,0.1113313853192788,0.08752741373159349
20,0.13215335881051868,0.12507085256129,0.09156493636066503,0.1047387873972218,0.11504148134817001,0.10621899927732024,0.10420288877994172,0.108669363127165,0.11233933233770725
21,0.09291141340296596,0.13106481153937444,0.12041039827387545,0.1418612349142439,0.09966538217668744,0.10314371843555588,0.10320343193888477,0.11039019338387032,0.09734941593454188
22,0.09291141340296596,0.13106481153937444,0.12041039827387545,0.1418612349142439,0.09966538217668744,0.10314371843555588,0.10320343193888477,0.11039019338387032,0.09734941593454188
23,0.13215335881051868,0.12507085256129,0.09156493636066503,0.1047387873972218,0.11504148134817001,0.10621899927732024,0.10420288877994172,0.108669363127165,0.11233933233770725
24,0.11282441249153084,0.08474488329269916,0.1240599007758807,0.11473716947348905,0.1137471127530711,0.10680412098331361,0.11950227284271656,0.1214441677979351,0.10213595958936399
25,0.11116628749605714,0.09249759431357495,0.10821798360849735,0.11397640784545698,0.11602295879500096,0.09132643652065081,0.12030739914494523,0.12293970243859222,0.12354522983722395
26,0.09291141340296596,0.13106481153937444,0.12041039827387545,0.1418612349142439,0.09966538217668744,0.10314371843555588,0.10320343193888477,0.11039019338387032,0.09734941593454188
27,0.1048202262710529,0.08930400815270487,0.12007389818837996,0.12186076720783096,0.1103380452249439,0.08946752087669611,0.11750173317015998,0.11653700302618364,0.13009679788204764
28,0.11282441249153084,0.08474488329269916,0.1240599007758807,0.11473716947348905,0.1137471127530711,0.10680412098331361,0.11950227284271656,0.1214441677979351,0.10213595958936399
29,0.11282441249153084,0.08474488329269916,0.1240599007758807,0.11473716947348905,0.1137471127530711,0.10680412098331361,0.11950227284271656,0.1214441677979351,0.10213595958936399
30,0.13215335881051868,0.12507085256129,0.09156493636066503,0.1047387873972218,0.11504148134817001,0.10621899927732024,0.10420288877994172,0.108669363127165,0.11233933233770725
31,0.09291141340296596,0.13106481153937444,0.12041039827387545,0.1418612349142439,0.09966538217668744,0.10314371843555588,0.10320343193888477,0.11039019338387032,0.09734941593454188
32,0.12408736985858491,0.1195167078652721,0.11673816212883743,0.11381578988763265,0.10169052380315013,0.10990355401495853,0.10547481493882511,0.10526269269974041,0.1035103848029984
33,0.11834421571119097,0.1156076902078948,0.10072762815988945,0.11372886458611554,0.10562037661469487,0.1009928164452368,0.10386551203571166,0.11290508488454278,0.12820781135472298
34,0.11282441249153084,0.08474488329269916,0.1240599007758807,0.11473716947348905,0.1137471127530711,0.10680412098331361,0.11950227284271656,0.1214441677979351,0.10213595958936399
35,0.11260189758513574,0.11094703918501352,0.10317243358161207,0.13608468971258067,0.10824989024160256,0.10921628757028894,0.10138940931488213,0.10996241858066538,0.10837593422821871
36,0.11207946911572797,0.10775025241129349,0.08470436593869095,0.13362471167135598,0.1141607836025754,0.10711109333479947,0.10207885677770143,0.12212063159838547,0.11636983554946999
37,0.10513740879635125,0.10510156428813446,0.11190239864749939,0.10471797968649607,0.11365122178544201,0.12036471761175903,0.12027156015216676,0.1090018341864767,0.1098513148456741
38,0.09471376785897499,0.09525778322103712,0.11708935005552651,0.10994437199080016,0.11352808215223506,0.11096688644881987,0.11498806326976968,0.11748414709008892,0.126027547912748
39,0.11282441249153084,0.08474488329269916,0.1240599007758807,0.11473716947348905,0.1137471127530711,0.10680412098331361,0.11950227284271656,0.1214441677979351,0.10213595958936399
40,0.12230532185540718,0.1108857762585283,0.12240859437726864,0.1174047222145746,0.10335576554021779,0.1050141917688161,0.11528208732159102,0.10614770334494789,0.09719583731864836
41,0.1141932335835646,0.10945472508364952,0.10340635848732756,0.1003836175518023,0.11986636321066836,0.1172099503793783,0.11878261886043384,0.10993688233539255,0.106766250507783
42,0.12408736985858491,0.1195167078652721,0.11673816212883743,0.11381578988763265,0.10169052380315013,0.10990355401495853,0.10547481493882511,0.10526269269974041,0.1035103848029984
43,0.11739724261386116,0.10980497865197408,0.10218850591325158,0.10315056691089618,0.11924799573776068,0.11318283591079885,0.11215921453799049,0.11286919571518336,0.10999946400828352
44,0.13215335881051868,0.12507085256129,0.09156493636066503,0.1047387873972218,0.11504148134817001,0.10621899927732024,0.10420288877994172,0.108669363127165,0.11233933233770725
45,0.1048202262710529,0.08930400815270487,0.12007389818837996,0.12186076720783096,0.1103380452249439,0.08946752087669611,0.11750173317015998,0.11653700302618364,0.13009679788204764
46,0.1048202262710529,0.08930400815270487,0.12007389818837996,0.12186076720783096,0.1103380452249439,0.08946752087669611,0.11750173317015998,0.11653700302618364,0.13009679788204764
47,0.09471376785897499,0.09525778322103712,0.11708935005552651,0.10994437199080016,0.11352808215223506,0.11096688644881987,0.11498806326976968,0.11748414709008892,0.126027547912748
48,0.11699673262828383,0.14079587972454066,0.08016429782344725,0.14216093558654308,0.10814216741365061,0.11469631667792135,0.08588946395465628,0.11231510623710318,0.09883909995385347
49,0.11449261513992834,0.10597409694344796,0.09053414678725252,0.11528047028378961,0.12302986204189754,0.10553949114825603,0.10860465436813292,0.11509331078429824,0.1214513525029969
50,0.09471376785897499,0.09525778322103712,0.11708935005552651,0.10994437199080016,0.11352808215223506,0.11096688644881987,0.11498806326976968,0.11748414709008892,0.126027547912748
51,0.11282441249153084,0.08474488329269916,0.1240599007758807,0.11473716947348905,0.1137471127530711,0.10680412098331361,0.11950227284271656,0.1214441677979351,0.10213595958936399
52,0.12409849457025941,0.1038761111185069,0.08585193658506292,0.11370166931348012,0.12148728794044479,0.10515599419512386,0.10622579460815479,0.11561987019747667,0.12398284147149041
53,0.09471376785897499,0.09525778322103712,0.11708935005552651,0.10994437199080016,0.11352808215223506,0.11096688644881987,0.11498806326976968,0.11748414709008892,0.126027547912748
54,0.11667807179726984,0.11766009495804831,0.10251155563560437,0.15073954043959614,0.1006796189698911,0.10374449401220455,0.09843441613498918,0.11341915182599425,0.09613305622640239
55,0.10884331679028528,0.11947675611604364,0.13502404666859874,0.11614871354888148,0.10282516786710366,0.1151449389126663,0.10917236713009024,0.10491026412081306,0.08845442884551766
56,0.09471376785897499,0.09525778322103712,0.11708935005552651,0.10994437199080016,0.11352808215223506,0.11096688644881987,0.11498806326976968,0.11748414709008892,0.126027547912748
57,0.10730369206685536,0.11707432184495786,0.10376024886344119,0.12698641417463757,0.10529215049837334,0.11444384740278435,0.10705995553318452,0.10769636199123257,0.11038300762453351
58,0.12230532185540718,0.1108857762585283,0.12240859437726864,0.1174047222145746,0.10335576554021779,0.1050141917688161,0.11528208732159102,0.10614770334494789,0.09719583731864836
0,0.12776789883886772,0.10534297318863513,0.09409661329321099,0.096663542442886,0.1279007247443634,0.11297638327242948,0.10180425505626035,0.11381895353324722,0.11962865563009972
1,0.10465940512817504,0.10949789654469617,0.14256590710416206,0.09537922153991496,0.10123552250186228,0.10555117204346963,0.12054476472267985,0.10636139310712973,0.11420471730791056
2,0.11303909371674314,0.13036215139230978,0.08991828416056268,0.14245537372594316,0.11600021207038669,0.11035702749473643,0.08843647464886112,0.10790907556525023,0.10152230722520683
3,0.09572236390068088,0.13362371040328713,0.1173094222670358,0.12108300764798582,0.10599549988726407,0.10647238608974767,0.11129321361606988,0.10731778025810906,0.10118261592981989
4,0.0927736082185093,0.0985725886807164,0.1142659152768548,0.13654208106389948,0.10155829295491826,0.10627033804165764,0.11888464365878733,0.11226230201930275,0.11887023008535404
5,0.10465940512817504,0.10949789654469617,0.14256590710416206,0.09537922153991496,0.10123552250186228,0.10555117204346963,0.12054476472267985,0.10636139310712973,0.11420471730791056
6,0.09081359170797199,0.1251844220655932,0.1426033969357749,0.09089359909514812,0.0925640397018254,0.11443956120269391,0.12206032169669813,0.09660009236052289,0.12484097523377176
7,0.10465940512817504,0.10949789654469617,0.14256590710416206,0.09537922153991496,0.10123552250186228,0.10555117204346963,0.12054476472267985,0.10636139310712973,0.11420471730791056
8,0.10180991889981988,0.13366132290126462,0.1347944542798281,0.09229918141028595,0.10114714848863592,0.11380709783062465,0.1084513768110314,0.09861920581161608,0.11541029356689338
9,0.10465940512817504,0.10949789654469617,0.14256590710416206,0.09537922153991496,0.10123552250186228,0.10555117204346963,0.12054476472267985,0.10636139310712973,0.11420471730791056
10,0.1318400519283279,0.11289755134241812,0.1066932587617743,0.08872305127861944,0.11566801200837355,0.10685498931784855,0.09874823055723801,0.11674044728192265,0.12183440752347756
11,0.10465940512817504,0.10949789654469617,0.14256590710416206,0.09537922153991496,0.10123552250186228,0.10555117204346963,0.12054476472267985,0.10636139310712973,0.11420471730791056
12,0.12451093766290734,0.09187338235694487,0.08578412332637342,0.15499523505970902,0.11659234710892677,0.08917736423721498,0.08570869047143882,0.12145705302600715,0.12990086675047754
13,0.12969972009729602,0.10297215809405973,0.08218194102419632,0.13636875267908966,0.10727106804987203,0.09738998900779167,0.09581340820859749,0.11505665580069567,0.13324630703840104
14,0.08893201698410497,0.12093968749203333,0.13418743666171232,0.11670734276332762,0.09745645573068994,0.11483638083368874,0.11681728783421923,0.10187310260636319,0.1082502890938609
15,0.12969972009729602,0.10297215809405973,0.08218194102419632,0.13636875267908966,0.10727106804987203,0.09738998900779167,0.09581340820859749,0.11505665580069567,0.13324630703840104
16,0.10927357998240006,0.10686471634923148,0.07512459863789057,0.13599104669702994,0.11468948403494629,0.10342623648101079,0.09315618522705636,0.1265582724089609,0.1349158801814736
17,0.11923032290408563,0.12998571611840626,0.08483571998832966,0.1220104347296103,0.11948398045847489,0.10579316402201394,0.0880486628886231,0.11207762279068237,0.11853437609977399
18,0.1078007996911358,0.10740394440566484,0.11729625149799716,0.1150991992586668,0.10764581326807465,0.10584188490758074,0.1133576664655489,0.11397807597732632,0.1115763645280049
19,0.09862517218010287,0.11541145219748228,0.1298936283689205,0.10654462298931952,0.101061061120162,0.09745409781309819,0.11059916386434998,0.11663776380432246,0.12377303766224214
20,0.11711851718761619,0.10916328851938446,0.08607925406392206,0.14257125149283384,0.11348389156627718,0.10088890491938324,0.08832058377672661,0.1199435250593226,0.12243078341453396
21,0.09081359170797199,0.1251844220655932,0.1426033969357749,0.09089359909514812,0.0925640397018254,0.11443956120269391,0.12206032169669813,0.09660009236052289,0.12484097523377176
22,0.11343664138953435,0.13886997242216306,0.11679280333490963,0.08069440541385581,0.10397485999616417,0.11820731773014623,0.10788263420504207,0.09888577179656245,0.1212555937116221
23,0.1318400519283279,0.11289755134241812,0.1066932587617743,0.08872305127861944,0.11566801200837355,0.10685498931784855,0.09874823055723801,0.11674044728192265,0.12183440752347756
24,0.08676628068935939,0.10980479372116762,0.10540470576315797,0.11304698038278096,0.11176524233638306,0.11771492823728978,0.1265885452560149,0.11335048665441418,0.1155580369594325
25,0.10465940512817504,0.10949789654469617,0.14256590710416206,0.09537922153991496,0.10123552250186228,0.10555117204346963,0.12054476472267985,0.10636139310712973,0.11420471730791056
26,0.11303909371674314,0.13036215139230978,0.08991828416056268,0.14245537372594316,0.11600021207038669,0.11035702749473643,0.08843647464886112,0.10790907556525023,0.10152230722520683
27,0.12891895757902105,0.1429645178618692,0.10857747225265584,0.09094767509179501,0.10422526618619989,0.11184300586014068,0.09989811539666854,0.09871299080726909,0.11391199896438062
28,0.11711851718761619,0.10916328851938446,0.08607925406392206,0.14257125149283384,0.11348389156627718,0.10088890491938324,0.08832058377672661,0.1199435250593226,0.12243078341453396
29,0.10642901905160765,0.1271060567987727,0.11990297818791963,0.10525497099096388,0.09793278332569069,0.10483951231235106,0.10108553928230915,0.0982118213387297,0.13923731871165518
30,0.09977048207824676,0.09901032933712507,0.09346185215676253,0.13800292251042326,0.09837835021400593,0.10224674851870091,0.11512855828817624,0.11441739319457142,0.13958336370198804
31,0.09081359170797199,0.1251844220655932,0.1426033969357749,0.09089359909514812,0.0925640397018254,0.11443956120269391,0.12206032169669813,0.09660009236052289,0.12484097523377176
32,0.10465940512817504,0.10949789654469617,0.14256590710416206,0.09537922153991496,0.10123552250186228,0.10555117204346963,0.12054476472267985,0.10636139310712973,0.11420471730791056
33,0.11923032290408563,0.12998571611840626,0.08483571998832966,0.1220104347296103,0.11948398045847489,0.10579316402201394,0.0880486628886231,0.11207762279068242,0.11853437609977399
34,0.10465940512817504,0.10949789654469617,0.14256590710416206,0.09537922153991496,0.10123552250186228,0.10555117204346963,0.12054476472267985,0.10636139310712973,0.11420471730791056
35,0.10465940512817504,0.10949789654469617,0.14256590710416206,0.09537922153991496,0.10123552250186228,0.10555117204346963,0.12054476472267985,0.10636139310712973,0.11420471730791056
36,0.10465940512817504,0.10949789654469617,0.14256590710416206,0.09537922153991496,0.10123552250186228,0.10555117204346963,0.12054476472267985,0.10636139310712973,0.11420471730791056
