,Estim(XGBClassifier)_Imputer(IterativeImputer(<class 'sklearn.linear_model._bayes.BayesianRidge'>)),Estim(XGBClassifier)_Imputer(IterativeImputer(<class 'xgboost.sklearn.XGBRegressor'>)),Estim(XGBClassifier)_Imputer(IterativeImputer(<class 'sklearn.ensemble._forest.RandomForestRegressor'>)),Estim(XGBClassifier)_Imputer(KNNImputer),Estim(RandomForestClassifier)_Imputer(IterativeImputer(<class 'sklearn.linear_model._bayes.BayesianRidge'>)),Estim(RandomForestClassifier)_Imputer(IterativeImputer(<class 'xgboost.sklearn.XGBRegressor'>)),Estim(RandomForestClassifier)_Imputer(IterativeImputer(<class 'sklearn.ensemble._forest.RandomForestRegressor'>)),Estim(RandomForestClassifier)_Imputer(KNNImputer),Estim(<class 'new_base.ClassifierWithImputation'>)_Imputer(Identity)
0,0.10867028002365692,0.11911959508996209,0.12142079148022267,0.10581891015428127,0.11055050725638053,0.11102646931084392,0.10109706359342967,0.10823118537488476,0.11406519771633798
1,0.11797484282175316,0.0857468855045076,0.1288492913383936,0.10725503433184197,0.11407014133437415,0.10556177897995773,0.1270875360246445,0.1145959810621444,0.09885850860238286
2,0.10759033205138531,0.11748131199797275,0.0969423895198259,0.13808246646000785,0.10813957840722425,0.11272014797536684,0.10494051687118544,0.11602119272205234,0.09808206399497955
3,0.09124904669745716,0.12317762760398568,0.13078567444063185,0.13432908603133512,0.08530956699236163,0.10076900245271601,0.11881422399473428,0.10766481382008386,0.10790095796669463
4,0.12583375637581104,0.08666714346991114,0.10137051601112708,0.13374034344813335,0.11634421761897615,0.09930919183748645,0.10947560252632821,0.11542233635624609,0.11183689235598056
5,0.09320032809099742,0.1279042774030194,0.09896844089212792,0.1227540305756839,0.1083517983336083,0.11150910300023945,0.10734336201312061,0.12237431599217238,0.10759434369903052
6,0.09320032809099742,0.1279042774030194,0.09896844089212792,0.1227540305756839,0.1083517983336083,0.11150910300023945,0.10734336201312061,0.12237431599217238,0.10759434369903052
7,0.10122312736618823,0.11727982954065011,0.12258309913890067,0.1398623363537039,0.09051348596865647,0.09178744024748431,0.11059737085441007,0.10509287987116034,0.1210604306588458
8,0.09320032809099742,0.1279042774030194,0.09896844089212792,0.1227540305756839,0.1083517983336083,0.11150910300023945,0.10734336201312061,0.12237431599217238,0.10759434369903052
9,0.11797484282175316,0.0857468855045076,0.1288492913383936,0.10725503433184197,0.11407014133437415,0.10556177897995773,0.1270875360246445,0.1145959810621444,0.09885850860238286
10,0.10312091714536158,0.10901206601076731,0.10165778108071934,0.12844937042929705,0.10696425436686853,0.10608368114086704,0.10885059380281639,0.10780802420281335,0.12805331182048954
11,0.10867028002365692,0.11911959508996209,0.12142079148022267,0.10581891015428127,0.11055050725638053,0.11102646931084392,0.10109706359342967,0.10823118537488476,0.11406519771633798
12,0.10312091714536158,0.10901206601076731,0.10165778108071934,0.12844937042929705,0.10696425436686853,0.10608368114086704,0.10885059380281639,0.10780802420281335,0.12805331182048954
13,0.10867028002365692,0.11911959508996209,0.12142079148022267,0.10581891015428127,0.11055050725638053,0.11102646931084392,0.10109706359342967,0.10823118537488476,0.11406519771633798
14,0.10864977600256744,0.10818478241107968,0.09717331586071065,0.13861761204018413,0.09658382385111974,0.09784272875419162,0.10567976370671923,0.10570587762488806,0.14156231974853958
15,0.09124904669745716,0.12317762760398568,0.13078567444063185,0.13432908603133512,0.08530956699236163,0.10076900245271601,0.11881422399473428,0.10766481382008386,0.10790095796669463
16,0.11797484282175316,0.0857468855045076,0.1288492913383936,0.10725503433184197,0.11407014133437415,0.10556177897995773,0.1270875360246445,0.1145959810621444,0.09885850860238286
17,0.11797484282175316,0.0857468855045076,0.1288492913383936,0.10725503433184197,0.11407014133437415,0.10556177897995773,0.1270875360246445,0.1145959810621444,0.09885850860238286
18,0.11797484282175316,0.0857468855045076,0.1288492913383936,0.10725503433184197,0.11407014133437415,0.10556177897995773,0.1270875360246445,0.1145959810621444,0.09885850860238286
19,0.12583375637581104,0.08666714346991114,0.10137051601112708,0.13374034344813335,0.11634421761897615,0.09930919183748645,0.10947560252632821,0.11542233635624609,0.11183689235598056
20,0.09124904669745716,0.12317762760398568,0.13078567444063185,0.13432908603133512,0.08530956699236163,0.10076900245271601,0.11881422399473428,0.10766481382008386,0.10790095796669463
21,0.10427754160343848,0.11568920812765715,0.10177489417778901,0.123411430401416,0.10331826482036119,0.11334577519096595,0.10477326152807569,0.11096813036487542,0.12244149378542094
22,0.11919071939687167,0.09054499306244816,0.09387957540271388,0.13241166638335566,0.11082052953341134,0.10313361025369834,0.11304130411637668,0.11797090163167373,0.11900670021945041
23,0.10312091714536158,0.10901206601076731,0.10165778108071934,0.12844937042929705,0.10696425436686853,0.10608368114086704,0.10885059380281639,0.10780802420281335,0.12805331182048954
24,0.0971715247663129,0.1021180015005576,0.10120083293160685,0.111123543510185,0.1135102744510188,0.11255701329207889,0.107771942442997,0.12107064863311508,0.1334762184721279
25,0.09320032809099742,0.1279042774030194,0.09896844089212792,0.1227540305756839,0.1083517983336083,0.11150910300023945,0.10734336201312061,0.12237431599217238,0.10759434369903052
26,0.10438184312654832,0.11585684712855701,0.1025969629639365,0.12598618753616084,0.10831427284989983,0.11079607898347327,0.10452675784522447,0.11025023972220854,0.11729080984399133
27,0.09856595769735159,0.09728092915787116,0.11970366516856486,0.1269676387055924,0.10777250949869305,0.10271136564068668,0.1123621593927018,0.11951717776067429,0.11511859697786413
28,0.11797484282175316,0.0857468855045076,0.1288492913383936,0.10725503433184197,0.11407014133437415,0.10556177897995773,0.1270875360246445,0.1145959810621444,0.09885850860238286
29,0.11797484282175316,0.0857468855045076,0.1288492913383936,0.10725503433184197,0.11407014133437415,0.10556177897995773,0.1270875360246445,0.1145959810621444,0.09885850860238286
30,0.10122312736618823,0.11727982954065011,0.12258309913890067,0.1398623363537039,0.09051348596865647,0.09178744024748431,0.11059737085441007,0.10509287987116034,0.1210604306588458
31,0.10648793569835717,0.09472593111247028,0.11647391070143204,0.119187245465231,0.10324626864072103,0.10586146522016578,0.11589246864023167,0.12167802718500206,0.11644674733638871
32,0.12583375637581104,0.08666714346991114,0.10137051601112708,0.13374034344813335,0.11634421761897615,0.09930919183748645,0.10947560252632821,0.11542233635624609,0.11183689235598056
33,0.10317770009021633,0.10454911824841322,0.13979425193174744,0.10706119126450346,0.09450596056322605,0.10320990672765555,0.12279443717033268,0.1049872247134061,0.11992020929049917
34,0.12583375637581104,0.08666714346991114,0.10137051601112708,0.13374034344813335,0.11634421761897615,0.09930919183748645,0.10947560252632821,0.11542233635624609,0.11183689235598056
35,0.11013806804635157,0.11776780198397858,0.08507283669276033,0.13078401895131134,0.1095309167671656,0.11578764597580724,0.10510588600902411,0.11389108931586714,0.11192173625773451
36,0.11797484282175316,0.0857468855045076,0.1288492913383936,0.10725503433184197,0.11407014133437415,0.10556177897995773,0.1270875360246445,0.1145959810621444,0.09885850860238286
37,0.10867028002365692,0.11911959508996209,0.12142079148022267,0.10581891015428127,0.11055050725638053,0.11102646931084392,0.10109706359342967,0.10823118537488476,0.11406519771633798
38,0.10867028002365692,0.11911959508996209,0.12142079148022267,0.10581891015428127,0.11055050725638053,0.11102646931084392,0.10109706359342967,0.10823118537488476,0.11406519771633798
39,0.09118015718087508,0.09326844038074161,0.13086768807662014,0.10822917631943171,0.10372804373896938,0.10677232206963458,0.12625706663702518,0.113337227733422,0.12635987786328004
40,0.09118015718087508,0.09326844038074161,0.13086768807662014,0.10822917631943171,0.10372804373896938,0.10677232206963458,0.12625706663702518,0.113337227733422,0.12635987786328004
41,0.10317770009021633,0.10454911824841322,0.13979425193174744,0.10706119126450346,0.09450596056322605,0.10320990672765555,0.12279443717033268,0.1049872247134061,0.11992020929049917
42,0.10867028002365692,0.11911959508996209,0.12142079148022267,0.10581891015428127,0.11055050725638053,0.11102646931084392,0.10109706359342967,0.10823118537488476,0.11406519771633798
43,0.09118015718087508,0.09326844038074161,0.13086768807662014,0.10822917631943171,0.10372804373896938,0.10677232206963458,0.12625706663702518,0.113337227733422,0.12635987786328004
44,0.10759033205138531,0.11748131199797275,0.0969423895198259,0.13808246646000785,0.10813957840722425,0.11272014797536684,0.10494051687118548,0.11602119272205234,0.09808206399497955
45,0.09591184494595112,0.12422905887637951,0.09825819245756263,0.14180729686262614,0.10287096896121362,0.1063487129505063,0.0989226281740731,0.11066119874585452,0.12099009802583303
46,0.10867028002365692,0.11911959508996209,0.12142079148022267,0.10581891015428127,0.11055050725638053,0.11102646931084392,0.10109706359342967,0.10823118537488476,0.11406519771633798
47,0.13543409012278068,0.12605793498375764,0.11525684008257536,0.1073186104945691,0.10533924022034787,0.09730304464092725,0.09701003234971592,0.10184521751490763,0.11443498959041867
48,0.10317770009021633,0.10454911824841322,0.13979425193174744,0.10706119126450346,0.09450596056322605,0.10320990672765555,0.12279443717033268,0.1049872247134061,0.11992020929049917
49,0.12111766047992202,0.13931886526186435,0.08600127840851315,0.1262633711826032,0.11074654204291365,0.116669271692336,0.09782211279827513,0.10594905506514071,0.09611184306843192
50,0.10317770009021633,0.10454911824841322,0.13979425193174744,0.10706119126450346,0.09450596056322605,0.10320990672765555,0.12279443717033268,0.1049872247134061,0.11992020929049917
51,0.10759033205138531,0.11748131199797275,0.0969423895198259,0.13808246646000785,0.10813957840722425,0.11272014797536684,0.10494051687118548,0.11602119272205234,0.09808206399497955
52,0.10648793569835717,0.09472593111247028,0.11647391070143204,0.119187245465231,0.10324626864072103,0.10586146522016578,0.11589246864023167,0.12167802718500206,0.11644674733638871
53,0.10867028002365692,0.11911959508996209,0.12142079148022267,0.10581891015428127,0.11055050725638053,0.11102646931084392,0.10109706359342967,0.10823118537488476,0.11406519771633798
54,0.10438184312654832,0.11585684712855701,0.1025969629639365,0.12598618753616084,0.10831427284989983,0.11079607898347327,0.10452675784522447,0.11025023972220854,0.11729080984399133
55,0.10317770009021633,0.10454911824841322,0.13979425193174744,0.10706119126450346,0.09450596056322605,0.10320990672765555,0.12279443717033268,0.1049872247134061,0.11992020929049917
56,0.09533235722710393,0.08944694529131905,0.12856176498215932,0.11301510254652877,0.11018975552017529,0.11174082414679007,0.1336983998609888,0.1245392201337191,0.09347563029121567
57,0.10317770009021633,0.10454911824841322,0.13979425193174744,0.10706119126450346,0.09450596056322605,0.10320990672765555,0.12279443717033268,0.1049872247134061,0.11992020929049917
58,0.10317770009021633,0.10454911824841322,0.13979425193174744,0.10706119126450346,0.09450596056322605,0.10320990672765555,0.12279443717033268,0.1049872247134061,0.11992020929049917
59,0.13543409012278068,0.12605793498375764,0.11525684008257536,0.1073186104945691,0.10533924022034787,0.09730304464092725,0.09701003234971592,0.10184521751490763,0.11443498959041867
0,0.11528638998485133,0.10777882297185092,0.12708523858206094,0.12933243747824508,0.09924553088414678,0.09952057222653288,0.11608902064230996,0.11209075436527301,0.09357123286472908
1,0.12345002453882808,0.08507418198090393,0.130655803616036,0.09970012276933365,0.10922267533918248,0.09459874082981759,0.11445296474551195,0.11397180446807764,0.12887368171230887
2,0.11806409459867617,0.10147555037705801,0.10706224023781416,0.12400964107882882,0.11335726836085883,0.10542311828711069,0.11048596991247284,0.10678077265658532,0.11334134449059498
3,0.104564405555326,0.10893267589802091,0.12478880931409933,0.12065682281134729,0.10535677322915855,0.09815790420783432,0.10719503031828718,0.11349340431171442,0.11685417435421191
4,0.104564405555326,0.10893267589802091,0.12478880931409933,0.12065682281134729,0.10535677322915855,0.09815790420783428,0.10719503031828718,0.11349340431171442,0.11685417435421191
5,0.11947861207027129,0.10381776572584084,0.10964824205142337,0.12455953419098342,0.11307248920377105,0.1076478975691629,0.11194874896463433,0.10405024452907151,0.1057764656948414
6,0.1187577792694847,0.08643589517572797,0.13988113286415177,0.1196003057313082,0.09831661031981112,0.08822596140539497,0.12651752776529923,0.11243690885643272,0.1098278786123895
7,0.10588397220520637,0.1423477191432601,0.12386041240252323,0.08535820846057984,0.10259639749653805,0.11654569677986337,0.11600511143200463,0.1008182396773541,0.10658424240267014
8,0.11947861207027129,0.10381776572584084,0.10964824205142337,0.12455953419098342,0.11307248920377105,0.1076478975691629,0.11194874896463433,0.10405024452907151,0.1057764656948414
9,0.10489828259892099,0.11950836642334949,0.1334018098977366,0.12670549530325342,0.0967174854100268,0.09451778624954013,0.11707304509241744,0.1050947306883382,0.10208299833641724
10,0.10489828259892099,0.11950836642334949,0.1334018098977366,0.12670549530325342,0.0967174854100268,0.09451778624954013,0.11707304509241744,0.1050947306883382,0.10208299833641724
11,0.13032619864722925,0.1306153608364503,0.09574567606279519,0.09984675616603676,0.1079337102361514,0.1166892159358767,0.10654278362925353,0.09380305840880264,0.1184972400774042
12,0.11425788381615815,0.11423562481460585,0.11486514380795529,0.09960376742796823,0.10866227431018513,0.1157989006509019,0.1116313173875857,0.10009015603322506,0.12085493175141525
13,0.10870342845364317,0.10563682844780818,0.11918943813796087,0.1330831754330988,0.10415403408469612,0.09479589732451899,0.1041315432851096,0.11794971853739614,0.11235593629576847
14,0.12339190960214905,0.11059059056918162,0.11619039103160507,0.11044362876840795,0.10547000154592873,0.0993822357861493,0.10539507602858093,0.0988146592544094,0.1303215074135877
15,0.10588397220520637,0.1423477191432601,0.12386041240252323,0.08535820846057984,0.10259639749653805,0.11654569677986337,0.11600511143200463,0.1008182396773541,0.10658424240267014
16,0.11947861207027129,0.10381776572584084,0.10964824205142337,0.12455953419098342,0.11307248920377105,0.1076478975691629,0.11194874896463433,0.10405024452907151,0.1057764656948414
17,0.11947861207027129,0.10381776572584084,0.10964824205142337,0.12455953419098342,0.11307248920377105,0.1076478975691629,0.11194874896463433,0.10405024452907151,0.1057764656948414
18,0.10588397220520637,0.1423477191432601,0.12386041240252323,0.08535820846057984,0.10259639749653805,0.11654569677986337,0.11600511143200463,0.1008182396773541,0.10658424240267014
19,0.13032619864722925,0.1306153608364503,0.09574567606279519,0.09984675616603676,0.1079337102361514,0.1166892159358767,0.10654278362925353,0.09380305840880264,0.1184972400774042
20,0.1261780726147723,0.13035389972043282,0.10189325241852211,0.1078792511678668,0.10603075158680227,0.11636775922659291,0.09551501679721305,0.10953432615841305,0.10624767030938473
21,0.10609177585925955,0.11641020367942978,0.13534142629460091,0.09465463808496985,0.10767565471943795,0.10675088393455866,0.12971151462452327,0.10273219088202583,0.100631711921194
22,0.11947861207027129,0.10381776572584084,0.10964824205142337,0.12455953419098342,0.11307248920377105,0.1076478975691629,0.11194874896463433,0.10405024452907151,0.1057764656948414
23,0.11425788381615815,0.11423562481460585,0.11486514380795529,0.09960376742796823,0.10866227431018513,0.1157989006509019,0.1116313173875857,0.10009015603322506,0.12085493175141525
24,0.11528638998485133,0.10777882297185092,0.12708523858206094,0.12933243747824508,0.09924553088414678,0.09952057222653288,0.11608902064230996,0.11209075436527301,0.09357123286472908
25,0.12058516748424727,0.11913327335303917,0.12533597154735066,0.10345269183848768,0.10818703981957394,0.10686578059767057,0.1091359015796232,0.0953147209914341,0.11198945278857332
26,0.10588397220520637,0.1423477191432601,0.12386041240252323,0.08535820846057984,0.10259639749653805,0.11654569677986337,0.11600511143200463,0.1008182396773541,0.10658424240267014
27,0.1103408930642343,0.10627399584796828,0.11949138503787739,0.11434210420888609,0.10935702869764558,0.10779232935837492,0.10792588528083102,0.11054751274736009,0.11392886575682219
28,0.11947861207027129,0.10381776572584084,0.10964824205142337,0.12455953419098342,0.11307248920377105,0.1076478975691629,0.11194874896463433,0.10405024452907151,0.1057764656948414
29,0.1103408930642343,0.10627399584796828,0.11949138503787739,0.11434210420888609,0.10935702869764558,0.10779232935837492,0.10792588528083102,0.11054751274736009,0.11392886575682219
30,0.11947861207027129,0.10381776572584084,0.10964824205142337,0.12455953419098342,0.11307248920377105,0.1076478975691629,0.11194874896463433,0.10405024452907151,0.1057764656948414
31,0.10899185947041404,0.09639145601630429,0.13220456422391352,0.10107356458241545,0.11574280193181936,0.09727399969336216,0.13236460062178595,0.10604946216903406,0.10990769129095124
32,0.11947861207027129,0.10381776572584084,0.10964824205142337,0.12455953419098342,0.11307248920377105,0.1076478975691629,0.11194874896463433,0.10405024452907151,0.1057764656948414
33,0.10899185947041404,0.09639145601630429,0.13220456422391352,0.10107356458241545,0.11574280193181936,0.09727399969336216,0.13236460062178595,0.10604946216903406,0.10990769129095124
34,0.10588397220520637,0.1423477191432601,0.12386041240252323,0.08535820846057984,0.10259639749653805,0.11654569677986337,0.11600511143200463,0.1008182396773541,0.10658424240267014
35,0.12339190960214905,0.11059059056918162,0.11619039103160507,0.11044362876840795,0.10547000154592873,0.0993822357861493,0.10539507602858093,0.0988146592544094,0.1303215074135877
36,0.11171972349444448,0.08371613271190032,0.13672898334402397,0.13356131863696402,0.09679130857035377,0.0841164580043589,0.12568973241957632,0.1153129608897132,0.11236338192866516
37,0.13032619864722925,0.1306153608364503,0.09574567606279519,0.09984675616603676,0.1079337102361514,0.1166892159358767,0.10654278362925353,0.09380305840880264,0.1184972400774042
38,0.1408891828159464,0.09787973264230043,0.10379028483521498,0.10046204809438519,0.11862809859248472,0.1034521218827314,0.10243189109503378,0.10046364578367935,0.13200299425822398
39,0.11694731456164349,0.12192329300017737,0.11916760677816957,0.12221451287652375,0.10483919730166325,0.10234081344011088,0.10619245888205185,0.10895390633339197,0.09742089682626816
40,0.11947861207027129,0.10381776572584084,0.10964824205142337,0.12455953419098342,0.11307248920377105,0.1076478975691629,0.11194874896463433,0.10405024452907151,0.1057764656948414
41,0.10933196543119797,0.12260337094098382,0.10769984152044315,0.1082625157569644,0.11197748298446186,0.10952676974457899,0.10136298735813051,0.10962020130475632,0.11961486495848288
42,0.10588397220520637,0.1423477191432601,0.12386041240252323,0.08535820846057984,0.10259639749653805,0.11654569677986337,0.11600511143200463,0.1008182396773541,0.10658424240267014
43,0.11528638998485133,0.10777882297185092,0.12708523858206094,0.12933243747824508,0.09924553088414678,0.09952057222653288,0.11608902064230996,0.11209075436527301,0.09357123286472908
44,0.104564405555326,0.10893267589802091,0.12478880931409933,0.12065682281134729,0.10535677322915855,0.09815790420783432,0.10719503031828718,0.11349340431171442,0.11685417435421191
45,0.104564405555326,0.10893267589802091,0.12478880931409933,0.12065682281134729,0.10535677322915855,0.09815790420783428,0.10719503031828718,0.11349340431171442,0.11685417435421191
46,0.11947861207027129,0.10381776572584084,0.10964824205142337,0.12455953419098342,0.11307248920377105,0.1076478975691629,0.11194874896463433,0.10405024452907151,0.1057764656948414
47,0.12093800589911768,0.10889571050272401,0.118813901974023,0.10914512494886341,0.10835186642955914,0.1058851322269929,0.11707205235512266,0.10622516559664409,0.10467304006695309
48,0.13032619864722925,0.1306153608364503,0.09574567606279519,0.09984675616603676,0.1079337102361514,0.1166892159358767,0.10654278362925353,0.09380305840880264,0.1184972400774042
49,0.10103759148076388,0.12704082985871157,0.10838659560853149,0.10519562988486163,0.1058698518534015,0.11539951508114364,0.10984715509638623,0.11285446976054794,0.11436836137565226
50,0.14022077960611543,0.15414709493072495,0.08457875106069448,0.09734708588170539,0.10685477877518837,0.12466813946580782,0.08749286221057438,0.10011649102392228,0.10457401704526689
51,0.11528638998485133,0.10777882297185092,0.12708523858206094,0.12933243747824508,0.09924553088414678,0.09952057222653288,0.11608902064230996,0.11209075436527301,0.09357123286472908
52,0.11047916033844427,0.10930259604728298,0.11345308246794952,0.13654960471538838,0.10635132711857954,0.10443725592664461,0.11208405636016527,0.10668766546248422,0.10065525156306114
53,0.10772048551896045,0.09998965040627308,0.12431217473458096,0.12171104465130603,0.10577700650759679,0.09905991514644957,0.11531031910737692,0.11190107496617664,0.11421832896127927
54,0.11947861207027129,0.10381776572584084,0.10964824205142337,0.12455953419098342,0.11307248920377105,0.1076478975691629,0.11194874896463433,0.10405024452907151,0.1057764656948414
55,0.11528638998485133,0.10777882297185092,0.12708523858206094,0.12933243747824508,0.09924553088414678,0.09952057222653288,0.11608902064230996,0.11209075436527301,0.09357123286472908
56,0.10103759148076388,0.12704082985871157,0.10838659560853149,0.10519562988486163,0.1058698518534015,0.11539951508114364,0.10984715509638623,0.11285446976054794,0.11436836137565226
57,0.14022077960611543,0.15414709493072495,0.08457875106069448,0.09734708588170539,0.10685477877518837,0.12466813946580782,0.08749286221057438,0.10011649102392228,0.10457401704526689
58,0.1261780726147723,0.13035389972043282,0.10189325241852211,0.1078792511678668,0.10603075158680227,0.11636775922659291,0.09551501679721305,0.10953432615841305,0.10624767030938473
59,0.11567199203098119,0.12186724310775927,0.11985695538780165,0.12269476176683093,0.10586286890328103,0.1028132713686916,0.10622134494570294,0.10629382804291272,0.0987177344460388
0,0.11109559672752188,0.12331936229097576,0.1129972480839135,0.09341677128500168,0.11606798719162194,0.12277544355447652,0.10950634683939219,0.10248391744506515,0.10833732658203174
1,0.103973546662855,0.11948598465696254,0.10435365884783492,0.14063199518913394,0.09813875125559063,0.10349495930709239,0.0989503623864703,0.10707264734115861,0.123898094352902
2,0.10676463367013342,0.14890536981636776,0.09113523385748243,0.11654437608377652,0.10265557110115696,0.1270778001176756,0.09820369279641239,0.11430911203489603,0.09440421052209913
3,0.10676463367013342,0.14890536981636776,0.09113523385748243,0.11654437608377652,0.10265557110115696,0.1270778001176756,0.09820369279641239,0.11430911203489603,0.09440421052209913
4,0.10676463367013342,0.14890536981636776,0.09113523385748243,0.11654437608377652,0.10265557110115696,0.1270778001176756,0.09820369279641239,0.11430911203489603,0.09440421052209913
5,0.10408298557003062,0.12787952418076262,0.10391112863502217,0.1006755032194973,0.11132726722980976,0.1256334131916038,0.11030344858516761,0.10612886624462839,0.11005786314347812
6,0.10864483705784828,0.12308154778786652,0.11928238866426252,0.11114707590930756,0.10591847259234907,0.1048138168886965,0.11037771458946416,0.1115105595042004,0.10522358700600465
7,0.1116310003261952,0.10938482579166833,0.09673707175527681,0.1062533477175372,0.1158810362796109,0.12014529581484179,0.10327651104321381,0.12317284328675446,0.11351806798490129
8,0.10864483705784828,0.12308154778786652,0.11928238866426252,0.11114707590930756,0.10591847259234907,0.1048138168886965,0.11037771458946416,0.1115105595042004,0.10522358700600465
9,0.11382122306297976,0.10218020409092231,0.1180889075189774,0.09569710627223135,0.1070959992417276,0.10214120717405183,0.1162617429228282,0.10821172206482363,0.1365018876514578
10,0.11382122306297976,0.10218020409092231,0.1180889075189774,0.09569710627223135,0.1070959992417276,0.10214120717405183,0.1162617429228282,0.10821172206482363,0.1365018876514578
11,0.10676463367013342,0.14890536981636776,0.09113523385748243,0.11654437608377652,0.10265557110115696,0.1270778001176756,0.09820369279641239,0.11430911203489603,0.09440421052209913
12,0.12122478046771774,0.1266070786186184,0.1299724850459885,0.11160963613570657,0.09589434675999893,0.10167628566465235,0.10568025628019011,0.10029762032766511,0.10703751069946256
13,0.10676463367013342,0.14890536981636776,0.09113523385748243,0.11654437608377652,0.10265557110115696,0.1270778001176756,0.09820369279641239,0.11430911203489603,0.09440421052209913
14,0.10310632750292423,0.08605503953869359,0.1287849806850035,0.1254564466178977,0.10080008498116512,0.09815156905927343,0.12437763200965617,0.11965971719214946,0.11360820241323685
15,0.11560049295817375,0.14028171076608098,0.11826180111732026,0.09932930889543103,0.10292041420672553,0.11576413661294557,0.10801048773226067,0.09430288921487606,0.10552875849618619
16,0.11560049295817375,0.14028171076608098,0.11826180111732026,0.09932930889543103,0.10292041420672553,0.11576413661294557,0.10801048773226067,0.09430288921487606,0.10552875849618619
17,0.10310632750292423,0.08605503953869359,0.1287849806850035,0.1254564466178977,0.10080008498116512,0.09815156905927343,0.12437763200965617,0.11965971719214946,0.11360820241323685
18,0.10799714997753153,0.10753440591597586,0.13813025362961162,0.11347551460526037,0.10175631633077778,0.09944475275035075,0.11231153102889264,0.10794300413445482,0.11140707162714461
19,0.10799714997753153,0.10753440591597586,0.13813025362961162,0.11347551460526037,0.10175631633077778,0.09944475275035075,0.11231153102889264,0.10794300413445482,0.11140707162714461
20,0.11902512203666886,0.10282601398981032,0.1337992422370124,0.10567126850168454,0.10637072959671812,0.10547512842205634,0.10749305243300927,0.1027884873490022,0.11655095543403804
21,0.10408298557003062,0.12787952418076262,0.10391112863502217,0.1006755032194973,0.11132726722980976,0.1256334131916038,0.11030344858516761,0.10612886624462839,0.11005786314347812
22,0.10799714997753153,0.10753440591597586,0.13813025362961162,0.11347551460526037,0.10175631633077778,0.09944475275035075,0.11231153102889264,0.10794300413445482,0.11140707162714461
23,0.09609486506002764,0.113497710666902,0.12071432614395541,0.10013759674740817,0.11055860282513078,0.11311699215554596,0.12037244800891932,0.10819036369209221,0.1173170947000189
24,0.10051749233071387,0.12652028935136192,0.10208650379452879,0.10643972145242157,0.11031608061343767,0.12255818901391029,0.10473007090968867,0.11717111321222257,0.10966053932171455
25,0.10051749233071387,0.12652028935136192,0.10208650379452879,0.10643972145242157,0.11031608061343767,0.12255818901391029,0.10473007090968867,0.11717111321222257,0.10966053932171455
26,0.10864483705784828,0.12308154778786652,0.11928238866426252,0.11114707590930756,0.10591847259234907,0.1048138168886965,0.11037771458946416,0.1115105595042004,0.10522358700600465
27,0.10722313222215568,0.11678886133826741,0.09501802637113962,0.09752036052904589,0.12706299694641585,0.12656713801189695,0.10992671589236278,0.11668469394439097,0.10320807474432477
28,0.1116310003261952,0.10938482579166833,0.09673707175527681,0.1062533477175372,0.1158810362796109,0.12014529581484179,0.10327651104321381,0.12317284328675446,0.11351806798490129
29,0.10864483705784828,0.12308154778786652,0.11928238866426252,0.11114707590930756,0.10591847259234907,0.1048138168886965,0.11037771458946416,0.1115105595042004,0.10522358700600465
30,0.10799714997753153,0.10753440591597586,0.13813025362961162,0.11347551460526037,0.10175631633077778,0.09944475275035075,0.11231153102889264,0.10794300413445482,0.11140707162714461
31,0.12464578826212237,0.09890070531457576,0.11247168755194617,0.11969463097902887,0.10773929581770791,0.10538089562236991,0.10931140590106062,0.10475100320055349,0.11710458735063484
32,0.1229839635428175,0.10740357052747304,0.12745786846149937,0.10316633573196879,0.10216663125409053,0.10587122504681247,0.11681684236532776,0.1055130131944447,0.10862054987556569
33,0.09609486506002764,0.113497710666902,0.12071432614395541,0.10013759674740817,0.11055860282513078,0.11311699215554596,0.12037244800891932,0.10819036369209221,0.1173170947000189
34,0.10947347666488803,0.11492587465178408,0.09786861594922487,0.11925754766900737,0.10825764420885603,0.10612398428645901,0.1075881424048243,0.1095286974234154,0.12697601674154108
35,0.11902512203666886,0.10282601398981032,0.1337992422370124,0.10567126850168454,0.10637072959671812,0.10547512842205634,0.10749305243300927,0.1027884873490022,0.11655095543403804
36,0.11156769340750193,0.11378451850365828,0.13150865608969173,0.12204190104848331,0.10473546223066706,0.10367696917209715,0.11045303786279725,0.10957078163281118,0.09266098005229226
37,0.09561631111675661,0.12453027633146448,0.1320682849618821,0.08226481228974256,0.113267131481772,0.11732022755188565,0.11750471436900438,0.09803970707272842,0.11938853482476389
38,0.11867995633505009,0.10802730029918176,0.13817198073498635,0.10045272840206587,0.10487813155376864,0.09818664466517771,0.11464325237180195,0.1047834364099351,0.11217656922803251
39,0.10310632750292423,0.08605503953869359,0.1287849806850035,0.1254564466178977,0.10080008498116512,0.09815156905927343,0.12437763200965617,0.11965971719214946,0.11360820241323685
40,0.10676463367013342,0.14890536981636776,0.09113523385748243,0.11654437608377652,0.10265557110115696,0.1270778001176756,0.09820369279641239,0.11430911203489603,0.09440421052209913
41,0.09561631111675661,0.12453027633146448,0.1320682849618821,0.08226481228974256,0.113267131481772,0.11732022755188565,0.11750471436900438,0.09803970707272842,0.11938853482476389
42,0.1177633733093946,0.12220840445263652,0.10552407271325544,0.11599521393424747,0.1044596595702211,0.10247779115839067,0.10524934893653116,0.10278200426485468,0.1235401316604685
43,0.1229839635428175,0.10740357052747304,0.12745786846149937,0.10316633573196879,0.10216663125409053,0.10587122504681247,0.11681684236532776,0.1055130131944447,0.10862054987556569
44,0.09561631111675661,0.12453027633146448,0.1320682849618821,0.08226481228974256,0.113267131481772,0.11732022755188565,0.11750471436900438,0.09803970707272842,0.11938853482476389
45,0.103973546662855,0.11948598465696254,0.10435365884783492,0.14063199518913394,0.09813875125559063,0.10349495930709239,0.0989503623864703,0.10707264734115861,0.123898094352902
46,0.09923851999165505,0.11232325752492564,0.09911572532133173,0.14164350096932135,0.10018436099766298,0.11330753957760478,0.1035682326750146,0.12110844973472694,0.10951041320775683
47,0.10676463367013342,0.14890536981636776,0.09113523385748243,0.11654437608377652,0.10265557110115696,0.1270778001176756,0.09820369279641239,0.11430911203489603,0.09440421052209913
48,0.103973546662855,0.11948598465696254,0.10435365884783492,0.14063199518913394,0.09813875125559063,0.10349495930709239,0.0989503623864703,0.10707264734115861,0.123898094352902
49,0.103973546662855,0.11948598465696254,0.10435365884783492,0.14063199518913394,0.09813875125559063,0.10349495930709239,0.0989503623864703,0.10707264734115861,0.123898094352902
50,0.11382122306297976,0.10218020409092231,0.1180889075189774,0.09569710627223135,0.1070959992417276,0.10214120717405183,0.1162617429228282,0.10821172206482363,0.1365018876514578
51,0.10676463367013342,0.14890536981636776,0.09113523385748243,0.11654437608377652,0.10265557110115696,0.1270778001176756,0.09820369279641239,0.11430911203489603,0.09440421052209913
52,0.09561631111675661,0.12453027633146448,0.1320682849618821,0.08226481228974256,0.113267131481772,0.11732022755188565,0.11750471436900438,0.09803970707272842,0.11938853482476389
53,0.103973546662855,0.11948598465696254,0.10435365884783492,0.14063199518913394,0.09813875125559063,0.10349495930709239,0.0989503623864703,0.10707264734115861,0.123898094352902
54,0.10722313222215568,0.11678886133826741,0.09501802637113962,0.09752036052904589,0.12706299694641585,0.12656713801189695,0.10992671589236278,0.11668469394439097,0.10320807474432477
55,0.10799714997753153,0.10753440591597586,0.13813025362961162,0.11347551460526037,0.10175631633077778,0.09944475275035075,0.11231153102889264,0.10794300413445482,0.11140707162714461
56,0.10676463367013342,0.14890536981636776,0.09113523385748243,0.11654437608377652,0.10265557110115696,0.1270778001176756,0.09820369279641239,0.11430911203489603,0.09440421052209913
57,0.10676463367013342,0.14890536981636776,0.09113523385748243,0.11654437608377652,0.10265557110115696,0.1270778001176756,0.09820369279641239,0.11430911203489603,0.09440421052209913
58,0.10864483705784828,0.12308154778786652,0.11928238866426252,0.11114707590930756,0.10591847259234907,0.1048138168886965,0.11037771458946416,0.1115105595042004,0.10522358700600465
0,0.12525239120356213,0.11257036415353891,0.09802321203760637,0.09829622414358907,0.11507683683678739,0.10836075027173998,0.10007947673915947,0.10421872377079694,0.1381220208432199
1,0.123363978948144,0.10254198635711656,0.10294960443799375,0.11253937549667109,0.10619351639504168,0.1045303340852536,0.10564649523076887,0.1102585982089422,0.13197611084006833
2,0.1256788215918866,0.08771890217668264,0.09818338874929394,0.11290470390837147,0.11438799100628447,0.10344508514140535,0.10427116978156374,0.10942413989165817,0.1439857977528537
3,0.123363978948144,0.10254198635711656,0.10294960443799375,0.11253937549667109,0.10619351639504168,0.1045303340852536,0.10564649523076887,0.1102585982089422,0.13197611084006833
4,0.1256788215918866,0.08771890217668264,0.09818338874929394,0.11290470390837147,0.11438799100628447,0.10344508514140535,0.10427116978156374,0.10942413989165817,0.1439857977528537
5,0.123363978948144,0.10254198635711656,0.10294960443799375,0.11253937549667109,0.10619351639504168,0.1045303340852536,0.10564649523076887,0.1102585982089422,0.13197611084006833
6,0.1256788215918866,0.08771890217668264,0.09818338874929394,0.11290470390837147,0.11438799100628447,0.10344508514140535,0.10427116978156374,0.10942413989165817,0.1439857977528537
7,0.11080781493600293,0.10518770016070708,0.1261832625730482,0.10731667283578233,0.0955979045886761,0.10229489065005871,0.1156300084241395,0.10956610936334285,0.12741563646824222
8,0.11232232834002644,0.10767892622530406,0.11052084285499658,0.10462528368703691,0.1142171273374193,0.10881305338619143,0.11164834704829733,0.10594407446444953,0.12423001665627822
9,0.1391785210343394,0.1307815175654193,0.09872960044579103,0.11796287250591135,0.10807306774858223,0.10680590620668388,0.10095386493675879,0.10687337212710223,0.09064127742941175
10,0.1256788215918866,0.08771890217668264,0.09818338874929394,0.11290470390837147,0.11438799100628447,0.10344508514140535,0.10427116978156374,0.10942413989165817,0.1439857977528537
11,0.10536791827329092,0.1253406827095947,0.12978668277671138,0.11575504462908716,0.09288520761995317,0.110349356225173,0.10953180654903671,0.1046501092107372,0.10633319200641576
12,0.09639207423325657,0.1367355289543933,0.09011413471292136,0.10742565088850084,0.10923149525507438,0.11744775258929059,0.11505356474946067,0.1070867002510193,0.12051309836608311
13,0.11474279819894469,0.11516134524395938,0.11652190377214362,0.1048222972292316,0.10451215284476799,0.10437661394410054,0.11299634083971195,0.10290254952394368,0.12396399840319654
14,0.10013349268647771,0.13539552993855625,0.09431194574184142,0.10646831640913876,0.10093373549328138,0.11769537646245663,0.10028177578989786,0.10857366146659803,0.13620616601175184
15,0.11222789621943226,0.12385078208826449,0.08721478971175216,0.11099183403571833,0.10852388261069805,0.11838162326787864,0.10890191487664265,0.11263574909345583,0.11727152809615714
16,0.11222789621943226,0.12385078208826449,0.08721478971175216,0.11099183403571833,0.10852388261069805,0.11838162326787864,0.10890191487664265,0.11263574909345583,0.11727152809615714
17,0.09840723312691427,0.12172718966021037,0.1409284625566666,0.09842285011274969,0.09832215767109694,0.11867322485185987,0.12857758884540268,0.09596543762146202,0.09897585555363775
18,0.11245314238182312,0.10365061273564362,0.09683158964804887,0.1144654196786827,0.10652910795284205,0.11409488620132156,0.11647685700565308,0.12230489869860907,0.11319348569737599
19,0.1330374905103019,0.11482802024259302,0.06956792037356696,0.14450645872879214,0.09835585744463189,0.0941371582221208,0.0915326906889075,0.11331347638368208,0.14072092740540348
20,0.1256788215918866,0.08771890217668264,0.09818338874929394,0.11290470390837147,0.11438799100628447,0.10344508514140535,0.10427116978156374,0.10942413989165817,0.1439857977528537
21,0.0860337180994529,0.13578679961908924,0.13152782709269292,0.10440476577272345,0.10188255422896504,0.1081162354631894,0.10734594922445834,0.1045074375168473,0.12039471298258127
22,0.12025504671496295,0.11486118160436681,0.11750866008702718,0.11623737837583369,0.10604576035504013,0.11167809257256636,0.10717193151854496,0.10425221884355387,0.10198972992810454
23,0.1380275263955041,0.08969098538883748,0.07823199731997006,0.13613609109841515,0.1070105145682228,0.09841118520294327,0.0921625429678122,0.12337833852333788,0.13695081853495722
24,0.12119000873670868,0.1120357891869811,0.12056282068364331,0.11209342442140935,0.10707874650417488,0.09971068281292052,0.10498853424127978,0.10148176937341205,0.1208582240394701
25,0.1380275263955041,0.08969098538883748,0.07823199731997006,0.13613609109841515,0.1070105145682228,0.09841118520294327,0.0921625429678122,0.12337833852333788,0.13695081853495722
26,0.09952600724563425,0.12531772462122906,0.13368187229320264,0.11374353698036617,0.09942624862720957,0.10298366446844869,0.11171177302670723,0.09775090718664624,0.11585826555055585
27,0.1256788215918866,0.08771890217668264,0.09818338874929394,0.11290470390837147,0.11438799100628447,0.10344508514140535,0.10427116978156374,0.10942413989165817,0.1439857977528537
28,0.1256788215918866,0.08771890217668264,0.09818338874929394,0.11290470390837147,0.11438799100628447,0.10344508514140535,0.10427116978156374,0.10942413989165817,0.1439857977528537
29,0.1256788215918866,0.08771890217668264,0.09818338874929394,0.11290470390837147,0.11438799100628447,0.10344508514140535,0.10427116978156374,0.10942413989165817,0.1439857977528537
30,0.09365423821211627,0.12483071014292875,0.1430453112367559,0.09915606509093697,0.10604728302203228,0.12114127388068344,0.12372864412260186,0.09496518240898513,0.09343129188295947
31,0.09670871251459896,0.11234075570838842,0.1132384007322068,0.11890287936965777,0.10517097141306772,0.11399573151465495,0.11832963407788515,0.1082247381698764,0.11308817649966403
32,0.123363978948144,0.10254198635711656,0.10294960443799375,0.11253937549667109,0.10619351639504168,0.1045303340852536,0.10564649523076887,0.1102585982089422,0.13197611084006833
33,0.11182919084554342,0.10244345633586367,0.11390832824051958,0.11398325333467804,0.11806587118173832,0.1132810504947098,0.11473865885159376,0.11147955628653922,0.10027063442881413
34,0.11182919084554342,0.10244345633586367,0.11390832824051958,0.11398325333467804,0.11806587118173832,0.1132810504947098,0.11473865885159376,0.11147955628653922,0.10027063442881413
35,0.11182919084554342,0.10244345633586367,0.11390832824051958,0.11398325333467804,0.11806587118173832,0.1132810504947098,0.11473865885159376,0.11147955628653922,0.10027063442881413
36,0.10013349268647771,0.13539552993855625,0.09431194574184142,0.10646831640913876,0.10093373549328138,0.11769537646245663,0.10028177578989786,0.10857366146659803,0.13620616601175184
