,Estim(XGBClassifier)_Imputer(IterativeImputer(<class 'sklearn.linear_model._bayes.BayesianRidge'>)),Estim(XGBClassifier)_Imputer(IterativeImputer(<class 'xgboost.sklearn.XGBRegressor'>)),Estim(XGBClassifier)_Imputer(IterativeImputer(<class 'sklearn.ensemble._forest.RandomForestRegressor'>)),Estim(XGBClassifier)_Imputer(KNNImputer),Estim(RandomForestClassifier)_Imputer(IterativeImputer(<class 'sklearn.linear_model._bayes.BayesianRidge'>)),Estim(RandomForestClassifier)_Imputer(IterativeImputer(<class 'xgboost.sklearn.XGBRegressor'>)),Estim(RandomForestClassifier)_Imputer(IterativeImputer(<class 'sklearn.ensemble._forest.RandomForestRegressor'>)),Estim(RandomForestClassifier)_Imputer(KNNImputer),Estim(<class 'new_base.ClassifierWithImputation'>)_Imputer(Identity)
0,0.12010507931523919,0.12997153290315652,0.10986554410688665,0.1337997563143288,0.09425032288537356,0.10137776442986708,0.11203753991833694,0.09813731589530837,0.10045514423150279
1,0.09766889586448453,0.12202894405221636,0.11988990166679535,0.12074229712229757,0.1094281174287358,0.11462816631352896,0.11279942623272575,0.11227402871699155,0.09054022260222433
2,0.1283172455559226,0.11056533428858817,0.11207632965730552,0.12060305094014837,0.10782147899420567,0.10550497483264067,0.10571013620440148,0.10839366925302599,0.1010077802737613
3,0.11300586431280976,0.12757462968249456,0.10927204141898157,0.13036217814456488,0.09522667641046795,0.10124379010241541,0.11073176188517396,0.09782168274925805,0.11476137529383386
4,0.09577068591165823,0.09557621462578784,0.09958201883648361,0.09336105507231726,0.11610893240146357,0.11900032356010738,0.12318229833348637,0.11823685046123195,0.13918162079746368
5,0.11599682803616643,0.11062657128419967,0.11145291680145807,0.10924071525632346,0.10800427565687842,0.10311460989892436,0.10759238221111833,0.10684872894630322,0.12712297190862812
6,0.10631073168184553,0.09944382441784119,0.09988140039905255,0.09838088395025432,0.11121489783721226,0.11204853181235319,0.11577212001318758,0.10907808951801268,0.14786952037024062
7,0.12037864014406119,0.10725421633538848,0.11558767855519506,0.10151962992369734,0.11008635870975449,0.10955170937414951,0.11828246647815659,0.10597609965369294,0.11136320082590453
8,0.10925557644629674,0.1119308245178382,0.11219144705097321,0.11249060747488432,0.10709949525190625,0.10864669582317389,0.11143836337037596,0.10555024318989124,0.1213967468746599
9,0.11599682803616643,0.11062657128419967,0.11145291680145807,0.10924071525632346,0.10800427565687842,0.10311460989892436,0.10759238221111833,0.10684872894630322,0.12712297190862812
10,0.11598515901347625,0.10584719791007247,0.10656896317973262,0.10280079474411422,0.1179883865026092,0.10670760835397666,0.11200904458158645,0.1147636976394044,0.11732914807502744
11,0.10925557644629674,0.1119308245178382,0.11219144705097321,0.11249060747488432,0.10709949525190625,0.10864669582317389,0.11143836337037596,0.10555024318989124,0.1213967468746599
12,0.11470324791640253,0.10910725950223045,0.11412061432674127,0.10616653099841288,0.10822459437902857,0.10884033502823756,0.11510759848907713,0.113734698520942,0.10999512083892739
13,0.13204793544231855,0.1094669554364632,0.11011846127639977,0.10380200385080669,0.10749388683271932,0.10455017854642745,0.10844224077675077,0.10441389725406441,0.11966444058404965
14,0.11978407976183987,0.11456852205368515,0.11542431269709907,0.11325334838674549,0.1083133316165561,0.10295741064982385,0.10816863712672184,0.10633396263228276,0.11119639507524584
15,0.13204793544231855,0.1094669554364632,0.11011846127639977,0.10380200385080669,0.10749388683271932,0.10455017854642745,0.10844224077675077,0.10441389725406441,0.11966444058404965
16,0.11558450861917906,0.1160438493700409,0.11586978529432938,0.12318117278733033,0.10340475844045471,0.10584291928549461,0.1054624179808634,0.10479148833342737,0.10981909988888004
17,0.11167850423169905,0.1030652782344167,0.10458121982476933,0.10664667850085029,0.11218294338637083,0.10982381311835832,0.10901357054970841,0.10408827043274407,0.1389197217210829
18,0.1305242683992774,0.11270687320275287,0.11407576599598494,0.11506510762690797,0.107041723751345,0.10549804345759087,0.10574202775485282,0.10538168442970984,0.10396450538157832
19,0.13361885229865525,0.11516739785887452,0.11656617520460655,0.11789146946524409,0.10461559430933666,0.10186045508256136,0.1020960267646285,0.10215493986045951,0.10602908915563353
20,0.13204793544231855,0.1094669554364632,0.11011846127639977,0.10380200385080669,0.10749388683271932,0.10455017854642745,0.10844224077675077,0.10441389725406441,0.11966444058404965
21,0.11474323054673381,0.10158535641099954,0.10676583972999741,0.110544832942926,0.11794866031979419,0.11511764370871543,0.11775366361089344,0.11421098607531667,0.1013297866546235
22,0.11541683574799644,0.11396518069482775,0.1155365696338271,0.11159789260849867,0.10719782886601541,0.10824609341620683,0.10833406014040521,0.10218979331676292,0.11751574557545987
23,0.11978407976183987,0.11456852205368515,0.11542431269709907,0.11325334838674549,0.1083133316165561,0.10295741064982385,0.10816863712672184,0.10633396263228276,0.11119639507524584
24,0.13204793544231855,0.1094669554364632,0.11011846127639977,0.10380200385080669,0.10749388683271932,0.10455017854642745,0.10844224077675077,0.10441389725406441,0.11966444058404965
25,0.10925557644629674,0.1119308245178382,0.11219144705097321,0.11249060747488432,0.10709949525190625,0.10864669582317389,0.11143836337037596,0.10555024318989124,0.1213967468746599
26,0.1000964375948545,0.10987538930788318,0.11267623990026975,0.13868182025829387,0.09825345219900976,0.10474007279942464,0.11132600504306817,0.11797123647188026,0.10637934642531596
27,0.09416389021726884,0.13103431713501645,0.13098668454739024,0.10105452381206338,0.09981835406037493,0.10620823511783405,0.10968082571540509,0.10447354614128151,0.12257962325336583
28,0.09485749955934256,0.11817493618304029,0.11610345060760352,0.11680496395847266,0.10943502552223287,0.11513896421368439,0.11252666242286724,0.11314752276143002,0.10381097477132624
29,0.11619836592790315,0.11912956379886622,0.12175643576976283,0.12595163113743466,0.10341253488982446,0.10565176958074493,0.10792063664895733,0.10347727478861125,0.09650178745789496
30,0.09366106227521746,0.13137310120721823,0.1303677734709793,0.10217361413533212,0.1000669988663148,0.10564120845799715,0.10900667470475493,0.10613469081160135,0.12157487607058468
31,0.13204793544231855,0.1094669554364632,0.11011846127639977,0.10380200385080669,0.10749388683271932,0.10455017854642745,0.10844224077675077,0.10441389725406441,0.11966444058404965
32,0.12064015524431058,0.10190078946844251,0.11948850028590309,0.11249341662162607,0.11044702362151551,0.1068759531123532,0.11297289638590088,0.1126189827067667,0.1025622825531817
33,0.10063383433855759,0.11509604936256079,0.11924564836511965,0.14282940508440287,0.09613672935785471,0.10501950439406664,0.11248739034675717,0.1142959313826505,0.09425550736802986
34,0.11474323054673381,0.10158535641099954,0.10676583972999741,0.110544832942926,0.11794866031979419,0.11511764370871543,0.11775366361089344,0.11421098607531667,0.1013297866546235
35,0.09577068591165823,0.09557621462578784,0.09958201883648361,0.09336105507231726,0.11610893240146357,0.11900032356010738,0.12318229833348637,0.11823685046123195,0.13918162079746368
36,0.11159850872485551,0.10094007591992643,0.10377172731547399,0.10580897655497784,0.11458605762004917,0.1092617628724077,0.11033008022216827,0.10601808089420321,0.13768472987593783
37,0.11762947145354345,0.11784562450187039,0.11784562450187039,0.12584849072850166,0.10147492938404128,0.10353135243043851,0.10332610944588888,0.10489194553091312,0.10760645202293245
38,0.13138242358807722,0.1129988196884472,0.11454307127795636,0.12358700235320211,0.10539606293700306,0.1018849216777,0.1020830436176966,0.1050930328085124,0.10303162205140519
39,0.0913201889189357,0.09116440413622152,0.09563334549554942,0.08980012864247577,0.120818378599133,0.12365391340664587,0.13292581821745086,0.12088455692183313,0.13379926566175443
40,0.10742166184725693,0.10528603212975189,0.108978204425385,0.10970432411402221,0.11360260870038126,0.1118925659902248,0.11751347682023805,0.10936175967148888,0.11623936630125117
41,0.13204793544231855,0.1094669554364632,0.11011846127639977,0.10380200385080669,0.10749388683271932,0.10455017854642745,0.10844224077675077,0.10441389725406441,0.11966444058404965
42,0.10925557644629674,0.1119308245178382,0.11219144705097321,0.11249060747488432,0.10709949525190625,0.10864669582317389,0.11143836337037596,0.10555024318989124,0.1213967468746599
43,0.10518170755873053,0.11694365608853724,0.11896318472775566,0.11703965367414403,0.10087361135902957,0.10220724921311168,0.11216807601698138,0.11298304193341262,0.11363981942829732
44,0.0913201889189357,0.09116440413622152,0.09563334549554942,0.08980012864247577,0.120818378599133,0.12365391340664587,0.13292581821745086,0.12088455692183313,0.13379926566175443
45,0.13204793544231855,0.1094669554364632,0.11011846127639977,0.10380200385080669,0.10749388683271932,0.10455017854642745,0.10844224077675077,0.10441389725406441,0.11966444058404965
46,0.11978407976183987,0.11456852205368515,0.11542431269709907,0.11325334838674549,0.1083133316165561,0.10295741064982385,0.10816863712672184,0.10633396263228276,0.11119639507524584
47,0.12037864014406119,0.10725421633538848,0.11558767855519506,0.10151962992369734,0.11008635870975449,0.10955170937414951,0.11828246647815659,0.10597609965369294,0.11136320082590453
48,0.12064015524431058,0.10190078946844251,0.11948850028590309,0.11249341662162607,0.11044702362151551,0.1068759531123532,0.11297289638590088,0.1126189827067667,0.1025622825531817
49,0.09577068591165823,0.09557621462578784,0.09958201883648361,0.09336105507231726,0.11610893240146357,0.11900032356010738,0.12318229833348637,0.11823685046123195,0.13918162079746368
50,0.11978407976183987,0.11456852205368515,0.11542431269709907,0.11325334838674549,0.1083133316165561,0.10295741064982385,0.10816863712672184,0.10633396263228276,0.11119639507524584
51,0.12379120566972553,0.11589717199996305,0.11742397321497236,0.11728624175054755,0.10541483206535406,0.09834445346906887,0.1036565549367034,0.10485947057984839,0.11332609631381642
52,0.11595729646165355,0.11252195939833133,0.11170981180918046,0.11094439826458995,0.10789833263087477,0.10512971017639154,0.10549334962773425,0.10430287916030033,0.1260422624709437
53,0.1305242683992774,0.11270687320275287,0.11407576599598494,0.11506510762690797,0.10704172375134505,0.10549804345759087,0.10574202775485282,0.10538168442970984,0.10396450538157832
54,0.1000964375948545,0.10987538930788318,0.11267623990026975,0.13868182025829387,0.09825345219900976,0.10474007279942464,0.11132600504306817,0.11797123647188026,0.10637934642531596
55,0.11619836592790315,0.11912956379886622,0.12175643576976283,0.12595163113743466,0.10341253488982446,0.10565176958074493,0.10792063664895733,0.10347727478861125,0.09650178745789496
56,0.13204793544231855,0.1094669554364632,0.11011846127639977,0.10380200385080669,0.10749388683271932,0.10455017854642745,0.10844224077675077,0.10441389725406441,0.11966444058404965
57,0.13204793544231855,0.1094669554364632,0.11011846127639977,0.10380200385080669,0.10749388683271932,0.10455017854642745,0.10844224077675077,0.10441389725406441,0.11966444058404965
58,0.10742166184725693,0.10528603212975189,0.108978204425385,0.10970432411402221,0.11360260870038126,0.1118925659902248,0.11751347682023805,0.10936175967148888,0.11623936630125117
59,0.11595729646165355,0.11252195939833133,0.11170981180918046,0.11094439826458995,0.10789833263087477,0.10512971017639154,0.10549334962773425,0.10430287916030033,0.1260422624709437
0,0.10650306748081129,0.10693489913272704,0.13213229008402408,0.11267011526587122,0.10826861020396107,0.10822528871794404,0.11439475058558811,0.10891127531636675,0.1019597032127067
1,0.10650306748081129,0.10693489913272704,0.13213229008402408,0.11267011526587122,0.10826861020396107,0.10822528871794404,0.11439475058558811,0.10891127531636675,0.1019597032127067
2,0.12247931701071854,0.12877746448510027,0.10432096514736897,0.11901087436910189,0.10131947014168004,0.11013944447189479,0.09661563355054163,0.10573094096839687,0.11160588985519722
3,0.11804986247172763,0.12920349629602618,0.11805297315256338,0.11819679245275279,0.10149048374272365,0.10053224063679783,0.09926275951338374,0.09565339386291741,0.11955799787110749
4,0.11308056256947754,0.09053807385316133,0.11111792458495018,0.1281932234490059,0.11210668706903101,0.10522252666729026,0.10946035984594318,0.11205276692669099,0.11822787503444951
5,0.10650306748081129,0.10693489913272704,0.13213229008402408,0.11267011526587122,0.10826861020396107,0.10822528871794404,0.11439475058558811,0.10891127531636675,0.1019597032127067
6,0.11538935542549038,0.114521950591138,0.1195520652441097,0.1175589963742419,0.1018880000859606,0.10322779545841634,0.10717765839887539,0.1018114240364309,0.1188727543853369
7,0.10215597972939648,0.10692816312560728,0.10642586222963667,0.11763887886285809,0.11674421029015469,0.11771448411397051,0.11616819864036577,0.10959678909239742,0.10662743391561301
8,0.10560190637462763,0.10085592918081013,0.10666662367612154,0.143535932586327,0.10652758413130296,0.09936794461961113,0.11276693470259784,0.11913320690671585,0.10554393782188626
9,0.11823628780663266,0.11592067306990618,0.12012526155150764,0.11839117176421599,0.10480317656376072,0.09919928325501652,0.10680001834306813,0.1043547624764398,0.11216936516945215
10,0.10967958173256145,0.10222180355610123,0.11281475641520626,0.11718154310473633,0.1039027320459485,0.1044932207103089,0.11657141319680334,0.11507269692633175,0.11806225231200229
11,0.12715989414594966,0.11383844610366511,0.12940157932654534,0.11758872099306934,0.10185901946700959,0.09361583640818705,0.11810304466274399,0.10797235534140337,0.0904611035514267
12,0.10673859992276967,0.1025586411056161,0.10761232010875174,0.14841903053463923,0.10466351133439643,0.09483904089489813,0.11100909702716448,0.11310907163926354,0.11105068743250032
13,0.10357109856727552,0.11803203628045617,0.11904868407834628,0.1085477472111606,0.11088150256288724,0.10950698872494226,0.11334463387049937,0.10362477783003957,0.11344253087439254
14,0.14155854533497617,0.09981134766048742,0.1107543433574198,0.11902175428615643,0.11559786069269956,0.10383016429113955,0.10709335873016734,0.11747551635930639,0.08485710928764735
15,0.11308056256947754,0.09053807385316133,0.11111792458495018,0.1281932234490059,0.11210668706903101,0.10522252666729026,0.10946035984594318,0.11205276692669099,0.11822787503444951
16,0.11308056256947754,0.09053807385316133,0.11111792458495018,0.1281932234490059,0.11210668706903101,0.10522252666729026,0.10946035984594318,0.11205276692669099,0.11822787503444951
17,0.10215597972939648,0.10692816312560728,0.10642586222963667,0.11763887886285809,0.11674421029015469,0.11771448411397051,0.11616819864036577,0.10959678909239742,0.10662743391561301
18,0.12276695313442124,0.12398447893653944,0.10460011377488586,0.11539951240803945,0.10675665351977118,0.11049500246460414,0.10055287762877571,0.10490143700209816,0.110542971130865
19,0.11529120825416676,0.1161616851894895,0.10922080619320189,0.11812696223911624,0.1053783414779862,0.10607647232260001,0.10313058381835188,0.10812578290761499,0.1184881575974728
20,0.11436233345683587,0.10707492232136315,0.11882925318184148,0.10800533304435032,0.10507504279033619,0.10534829875566251,0.11406042908330143,0.11039918141687255,0.11684520594943629
21,0.11764850886211871,0.12147581658890289,0.10101322973617474,0.11194289937510842,0.11294288264001395,0.11597045217500086,0.1045457829006072,0.10985564206482679,0.10460478565724644
22,0.12276695313442124,0.12398447893653944,0.10460011377488586,0.11539951240803945,0.10675665351977118,0.11049500246460414,0.10055287762877571,0.10490143700209816,0.110542971130865
23,0.12715989414594966,0.11383844610366511,0.12940157932654534,0.11758872099306934,0.10185901946700959,0.09361583640818705,0.11810304466274399,0.10797235534140337,0.0904611035514267
24,0.12736953096960388,0.1245811110841819,0.10131563505804901,0.10857537165116446,0.1059780589214366,0.10264303131188099,0.10336773372559252,0.10424974838508964,0.12191977889300099
25,0.11538935542549038,0.114521950591138,0.1195520652441097,0.1175589963742419,0.1018880000859606,0.10322779545841634,0.10717765839887539,0.1018114240364309,0.1188727543853369
26,0.11804986247172763,0.12920349629602618,0.11805297315256338,0.11819679245275279,0.10149048374272365,0.10053224063679783,0.09926275951338374,0.09565339386291741,0.11955799787110749
27,0.12001514290047464,0.11513283933476037,0.11884913766998982,0.12038924056460987,0.10303890704547976,0.09633526244633,0.1089667037958781,0.10577857156053494,0.11149419468194222
28,0.12594251716927182,0.12861411213556415,0.10299124651792368,0.11913038058922808,0.10120251098707274,0.10847681320217054,0.09770552867474931,0.10218954920690156,0.11374734151711803
29,0.11538935542549038,0.114521950591138,0.1195520652441097,0.1175589963742419,0.1018880000859606,0.10322779545841634,0.10717765839887539,0.1018114240364309,0.1188727543853369
30,0.11970032613830234,0.11638917403134139,0.11692264992749186,0.12109332009229111,0.10303865776304227,0.0996640592586958,0.10656147056298136,0.10215285274473321,0.1144774894811205
31,0.10536124495591614,0.10622505422955106,0.10817050890557382,0.13910103501563947,0.10607172146087523,0.10791319747303546,0.10997877778140697,0.11298842279857123,0.10419003737943065
32,0.12080304578054804,0.09952774149832466,0.12354176074551838,0.12938039736520157,0.10185364152071509,0.08702901045716095,0.10624253465893845,0.10231518716752416,0.12930668080606883
33,0.10357109856727552,0.11803203628045617,0.11904868407834628,0.1085477472111606,0.11088150256288724,0.10950698872494226,0.11334463387049937,0.10362477783003957,0.11344253087439254
34,0.11515264313356142,0.09194547208603625,0.11286449812688089,0.1298403443630707,0.11183247239124569,0.1035680746201769,0.10877840412264292,0.1065812010909938,0.1194368900653915
35,0.14155854533497617,0.09981134766048742,0.1107543433574198,0.11902175428615643,0.11559786069269956,0.10383016429113955,0.10709335873016734,0.11747551635930639,0.08485710928764735
36,0.11515264313356142,0.09194547208603625,0.11286449812688089,0.1298403443630707,0.11183247239124569,0.1035680746201769,0.10877840412264292,0.1065812010909938,0.1194368900653915
37,0.10215597972939648,0.10692816312560728,0.10642586222963667,0.11763887886285809,0.11674421029015469,0.11771448411397051,0.11616819864036577,0.10959678909239742,0.10662743391561301
38,0.10884569935482032,0.13785400604289436,0.13059857316580353,0.08595666578499586,0.10395606235634043,0.10510507634300655,0.12162494338990408,0.09770110878849424,0.10835786477374056
39,0.12783371208284797,0.12240804176018608,0.10163601566248442,0.10875549256250897,0.10475173068699137,0.10037818914134991,0.10671712870258654,0.10133670670882021,0.12618298269222467
40,0.12715989414594966,0.11383844610366511,0.12940157932654534,0.11758872099306934,0.10185901946700959,0.09361583640818705,0.11810304466274399,0.10797235534140337,0.0904611035514267
41,0.11538935542549038,0.114521950591138,0.1195520652441097,0.1175589963742419,0.1018880000859606,0.10322779545841634,0.10717765839887539,0.1018114240364309,0.1188727543853369
42,0.11436233345683587,0.10707492232136315,0.11882925318184148,0.10800533304435032,0.10507504279033619,0.10534829875566251,0.11406042908330143,0.11039918141687255,0.11684520594943629
43,0.11804986247172763,0.12920349629602618,0.11805297315256338,0.11819679245275279,0.10149048374272365,0.10053224063679783,0.09926275951338374,0.09565339386291741,0.11955799787110749
44,0.11308056256947754,0.09053807385316133,0.11111792458495018,0.1281932234490059,0.11210668706903101,0.10522252666729026,0.10946035984594318,0.11205276692669099,0.11822787503444951
45,0.12010666391058765,0.11442531256839068,0.12341909268696895,0.12175355431399784,0.10164826653821468,0.08938239597410108,0.11085030147371497,0.09960057820871694,0.1188138343253072
46,0.11804986247172763,0.12920349629602618,0.11805297315256338,0.11819679245275279,0.10149048374272365,0.10053224063679783,0.09926275951338374,0.09565339386291741,0.11955799787110749
47,0.11436233345683587,0.10707492232136315,0.11882925318184148,0.10800533304435032,0.10507504279033619,0.10534829875566251,0.11406042908330143,0.11039918141687255,0.11684520594943629
48,0.10215597972939648,0.10692816312560728,0.10642586222963667,0.11763887886285809,0.11674421029015469,0.11771448411397051,0.11616819864036577,0.10959678909239742,0.10662743391561301
49,0.11804986247172763,0.12920349629602618,0.11805297315256338,0.11819679245275279,0.10149048374272365,0.10053224063679783,0.09926275951338374,0.09565339386291741,0.11955799787110749
50,0.12301495134179284,0.09866271952108462,0.1237613112939038,0.12328295016667942,0.10501756736762226,0.09780279670841076,0.10405245751101364,0.10305753978398279,0.12134770630550998
51,0.10215597972939648,0.10692816312560728,0.10642586222963667,0.11763887886285809,0.11674421029015469,0.11771448411397051,0.11616819864036577,0.10959678909239742,0.10662743391561301
52,0.1162676293890775,0.10870257861501958,0.1216726311827373,0.11198449891120803,0.10139282457644011,0.10318284308558333,0.11516979820005985,0.10578995804069755,0.11583723799917674
53,0.10226627501586451,0.10711487678989935,0.12634739365217948,0.12618886813407837,0.10327890402856713,0.10486816202160835,0.11517974852131704,0.1109066753708842,0.10384909646560145
54,0.09001276716045926,0.10208405145441857,0.10416407661050354,0.14051730251514374,0.10780992876784992,0.10429402521306783,0.11488195773136986,0.11717554490677796,0.11906034564040896
55,0.10884569935482032,0.13785400604289436,0.13059857316580353,0.08595666578499586,0.10395606235634043,0.10510507634300655,0.12162494338990408,0.09770110878849424,0.10835786477374056
56,0.12736953096960388,0.1245811110841819,0.10131563505804901,0.10857537165116446,0.1059780589214366,0.10264303131188099,0.10336773372559252,0.10424974838508964,0.12191977889300099
57,0.10884569935482032,0.13785400604289436,0.13059857316580353,0.08595666578499586,0.10395606235634043,0.10510507634300655,0.12162494338990408,0.09770110878849424,0.10835786477374056
58,0.14155854533497617,0.09981134766048742,0.1107543433574198,0.11902175428615643,0.11559786069269956,0.10383016429113955,0.10709335873016734,0.11747551635930639,0.08485710928764735
59,0.10215597972939648,0.10692816312560728,0.10642586222963667,0.11763887886285809,0.11674421029015469,0.11771448411397051,0.11616819864036577,0.10959678909239742,0.10662743391561301
0,0.15343589948463393,0.11335177062560917,0.09452193493136303,0.10348420350637796,0.12496456724147088,0.10860886874220105,0.10838754621086996,0.10918228673290473,0.08406292252456929
1,0.11143180689508714,0.1212061752482016,0.12458514896334472,0.10857632606534875,0.10302031026931022,0.1045014589001178,0.10619513922909701,0.10245004244600678,0.11803359198348554
2,0.1215600880905671,0.11776028816658171,0.11706686127009135,0.12435263134873623,0.09831800430288516,0.09534504547594265,0.09899213841344566,0.10508920178362068,0.12151574114812956
3,0.10601238797898467,0.10223241720649542,0.10187553638080815,0.13294593370227462,0.10546082657991408,0.10969896329558969,0.10473088316569881,0.10650761522873749,0.13053543646149735
4,0.11819798249334325,0.10220953356469675,0.10636450625533904,0.11794419388748238,0.11828487288281839,0.1154941287083982,0.11079088653838606,0.11887303145870551,0.09184086421083029
5,0.11819798249334325,0.10220953356469675,0.10636450625533904,0.11794419388748238,0.11828487288281839,0.1154941287083982,0.11079088653838606,0.11887303145870551,0.09184086421083029
6,0.14874965164676157,0.11886513334118058,0.0950922572099482,0.10775314292546295,0.11280346783806006,0.10242291360243524,0.10562831046072388,0.1081147188132041,0.10057040416222346
7,0.11286772237395556,0.1151116115103745,0.11522636902690543,0.128940546254739,0.10993519568013624,0.10767705243957434,0.10747360115964706,0.11089571452774429,0.09187218702692349
8,0.13349048207110714,0.11595464813282554,0.1317711246780655,0.114029214931732,0.10479383646012148,0.10189350002875813,0.1006045391608128,0.0982966930562041,0.09916596148037357
9,0.1253741439799925,0.11180430872208773,0.11751089112095399,0.11374449514779335,0.10302251265892291,0.10855494360216353,0.10679634599281236,0.10215089141724043,0.1110414673580333
10,0.12426669254794111,0.1268989495942536,0.12591457085079405,0.11481084405839984,0.10249696446651632,0.1091062354992811,0.10750639834401464,0.09601641435718895,0.09298293028161066
11,0.11286772237395556,0.1151116115103745,0.11522636902690543,0.128940546254739,0.10993519568013624,0.10767705243957434,0.10747360115964706,0.11089571452774429,0.09187218702692349
12,0.10355291188900674,0.10537050317286763,0.10547554954569718,0.12121347331866181,0.11274788995410391,0.11116694340253791,0.11085857482550342,0.1175206101723589,0.11209354371926242
13,0.10955858142198882,0.09968106448039737,0.10196158085855496,0.12826686628508452,0.10988723140329741,0.10492906877927395,0.10490700763661451,0.10985072475225868,0.13095787438252948
14,0.11434118738369303,0.10718749815323435,0.12515364903011938,0.11736169921223033,0.10885020479860967,0.10412957121935094,0.10804090537385516,0.10724959134998951,0.10768569347891757
15,0.11434118738369303,0.10718749815323435,0.12515364903011938,0.11736169921223033,0.10885020479860967,0.10412957121935094,0.10804090537385516,0.10724959134998951,0.10768569347891757
16,0.1255061718811015,0.13201743642411304,0.12478077547214345,0.10197207858738214,0.09940879154645456,0.10685331584066628,0.10388887370016635,0.09354663121182316,0.11202592533614966
17,0.1255061718811015,0.13201743642411304,0.12478077547214345,0.10197207858738214,0.09940879154645456,0.10685331584066628,0.10388887370016635,0.09354663121182316,0.11202592533614966
18,0.10805430639097265,0.10403296216292952,0.10612320547627942,0.1372240634720632,0.10000683542503053,0.10268106367611834,0.10014730739113009,0.10691122358051798,0.13481903242495813
19,0.10687869497190002,0.11077898873651025,0.11125543311273992,0.12684274140805418,0.1077976515049049,0.10558341486678124,0.10400584193037199,0.11090786563230592,0.11594936783643175
20,0.10076027888906422,0.1044511950078468,0.10479595087237663,0.11924289381807406,0.11418501125801453,0.1126822472460622,0.11011193635574772,0.12065133097028988,0.11311915558252406
21,0.11853861740225853,0.10610316950310239,0.13259720813005407,0.11625874011871264,0.09630704981663007,0.09599352437039475,0.10331152656251007,0.09953661892753603,0.13135354516880135
22,0.12767753091364376,0.13218582932938333,0.1311758240009104,0.10542612042936597,0.10137827201794054,0.11132016724365407,0.10785917817836073,0.08931115501999196,0.09366592286674949
23,0.11819798249334325,0.10220953356469675,0.10636450625533904,0.11794419388748238,0.11828487288281839,0.1154941287083982,0.11079088653838606,0.11887303145870551,0.09184086421083029
24,0.1215600880905671,0.11776028816658171,0.11706686127009135,0.12435263134873623,0.09831800430288516,0.09534504547594265,0.09899213841344566,0.10508920178362068,0.12151574114812956
25,0.11853861740225853,0.10610316950310239,0.13259720813005407,0.11625874011871264,0.09630704981663007,0.09599352437039475,0.10331152656251007,0.09953661892753603,0.13135354516880135
26,0.11819798249334325,0.10220953356469675,0.10636450625533904,0.11794419388748238,0.11828487288281839,0.1154941287083982,0.11079088653838606,0.11887303145870551,0.09184086421083029
27,0.12494719416152258,0.10888625219010951,0.10632295736585277,0.14160808610850878,0.10955620149586448,0.10631811013035745,0.10313701562825328,0.10381004513542234,0.09541413778410889
28,0.12426669254794111,0.1268989495942536,0.12591457085079405,0.11481084405839984,0.10249696446651632,0.1091062354992811,0.10750639834401464,0.09601641435718895,0.09298293028161066
29,0.11819798249334325,0.10220953356469675,0.10636450625533904,0.11794419388748238,0.11828487288281839,0.1154941287083982,0.11079088653838606,0.11887303145870551,0.09184086421083029
30,0.11143180689508714,0.1212061752482016,0.12458514896334472,0.10857632606534875,0.10302031026931022,0.1045014589001178,0.10619513922909701,0.10245004244600678,0.11803359198348554
31,0.11445918475082524,0.12307426947262996,0.1217643668602863,0.11899670059904197,0.10674619578246951,0.10336191072306952,0.10307936565050012,0.10395470880372001,0.10456329735745723
32,0.10805430639097265,0.10403296216292952,0.10612320547627942,0.1372240634720632,0.10000683542503053,0.10268106367611834,0.10014730739113009,0.10691122358051798,0.13481903242495813
33,0.1255061718811015,0.13201743642411304,0.12478077547214345,0.10197207858738214,0.09940879154645456,0.10685331584066628,0.10388887370016635,0.09354663121182316,0.11202592533614966
34,0.10805430639097265,0.10403296216292952,0.10612320547627942,0.1372240634720632,0.10000683542503053,0.10268106367611834,0.10014730739113009,0.10691122358051798,0.13481903242495813
35,0.13349048207110714,0.11595464813282554,0.1317711246780655,0.114029214931732,0.10479383646012148,0.10189350002875813,0.1006045391608128,0.0982966930562041,0.09916596148037357
36,0.1336954175592736,0.13198550203885284,0.1275163085996733,0.10996575652303874,0.10506732604006143,0.10332835781168898,0.09817173706253396,0.09523319382792944,0.09503640053694777
37,0.12376744011889784,0.12852439732941506,0.12353351680657643,0.11102697907895705,0.10545974578587168,0.10708470887818743,0.10654343277215117,0.10151443578512666,0.09254534344481674
38,0.12023998929978562,0.10907888026135668,0.11431848606994015,0.1106382681269373,0.11555222202266639,0.11193567160014335,0.11271556954598619,0.1086766737885096,0.09684423928467464
39,0.14046436517690164,0.1350071275323657,0.10889610230579184,0.10649844303713037,0.10540369385429349,0.10271466944641312,0.10260862835089057,0.1025203602700455,0.09588661002616786
40,0.11379553592864639,0.11561867400863976,0.11168552142602825,0.11112921588349944,0.11202643680317133,0.11274046663486068,0.10930660334802139,0.10947191994470881,0.10422562602242381
41,0.11819798249334325,0.10220953356469675,0.10636450625533904,0.11794419388748238,0.11828487288281839,0.1154941287083982,0.11079088653838606,0.11887303145870551,0.09184086421083029
42,0.12189463314796561,0.10785843852045093,0.12973930608619108,0.1275582762220712,0.09990124120058803,0.09505246067016172,0.10039200528556459,0.10111094274986332,0.11649269611714348
43,0.09850517138594536,0.08809047277434737,0.14696850095781322,0.11217807799461732,0.11002558869875269,0.1018455025059298,0.1192834549447069,0.11970787252653077,0.10339535821135648
44,0.12813066815674198,0.13476397838156107,0.12570976006300508,0.1104748171273724,0.10195795722446538,0.1105893155728232,0.10528287100041894,0.0903124182129852,0.09277821426062681
45,0.11708053085169261,0.1171381145382859,0.11278102351221808,0.11284959598804645,0.10907969050960488,0.10993437151426072,0.10790253939764408,0.10814562909209964,0.10508850459614767
46,0.11819798249334325,0.10220953356469675,0.10636450625533904,0.11794419388748238,0.11828487288281839,0.1154941287083982,0.11079088653838606,0.11887303145870551,0.09184086421083029
47,0.12475579978689912,0.10701803654926943,0.11116925713088582,0.13540847255599678,0.1091524723364864,0.10723604298703249,0.10587338536773962,0.10286567180568322,0.09652086148000714
48,0.12135533706496852,0.11939777156146812,0.11955403062845757,0.11461278320722346,0.10757470851733326,0.10593937237783177,0.10365075698418041,0.10650299399262068,0.10141224566591607
49,0.1255061718811015,0.13201743642411304,0.12478077547214345,0.10197207858738214,0.09940879154645456,0.10685331584066628,0.10388887370016635,0.09354663121182316,0.11202592533614966
50,0.10805430639097265,0.10403296216292952,0.10612320547627942,0.1372240634720632,0.10000683542503053,0.10268106367611834,0.10014730739113009,0.10691122358051798,0.13481903242495813
51,0.12008421977772467,0.09923142411917409,0.12724309232028608,0.1149102109177352,0.11784928051157233,0.09710240889440537,0.11478679023168974,0.11346410527722932,0.09532846795018292
52,0.1253741439799925,0.11180430872208773,0.11751089112095399,0.11374449514779335,0.10302251265892291,0.10855494360216353,0.10679634599281236,0.10215089141724043,0.1110414673580333
53,0.11853861740225853,0.10610316950310239,0.13259720813005407,0.11625874011871264,0.09630704981663007,0.09599352437039475,0.10331152656251007,0.09953661892753603,0.13135354516880135
54,0.1255061718811015,0.13201743642411304,0.12478077547214345,0.10197207858738214,0.09940879154645456,0.10685331584066628,0.10388887370016635,0.09354663121182316,0.11202592533614966
55,0.13349048207110714,0.11595464813282554,0.1317711246780655,0.114029214931732,0.10479383646012148,0.10189350002875813,0.1006045391608128,0.0982966930562041,0.09916596148037357
56,0.12845199389627615,0.13273966046851088,0.13259295376185162,0.10025971316580606,0.09831641535287536,0.10753976238507297,0.10492284319454909,0.09383715672609483,0.10133950104896304
57,0.10955858142198882,0.09968106448039737,0.10196158085855496,0.12826686628508452,0.10988723140329741,0.10492906877927395,0.10490700763661451,0.10985072475225868,0.13095787438252948
58,0.11143180689508714,0.1212061752482016,0.12458514896334472,0.10857632606534875,0.10302031026931022,0.1045014589001178,0.10619513922909701,0.10245004244600678,0.11803359198348554
0,0.1305678413225348,0.11252748741326947,0.11718795727925005,0.10994422431027084,0.10927788682265721,0.10916981191949597,0.10856550407758554,0.10688285550569465,0.09587643134924154
1,0.09460191055714832,0.1178000925797418,0.11608080660827438,0.10786682595593051,0.1085474708131157,0.11583224454396343,0.11269653001777982,0.10920497774068423,0.11736914118336175
2,0.12170379185526661,0.12599923032898483,0.11968338350863451,0.10651056111843708,0.10164397603240545,0.10614646495444467,0.10183178052497138,0.10165661546228442,0.11482419621457109
3,0.11310650089165143,0.14507948259397513,0.1062224151862763,0.09004478558824022,0.11108449741842795,0.11626800168946913,0.10782391566983063,0.11360046285847515,0.09676993810365404
4,0.09980257778355275,0.12391750852162059,0.12167571560166394,0.11418120250987752,0.10159439008536054,0.10682193142752508,0.10419194459356604,0.10357080372847204,0.12424392574836138
5,0.10514968543148666,0.10802882752509457,0.10957966606635901,0.11323595311909253,0.11483669009815427,0.11182084858386014,0.1088105240103486,0.11463305866655356,0.11390474649905032
6,0.12624073318993756,0.11294416023546071,0.1149628580531085,0.10869480331834656,0.11030589882831421,0.10926786040323938,0.10879974774345079,0.1077803087119819,0.10100362951616036
7,0.08867396957103038,0.13343319138020543,0.1271225258189624,0.11176882449413925,0.09560177745710564,0.11417443938840593,0.10736306432720027,0.10650803092333064,0.11535417663962
8,0.09947195510440339,0.09904807446429996,0.11466996779410142,0.11145879903988695,0.10919166689288448,0.11579705011413771,0.12175400429932992,0.10425553061744347,0.1243529516735128
9,0.10538188842198862,0.1165590338344336,0.10190546489933516,0.1238561602721281,0.11539514706141168,0.11128672470494601,0.10512825925047672,0.12910618220432868,0.0913811393509518
10,0.11859455677262588,0.11020751058216252,0.11276821249928987,0.11079617356251273,0.10982897388682149,0.11034792758866432,0.10501504344046354,0.1081704397226558,0.11427116194480413
11,0.12375932626799194,0.11703871144698555,0.10929082574285362,0.1123850904987504,0.10903109065116459,0.10196044621385877,0.0987484176159634,0.10497951970707152,0.12280657185536024
12,0.11380550416749155,0.11399135524890999,0.12119135924691879,0.11621012656253923,0.10735320183323216,0.10526944019872812,0.1084769067892056,0.10463137922704518,0.10907072672592923
13,0.1304321887631903,0.11148393150853338,0.08763583122743122,0.1033366477305639,0.12074441545591752,0.12407890995829064,0.1022696601319774,0.1324403740899924,0.08757804113410336
14,0.1118581644664342,0.0977198661211534,0.10978637748270316,0.11548050264432916,0.11925118341284283,0.11681109693039275,0.11455049682533694,0.11196182489040882,0.10258048722639881
15,0.08867396957103038,0.13343319138020543,0.1271225258189624,0.11176882449413925,0.09560177745710564,0.11417443938840593,0.10736306432720027,0.10650803092333064,0.11535417663962
16,0.10740271317883832,0.11362101916215571,0.10590255144155822,0.10445914515556412,0.10807555315601948,0.10957134618643039,0.11273692155648662,0.105568747802094,0.1326620023608531
17,0.10514968543148666,0.10802882752509457,0.10957966606635901,0.11323595311909253,0.11483669009815427,0.11182084858386014,0.1088105240103486,0.11463305866655361,0.11390474649905032
18,0.10890163349246827,0.0946113462506254,0.11384127920487416,0.11528277682465446,0.11792408570538034,0.1180162942713347,0.11402355982973521,0.11118530631571526,0.10621371810521273
19,0.1212059642898326,0.10787577637522985,0.10358920334384451,0.10608398255330677,0.11040244078602057,0.10592639136746847,0.10534754697672301,0.1075141096649925,0.1320545846425815
20,0.11713998814202402,0.12068934157614883,0.1139155452095172,0.12031370425196583,0.10422185401727946,0.10235272384032569,0.1013093182505186,0.10008622876055087,0.11997129595166943
21,0.12080697321213758,0.10155329344001415,0.10559146768386415,0.0989418591782769,0.11046328326693594,0.11225504547231742,0.10598968176381464,0.11495591473650828,0.12944248124613084
22,0.10196662649714859,0.09547176299492859,0.11707802789007579,0.0923959153045369,0.11007541854787657,0.11160510634158394,0.11803991253168648,0.10580271397521887,0.14756451591694433
23,0.11310650089165143,0.14507948259397513,0.1062224151862763,0.09004478558824022,0.11108449741842795,0.11626800168946913,0.10782391566983063,0.11360046285847515,0.09676993810365404
24,0.11728820376557378,0.11374500111421584,0.11491634578016258,0.10393489667291358,0.10896939341214766,0.10914042579779047,0.10914042579779047,0.10561145927793217,0.11725384838147329
25,0.12080697321213758,0.10155329344001415,0.10559146768386415,0.0989418591782769,0.11046328326693594,0.11225504547231742,0.10598968176381464,0.11495591473650828,0.12944248124613084
26,0.12375932626799194,0.11703871144698555,0.10929082574285362,0.1123850904987504,0.10903109065116459,0.10196044621385877,0.0987484176159634,0.10497951970707152,0.12280657185536024
27,0.0933716540732598,0.11519047976563465,0.11376963036351509,0.11791304613293634,0.10176502178532189,0.1056822893445725,0.10785096721944495,0.10713358230062647,0.13732332901468838
28,0.12375932626799194,0.11703871144698555,0.10929082574285362,0.1123850904987504,0.10903109065116459,0.10196044621385877,0.0987484176159634,0.10497951970707152,0.12280657185536024
29,0.0933716540732598,0.11519047976563465,0.11376963036351509,0.11791304613293634,0.10176502178532189,0.1056822893445725,0.10785096721944495,0.10713358230062647,0.13732332901468838
30,0.11801780651358375,0.1219806439630754,0.11450385357299951,0.11192846081248606,0.10610565456899819,0.10421637110011701,0.10271776137166222,0.0977952114211417,0.12273423667593614
31,0.12094531549423235,0.1038270052379634,0.11854073037170468,0.12397465812676445,0.11167762007311453,0.10463369782694479,0.11076426925264436,0.10597578232515423,0.09966092129147743
32,0.11728820376557378,0.11374500111421584,0.11491634578016258,0.10393489667291358,0.10896939341214766,0.10914042579779047,0.10914042579779047,0.10561145927793217,0.11725384838147329
33,0.11728820376557378,0.11374500111421584,0.11491634578016258,0.10393489667291358,0.10896939341214766,0.10914042579779047,0.10914042579779047,0.10561145927793217,0.11725384838147329
34,0.10890163349246827,0.0946113462506254,0.11384127920487416,0.11528277682465446,0.11792408570538034,0.1180162942713347,0.11402355982973521,0.11118530631571526,0.10621371810521273
35,0.11468643586556618,0.13116666652857178,0.12860785133008945,0.10237992254333911,0.10043874826046058,0.10662371113917068,0.12098370278266905,0.10298536378462074,0.09212759776551252
36,0.12375932626799194,0.11703871144698555,0.10929082574285362,0.1123850904987504,0.10903109065116459,0.10196044621385877,0.0987484176159634,0.10497951970707152,0.12280657185536024
