,Estim(XGBClassifier)_Imputer(IterativeImputer(<class 'sklearn.linear_model._bayes.BayesianRidge'>)),Estim(XGBClassifier)_Imputer(IterativeImputer(<class 'xgboost.sklearn.XGBRegressor'>)),Estim(XGBClassifier)_Imputer(IterativeImputer(<class 'sklearn.ensemble._forest.RandomForestRegressor'>)),Estim(XGBClassifier)_Imputer(KNNImputer),Estim(RandomForestClassifier)_Imputer(IterativeImputer(<class 'sklearn.linear_model._bayes.BayesianRidge'>)),Estim(RandomForestClassifier)_Imputer(IterativeImputer(<class 'xgboost.sklearn.XGBRegressor'>)),Estim(RandomForestClassifier)_Imputer(IterativeImputer(<class 'sklearn.ensemble._forest.RandomForestRegressor'>)),Estim(RandomForestClassifier)_Imputer(KNNImputer),Estim(<class 'new_base.ClassifierWithImputation'>)_Imputer(Identity)
0,0.07974387905994304,0.13652389256151748,0.12885162578769416,0.11988180788045157,0.09751786593338603,0.10951022282459147,0.12415623468937079,0.10753547152448367,0.09627899973856194
1,0.0884064081749195,0.11711542342308283,0.08984806419999704,0.11621261403262248,0.1092784170149178,0.1161617059611637,0.10974439070133994,0.12059296485234396,0.13264001163961267
2,0.1223572126766906,0.11083061096157257,0.11467508946936812,0.13054003005497838,0.09836975216770263,0.09746384735287471,0.09776495274601386,0.10266170109775635,0.1253368034730428
3,0.0884064081749195,0.11711542342308283,0.08984806419999704,0.11621261403262248,0.1092784170149178,0.1161617059611637,0.10974439070133994,0.12059296485234396,0.13264001163961267
4,0.0884064081749195,0.11711542342308283,0.08984806419999704,0.11621261403262248,0.1092784170149178,0.1161617059611637,0.10974439070133994,0.12059296485234396,0.13264001163961267
5,0.1169288888306824,0.11826983242767462,0.11825395176765233,0.11698672355710348,0.10182998632360729,0.1026817847689411,0.10308597091204627,0.10324082574153166,0.118722035670761
6,0.11809665802012055,0.11797656050454004,0.11909418771459618,0.12394051865632681,0.10086567661172269,0.10449698830543849,0.09960522361087087,0.10320117010030702,0.11272301647607733
7,0.11968115317175994,0.12337059458465666,0.12367865961722022,0.11298371630769515,0.10139996623814743,0.09826737821288564,0.10266232047548889,0.0961655555218551,0.12179065587029105
8,0.10079185425001581,0.12751245606955014,0.10605210945595209,0.11784326985087762,0.10934012584360316,0.12047999083647389,0.11912581950404824,0.11188756623920468,0.08696680795027466
9,0.10837157327507323,0.11740496650814489,0.10621435918971567,0.13605927581741992,0.10144853211784745,0.10612877580405998,0.10089926466044004,0.11185836130310908,0.11161489132419004
10,0.1042188213799824,0.11033610986084988,0.0997320934417722,0.1392386274412025,0.10803860287600209,0.10995445171254296,0.1048007151924924,0.11819719651402262,0.1054833815811332
11,0.12370962526387438,0.1242526466473965,0.12309235524345334,0.1005374633766429,0.11051855492863828,0.11099720959297292,0.10878941449169141,0.09833714736365369,0.09976558309167673
12,0.12370962526387438,0.1242526466473965,0.12309235524345334,0.1005374633766429,0.11051855492863828,0.11099720959297292,0.10878941449169141,0.09833714736365369,0.09976558309167673
13,0.1042188213799824,0.11033610986084988,0.0997320934417722,0.1392386274412025,0.10803860287600209,0.10995445171254296,0.1048007151924924,0.11819719651402262,0.1054833815811332
14,0.08996309273142494,0.10833013105803665,0.11140344949741289,0.096035557841484,0.11747459031838958,0.12490147521584145,0.13020218263592065,0.1230823006418388,0.09860722005965113
15,0.11096538462004041,0.12235342702448622,0.12620717341808854,0.12600738641433945,0.10119499501572222,0.10295300680782876,0.10566510581683833,0.10480629669096539,0.099847224191691
16,0.115791283063287,0.11717279046862221,0.13601900479270412,0.12092676341385657,0.09796424775998015,0.10283995980183121,0.1055488199077059,0.10300082362207076,0.10073630716994225
17,0.1223572126766906,0.11083061096157257,0.11467508946936812,0.13054003005497838,0.09836975216770263,0.09746384735287471,0.09776495274601386,0.10266170109775635,0.1253368034730428
18,0.12370962526387438,0.1242526466473965,0.12309235524345334,0.1005374633766429,0.11051855492863828,0.11099720959297292,0.10878941449169141,0.09833714736365369,0.09976558309167673
19,0.11805119518638502,0.11811550092860826,0.10515839137447745,0.11767027415504724,0.11170107128327658,0.10697960209066879,0.10412506783321535,0.10668404172659983,0.11151485542172147
20,0.10011205156304087,0.10615703253177622,0.0972077985658613,0.13657702867494512,0.11186433798238266,0.11350779382380101,0.11130054165759647,0.12250928208621958,0.1007641331143767
21,0.10692725368944044,0.10692725368944044,0.10553312127023103,0.10698014146187997,0.11597454575580422,0.1160110733380591,0.11380126710598484,0.11660991288422097,0.11123543080493925
22,0.10584232221712989,0.11687124200006156,0.12117605321160026,0.11996291127122607,0.10756605884465333,0.11079120112901351,0.11532471315199189,0.11059950984791758,0.09186598832640579
23,0.11769892792658213,0.11765692377985051,0.11871788410186455,0.12304271198607844,0.10156767043943649,0.10529442782801651,0.10009804864967593,0.1038448337474519,0.11207857154104366
24,0.10778257699515903,0.10846719649424844,0.10560395996400761,0.10896455206995498,0.11117419158978126,0.10881069636579306,0.10555482763814213,0.11341044056288171,0.13023155832003178
25,0.11805119518638502,0.11811550092860826,0.10515839137447745,0.11767027415504724,0.11170107128327658,0.10697960209066879,0.10412506783321535,0.10668404172659983,0.11151485542172147
26,0.11199270580642498,0.12059561487267334,0.10870486770196612,0.12487337023612435,0.10456575494366006,0.10759764388173657,0.09850918121753421,0.11510638376888158,0.10805447757099874
27,0.10851842753807714,0.08944007761926252,0.1301783961931532,0.1301742310043437,0.10486144609047066,0.09971057087754706,0.10527075566085661,0.10861545610811668,0.12323063890817249
28,0.10079185425001581,0.12751245606955014,0.10605210945595209,0.11784326985087762,0.10934012584360316,0.12047999083647389,0.11912581950404824,0.11188756623920468,0.08696680795027466
29,0.10169649050188233,0.12253886320551811,0.13700985514887665,0.10803367407157682,0.10275550230396281,0.10648759442770311,0.11647848445510954,0.10498811430586939,0.10001142157950105
30,0.08926860560341593,0.11241212745259815,0.11895115092048349,0.099360966676446,0.10917387546280935,0.1168439458552345,0.12362730885532974,0.11272055869585342,0.11764146047782954
31,0.10603909767454732,0.13161824855008528,0.11124002569145072,0.12423765203412042,0.10666078237428377,0.10957905072739868,0.10932322454571558,0.10742544564133692,0.09387647276106138
32,0.12370962526387438,0.1242526466473965,0.12309235524345334,0.1005374633766429,0.11051855492863828,0.11099720959297292,0.10878941449169141,0.09833714736365369,0.09976558309167673
33,0.11313786630232298,0.1256795706890733,0.11728497707572878,0.10522451100176479,0.10630366413562176,0.11114838055999449,0.10707129756132869,0.10241652662324967,0.11173320605091563
34,0.10584232221712989,0.11687124200006156,0.12117605321160026,0.11996291127122607,0.10756605884465333,0.11079120112901351,0.11532471315199189,0.11059950984791758,0.09186598832640579
35,0.11968115317175994,0.12337059458465666,0.12367865961722022,0.11298371630769515,0.10139996623814743,0.09826737821288564,0.10266232047548889,0.0961655555218551,0.12179065587029105
36,0.10578462870161298,0.10551131120279221,0.11768179069036609,0.11878563371441922,0.11122756821268247,0.11255386771092189,0.11098286353572341,0.1133522132803829,0.10412012295109853
37,0.10584232221712989,0.11687124200006156,0.12117605321160026,0.11996291127122607,0.10756605884465333,0.11079120112901351,0.11532471315199189,0.11059950984791758,0.09186598832640579
38,0.10584232221712989,0.11687124200006156,0.12117605321160026,0.11996291127122607,0.10756605884465333,0.11079120112901351,0.11532471315199189,0.11059950984791758,0.09186598832640579
39,0.11698974622081866,0.114634958330622,0.11309913220336316,0.12361972966711458,0.1067225698466385,0.10479997879984809,0.10100397190367018,0.10399648442377048,0.11513342860415422
40,0.10778257699515903,0.10846719649424844,0.10560395996400761,0.10896455206995498,0.11117419158978126,0.10881069636579306,0.10555482763814213,0.11341044056288171,0.13023155832003178
41,0.11199270580642498,0.12059561487267334,0.10870486770196612,0.12487337023612435,0.10456575494366006,0.10759764388173657,0.09850918121753421,0.11510638376888158,0.10805447757099874
42,0.10584232221712989,0.11687124200006156,0.12117605321160026,0.11996291127122607,0.10756605884465333,0.11079120112901351,0.11532471315199189,0.11059950984791758,0.09186598832640579
43,0.11313786630232298,0.1256795706890733,0.11728497707572878,0.10522451100176479,0.10630366413562176,0.11114838055999449,0.10707129756132869,0.10241652662324967,0.11173320605091563
44,0.11698974622081866,0.114634958330622,0.11309913220336316,0.12361972966711458,0.1067225698466385,0.10479997879984809,0.10100397190367018,0.10399648442377048,0.11513342860415422
45,0.10584232221712989,0.11687124200006156,0.12117605321160026,0.11996291127122607,0.10756605884465333,0.11079120112901351,0.11532471315199189,0.11059950984791758,0.09186598832640579
46,0.11805119518638502,0.11811550092860826,0.10515839137447745,0.11767027415504724,0.11170107128327658,0.10697960209066879,0.10412506783321535,0.10668404172659983,0.11151485542172147
47,0.11121087178967481,0.1122081638713401,0.11385789269684689,0.11408166676045622,0.11246935298186582,0.1057188412172127,0.11391236015884018,0.10594258948736303,0.11059826103640033
48,0.12441178862732553,0.12540867211340354,0.12328970815800229,0.100667516278999,0.10906156903079967,0.11162918420542324,0.10659713641344173,0.09789678399200498,0.10103764118059973
49,0.11698974622081866,0.114634958330622,0.11309913220336316,0.12361972966711458,0.1067225698466385,0.10479997879984809,0.10100397190367018,0.10399648442377048,0.11513342860415422
50,0.1223572126766906,0.11083061096157257,0.11467508946936812,0.13054003005497838,0.09836975216770263,0.09746384735287471,0.09776495274601386,0.10266170109775635,0.1253368034730428
51,0.11698974622081866,0.114634958330622,0.11309913220336316,0.12361972966711458,0.1067225698466385,0.10479997879984809,0.10100397190367018,0.10399648442377048,0.11513342860415422
52,0.10584232221712989,0.11687124200006156,0.12117605321160026,0.11996291127122607,0.10756605884465333,0.11079120112901351,0.11532471315199189,0.11059950984791758,0.09186598832640579
53,0.11769892792658213,0.11765692377985051,0.11871788410186455,0.12304271198607844,0.10156767043943649,0.10529442782801651,0.10009804864967593,0.1038448337474519,0.11207857154104366
54,0.10955278516194306,0.12091471900284274,0.1388747233440733,0.09615465642851816,0.11012978432784779,0.11137598633400868,0.1167055293506239,0.10164452517391773,0.09464729087622449
55,0.10814799543509976,0.08792122587217616,0.11354880719229736,0.13165543355806064,0.10435521418541648,0.10174441991223915,0.10251703105669688,0.1104390172011819,0.13967085558683198
56,0.08926860560341593,0.11241212745259815,0.11895115092048349,0.099360966676446,0.10917387546280935,0.1168439458552345,0.12362730885532974,0.11272055869585342,0.11764146047782954
57,0.11645465109403505,0.11495240401558399,0.13709175549122346,0.11862009868728855,0.1017531746271023,0.10153290795871894,0.1076188356179205,0.10148824889164729,0.10048792361648
58,0.1023602451175335,0.1027914184801714,0.09740553193732247,0.09990029888916899,0.11907722018633693,0.11596136487838722,0.1116217360152965,0.12074847509743028,0.1301337093983525
59,0.11968115317175994,0.12337059458465666,0.12367865961722022,0.11298371630769515,0.10139996623814743,0.09826737821288564,0.10266232047548889,0.0961655555218551,0.12179065587029105
0,0.11447859524331061,0.12953668300948845,0.12540439202661566,0.11065009737259748,0.09836705597472815,0.10572693863846991,0.10026493087572168,0.09480131092792177,0.12076999593114633
1,0.10922473524606784,0.0991216283489283,0.11381253352970458,0.09623606028055472,0.11550122667408469,0.10717656888460099,0.10907805213640027,0.10277699840085561,0.1470721964988031
2,0.12347494142179291,0.12241742797146601,0.11859527352827674,0.09365160462689517,0.105409594472456,0.10549619409652874,0.10201903283107482,0.10495438641745886,0.12398154463405109
3,0.10432917937802483,0.0983481426648787,0.1023432687169958,0.0955140321974608,0.1208291083143631,0.11578014898319897,0.11859673752304566,0.11781462124138845,0.12644476098064333
4,0.12302741649714999,0.12003257729720622,0.12118380357022275,0.12315784893467223,0.0972941381385928,0.09990712424187538,0.10066042222716078,0.09376794816031508,0.12096872093280481
5,0.11379828011115332,0.11581229495118134,0.11460802064139025,0.107305357935971,0.1043514196462986,0.10954478817772641,0.1058881797547607,0.10149693439376913,0.12719472438774931
6,0.10783361663855925,0.10640977749994493,0.1117988009724225,0.10892015961157295,0.10924022205796703,0.10946451164617212,0.11593525797753827,0.1153656264085141,0.11503202718730883
7,0.10989801499755958,0.11703135188159257,0.12627183066059247,0.1252287852787119,0.0954019179611256,0.0992033635381068,0.09913690333009811,0.09806113912635313,0.1297666932258598
8,0.10832500237284762,0.11242947575253531,0.12358316072162946,0.1250953767569624,0.09817645758144136,0.10280352278653364,0.10316736468595085,0.09981182655102575,0.12660781279107375
9,0.10774531817811958,0.10632264493570509,0.11248496748770742,0.10824421362643673,0.10845789489201872,0.1086805782235302,0.11881200308077487,0.1154766314890775,0.11377574808662963
10,0.10989801499755958,0.11703135188159257,0.12627183066059247,0.1252287852787119,0.0954019179611256,0.0992033635381068,0.09913690333009811,0.09806113912635313,0.1297666932258598
11,0.11524536253121385,0.10113226001519467,0.11390045058027946,0.09701439171367889,0.11406581994412228,0.10785243040938222,0.10857038906268841,0.10315917412156238,0.13905972162187788
12,0.10832500237284762,0.11242947575253531,0.12358316072162946,0.1250953767569624,0.09817645758144136,0.10280352278653364,0.10316736468595085,0.09981182655102575,0.12660781279107375
13,0.11379828011115332,0.11581229495118134,0.11460802064139025,0.107305357935971,0.1043514196462986,0.10954478817772641,0.1058881797547607,0.10149693439376913,0.12719472438774931
14,0.10432917937802483,0.0983481426648787,0.1023432687169958,0.0955140321974608,0.1208291083143631,0.11578014898319897,0.11859673752304566,0.11781462124138845,0.12644476098064333
15,0.11857068390799723,0.1212859237484943,0.12005461863613873,0.11902195460399147,0.10090375755745482,0.10337920331638126,0.10179777570980034,0.09997789844740208,0.1150081840723397
16,0.10774531817811958,0.10632264493570509,0.11248496748770742,0.10824421362643673,0.10845789489201872,0.1086805782235302,0.11881200308077487,0.1154766314890775,0.11377574808662963
17,0.12167074953909081,0.11704061777839254,0.11506435673800712,0.11047288242600983,0.11202755063319748,0.10351940629004558,0.10323784756424695,0.09991092182641723,0.117055667204592
18,0.11201136729556628,0.12146832452138576,0.12119907616056165,0.11066392565725704,0.10087942442971405,0.10613815072127862,0.1058616348317435,0.10136028884273382,0.12041780753975916
19,0.12302741649714999,0.12003257729720622,0.12118380357022275,0.12315784893467223,0.0972941381385928,0.09990712424187538,0.10066042222716078,0.09376794816031508,0.12096872093280481
20,0.11442127135589612,0.1294718189515648,0.1262142320014204,0.10999842372209773,0.09769368933890944,0.10500319030341056,0.10278555482631871,0.09492273911293717,0.11948908038744539
21,0.11391010694607491,0.10179885411452416,0.10963733242756193,0.13183000898289565,0.103527636873381,0.10434022500276215,0.10463866371188478,0.11002194636278152,0.12029522557813384
22,0.11391010694607491,0.10179885411452416,0.10963733242756193,0.13183000898289565,0.103527636873381,0.10434022500276215,0.10463866371188478,0.11002194636278152,0.12029522557813384
23,0.10989801499755958,0.11703135188159257,0.12627183066059247,0.1252287852787119,0.0954019179611256,0.0992033635381068,0.09913690333009811,0.09806113912635313,0.1297666932258598
24,0.11857068390799723,0.1212859237484943,0.12005461863613873,0.11902195460399147,0.10090375755745482,0.10337920331638126,0.10179777570980034,0.09997789844740208,0.1150081840723397
25,0.10922473524606784,0.0991216283489283,0.11381253352970458,0.09623606028055472,0.11550122667408469,0.10717656888460099,0.10907805213640027,0.10277699840085561,0.1470721964988031
26,0.12579317791566128,0.1014754794548853,0.10582212887617543,0.12304230000942902,0.10990341572553529,0.10253050119012229,0.10711357990152749,0.11044067411880569,0.11387874280785808
27,0.12579317791566128,0.1014754794548853,0.10582212887617543,0.12304230000942902,0.10990341572553529,0.10253050119012229,0.10711357990152749,0.11044067411880569,0.11387874280785808
28,0.10760827146883449,0.12389308851645986,0.10631783121233988,0.11591721682136012,0.11021366066362667,0.1073426336504905,0.10614198439556298,0.11027608221004666,0.11228923106127837
29,0.11024112847469338,0.11183968668579114,0.11078451380892713,0.10809736783136324,0.10694670207084758,0.1116654930561607,0.10959883791696477,0.10174572544639392,0.129080544708858
30,0.11756254439016682,0.12010953620978003,0.11902216727676224,0.1178906100887892,0.09968883657873803,0.10452626191116456,0.10323537419624261,0.10351590559076364,0.11444876375759307
31,0.12383073763986777,0.12412194582329444,0.12357967758841873,0.11753867865492554,0.10155159947405605,0.0999183567566083,0.1011329055648436,0.09428931907691768,0.11403677942106796
32,0.11391010694607491,0.10179885411452416,0.10963733242756193,0.13183000898289565,0.103527636873381,0.10434022500276215,0.10463866371188478,0.11002194636278152,0.12029522557813384
33,0.10715034993190395,0.11468063396791166,0.12242161962676885,0.12426541122021018,0.09848170061296967,0.10462245273404168,0.10220982341888832,0.10053409074736587,0.1256339177399397
34,0.11391010694607491,0.10179885411452416,0.10963733242756193,0.13183000898289565,0.103527636873381,0.10434022500276215,0.10463866371188478,0.11002194636278152,0.12029522557813384
35,0.11453734049438039,0.10850357790108509,0.10985265045311364,0.10452669440068332,0.11435831627352579,0.11139350156542564,0.11264937095139982,0.10928424879177197,0.1148942991686141
36,0.12579317791566128,0.1014754794548853,0.10582212887617543,0.12304230000942902,0.10990341572553529,0.10253050119012229,0.10711357990152749,0.11044067411880569,0.11387874280785808
37,0.11983752232571,0.11351792935048848,0.11446139363054379,0.10891672133671566,0.10984730266094901,0.10558763401024508,0.10677804705254476,0.10358831621549176,0.1174651334173114
38,0.10832500237284762,0.11242947575253531,0.12358316072162946,0.1250953767569624,0.09817645758144136,0.10280352278653364,0.10316736468595085,0.09981182655102575,0.12660781279107375
39,0.10832500237284762,0.11242947575253531,0.12358316072162946,0.1250953767569624,0.09817645758144136,0.10280352278653364,0.10316736468595085,0.09981182655102575,0.12660781279107375
40,0.10783361663855925,0.10640977749994493,0.1117988009724225,0.10892015961157295,0.10924022205796703,0.10946451164617212,0.11593525797753827,0.1153656264085141,0.11503202718730883
41,0.11422972149270941,0.10165572156393733,0.1134975948246966,0.0956531394300831,0.11618334027311271,0.10829816648883453,0.11161718284542696,0.10326177646299574,0.13560335661820344
42,0.11620263097882827,0.10941331153093256,0.12221644183930416,0.10702622582768821,0.10633717923758484,0.10489835459194045,0.1070824653517076,0.10123308961082193,0.12559030103119181
43,0.10922473524606784,0.0991216283489283,0.11381253352970458,0.09623606028055472,0.11550122667408463,0.10717656888460099,0.10907805213640027,0.10277699840085561,0.1470721964988031
44,0.11391010694607491,0.10179885411452416,0.10963733242756193,0.13183000898289565,0.103527636873381,0.10434022500276215,0.10463866371188478,0.11002194636278152,0.12029522557813384
45,0.10715034993190395,0.11468063396791166,0.12242161962676885,0.12426541122021018,0.09848170061296967,0.10462245273404168,0.10220982341888832,0.10053409074736587,0.1256339177399397
46,0.10922473524606784,0.0991216283489283,0.11381253352970458,0.09623606028055472,0.11550122667408469,0.10717656888460099,0.10907805213640027,0.10277699840085561,0.1470721964988031
47,0.11442127135589612,0.1294718189515648,0.1262142320014204,0.10999842372209773,0.09769368933890944,0.10500319030341056,0.10278555482631871,0.09492273911293717,0.11948908038744539
48,0.11620263097882827,0.10941331153093256,0.12221644183930416,0.10702622582768821,0.10633717923758484,0.10489835459194045,0.10708246535170754,0.10123308961082193,0.12559030103119181
49,0.12167074953909081,0.11704061777839254,0.11506435673800712,0.11047288242600983,0.11202755063319748,0.10351940629004558,0.10323784756424695,0.09991092182641723,0.117055667204592
50,0.12302741649714999,0.12003257729720622,0.12118380357022275,0.12315784893467223,0.0972941381385928,0.09990712424187538,0.10066042222716078,0.09376794816031508,0.12096872093280481
51,0.11442127135589608,0.12947181895156473,0.12621423200142035,0.10999842372209767,0.09769368933890939,0.10500319030341056,0.10278555482631867,0.09492273911293712,0.11948908038744534
52,0.11447859524331061,0.12953668300948845,0.12540439202661566,0.11065009737259748,0.09836705597472815,0.10572693863846991,0.10026493087572168,0.09480131092792177,0.12076999593114633
53,0.11983752232571,0.11351792935048848,0.11446139363054379,0.10891672133671566,0.10984730266094901,0.10558763401024508,0.10677804705254476,0.10358831621549176,0.1174651334173114
54,0.11447859524331061,0.12953668300948845,0.12540439202661566,0.11065009737259748,0.09836705597472815,0.10572693863846991,0.10026493087572168,0.09480131092792177,0.12076999593114633
55,0.10700064514967315,0.11474057672262263,0.12260433667240873,0.12450329584284812,0.09683268312718005,0.10415961447978211,0.10264183672952544,0.10208473269706547,0.1254322785788941
56,0.12424490882900921,0.12424951865270221,0.12681169527575745,0.11652217580693905,0.09632900846999241,0.10209928199074814,0.10450754402585279,0.09616329522656077,0.10907257172243791
57,0.11379828011115332,0.11581229495118134,0.11460802064139025,0.107305357935971,0.1043514196462986,0.10954478817772641,0.1058881797547607,0.10149693439376913,0.12719472438774931
58,0.11453734049438039,0.10850357790108509,0.10985265045311364,0.10452669440068332,0.11435831627352579,0.11139350156542564,0.11264937095139982,0.10928424879177197,0.1148942991686141
59,0.11391135501943306,0.1287749530193177,0.12475114473055805,0.10971094769052726,0.10067463396239414,0.10652689194611807,0.10281490398726754,0.0941759709243883,0.11865919871999597
0,0.11919351299016785,0.12438704878630451,0.1254403896663135,0.11377568210121639,0.098211769055377,0.10178018455109109,0.11035469409602557,0.09654328430334519,0.11031343445015902
1,0.10761132060353713,0.10964226832821165,0.10508869925858645,0.11958227768114188,0.10866384226862513,0.1150669000873883,0.10687551617676944,0.11230853131002555,0.1151606442857146
2,0.11198003712758912,0.13224418610440047,0.1320328642114203,0.10841042649589018,0.10117598896310509,0.11229164223095693,0.10873119163334134,0.08956441601647955,0.10356924721681697
3,0.12220830857408631,0.12279110099228961,0.12218942548563085,0.12127651061906566,0.09922580281841406,0.10713563189669613,0.10560690127180469,0.09609802712366904,0.10346829121834354
4,0.11136749946950515,0.1055558085872881,0.10967739352388237,0.11093808422911491,0.10634020655524729,0.1096675829922117,0.10939047413781341,0.11283866490448911,0.12422428560044795
5,0.10125101647801818,0.09358716224894958,0.12895123455097693,0.09303778193369544,0.11262721936661474,0.1077186952931391,0.11513224556983594,0.11381325584366075,0.13388138871510905
6,0.12092205331859253,0.10391776714885027,0.11784106594851189,0.12083236443382399,0.10528716398791227,0.1007077766235672,0.09872589379855504,0.10444828912926742,0.12731762561091944
7,0.12036593844259963,0.10699230408857861,0.10942483575179844,0.11775315525610294,0.10705872158444425,0.10216232542991509,0.10383654637124831,0.10075734083728756,0.13164883223802518
8,0.11269899425666308,0.11611618711887561,0.11835208079258261,0.11391518900761906,0.10284182729922929,0.10767301714480745,0.11097009831206987,0.10355366870303087,0.113878937365122
9,0.12513400612734923,0.09138784821747187,0.1167412935000983,0.12259737286875239,0.11361855775241152,0.10684322384294169,0.11006373623465522,0.11052897208179631,0.1030849893745239
10,0.11269899425666308,0.11611618711887561,0.11835208079258261,0.11391518900761906,0.10284182729922929,0.10767301714480745,0.11097009831206987,0.10355366870303087,0.113878937365122
11,0.11911965414184808,0.08306906318804455,0.10935133403496713,0.12272145816907529,0.11441593815837145,0.10827167039344755,0.1121703280492741,0.11365723158403138,0.1172233222809401
12,0.11054796875337025,0.11129346714335943,0.11204525639894639,0.11043360945444196,0.11121271329096549,0.11196394925433951,0.11161338430829335,0.11171085030148348,0.10917880109479983
13,0.11911965414184808,0.08306906318804455,0.10935133403496713,0.12272145816907529,0.11441593815837145,0.1082716703934475,0.1121703280492741,0.11365723158403138,0.1172233222809401
14,0.12220830857408631,0.12279110099228961,0.12218942548563085,0.12127651061906566,0.09922580281841406,0.10713563189669613,0.10560690127180469,0.09609802712366904,0.10346829121834354
15,0.11670473754161939,0.11583079471676613,0.11677944914723319,0.10903734069178399,0.10897653805495824,0.10745042343651112,0.10763824155492496,0.1097944998058412,0.10778797505036172
16,0.11203444078575778,0.10663582392713887,0.11647491812427879,0.12835212606609867,0.10376611562965407,0.10992452777810564,0.10519890984482476,0.10697869881240611,0.11063443903173519
17,0.12048850480397803,0.11668780479681315,0.11945767537232181,0.11737669409756919,0.10176236380989331,0.10008434499063314,0.10137634672697965,0.10158212510496847,0.12118414029684321
18,0.11198003712758912,0.13224418610440047,0.1320328642114203,0.10841042649589018,0.10117598896310509,0.11229164223095693,0.10873119163334134,0.08956441601647955,0.10356924721681697
19,0.12058502459640967,0.12301630193796474,0.1224135229483012,0.12205537788257606,0.09468810368631544,0.10750843837315739,0.10583318310330582,0.09976798183259876,0.10413206563937094
20,0.10229714914477779,0.11147130294194041,0.11216959086117383,0.1295638317851969,0.11009696450197916,0.110791959683116,0.1088424968881631,0.11196989285548317,0.10279681133816987
21,0.127023047738178,0.12773179716812402,0.12752768592538086,0.10849354539113061,0.10121967859623633,0.10423657166358892,0.1008278585226982,0.08615975027589699,0.11678006471876588
22,0.12092205331859253,0.10391776714885027,0.11784106594851189,0.12083236443382399,0.10528716398791227,0.1007077766235672,0.09872589379855504,0.10444828912926742,0.12731762561091944
23,0.12092205331859253,0.10391776714885027,0.11784106594851189,0.12083236443382399,0.10528716398791227,0.1007077766235672,0.09872589379855504,0.10444828912926742,0.12731762561091944
24,0.12048850480397803,0.11668780479681315,0.11945767537232181,0.11737669409756919,0.10176236380989331,0.10008434499063314,0.10137634672697965,0.10158212510496847,0.12118414029684321
25,0.12048850480397803,0.11668780479681315,0.11945767537232181,0.11737669409756919,0.10176236380989331,0.10008434499063314,0.10137634672697965,0.10158212510496847,0.12118414029684321
26,0.10125101647801818,0.09358716224894958,0.12895123455097693,0.09303778193369544,0.11262721936661474,0.1077186952931391,0.11513224556983594,0.11381325584366075,0.13388138871510905
27,0.12220830857408631,0.12279110099228961,0.12218942548563085,0.12127651061906566,0.09922580281841406,0.10713563189669613,0.10560690127180469,0.09609802712366904,0.10346829121834354
28,0.11911965414184808,0.08306906318804455,0.10935133403496713,0.12272145816907529,0.11441593815837145,0.10827167039344755,0.1121703280492741,0.11365723158403138,0.1172233222809401
29,0.12239900691850349,0.12131418079670737,0.12573595598815343,0.12064942248588834,0.0937703507562431,0.09590866174644108,0.10043598343892671,0.0938318830828616,0.12595455478627476
30,0.12239900691850349,0.12131418079670737,0.12573595598815343,0.12064942248588834,0.0937703507562431,0.09590866174644108,0.10043598343892671,0.0938318830828616,0.12595455478627476
31,0.1263599127955159,0.11487838952169131,0.11936471775296985,0.1178048857329462,0.09919881651340966,0.09833158197774135,0.09716313242742448,0.09151815223819025,0.13538041104011117
32,0.12250951757151882,0.1270301775405685,0.12896947920849725,0.11594294684391325,0.09607785980725161,0.09955299408718071,0.10946962155121517,0.09511398356279965,0.10533341982705471
33,0.10754111631701431,0.12530347713426956,0.10590934245727583,0.1189224744531738,0.11014741121831728,0.1099372528396383,0.10429985036543354,0.11110559082710539,0.10683348438777195
34,0.12250951757151882,0.1270301775405685,0.12896947920849725,0.11594294684391325,0.09607785980725161,0.09955299408718071,0.10946962155121517,0.09511398356279965,0.10533341982705471
35,0.12220830857408631,0.12279110099228961,0.12218942548563085,0.12127651061906566,0.09922580281841406,0.10713563189669613,0.10560690127180469,0.09609802712366904,0.10346829121834354
36,0.10125101647801818,0.09358716224894958,0.12895123455097693,0.09303778193369544,0.11262721936661474,0.1077186952931391,0.11513224556983594,0.11381325584366075,0.13388138871510905
37,0.12048850480397803,0.11668780479681315,0.11945767537232181,0.11737669409756919,0.10176236380989331,0.10008434499063314,0.10137634672697965,0.10158212510496847,0.12118414029684321
38,0.12250951757151882,0.1270301775405685,0.12896947920849725,0.11594294684391325,0.09607785980725161,0.09955299408718071,0.10946962155121517,0.09511398356279965,0.10533341982705471
39,0.11811949905392136,0.12193079637936104,0.12365347354807367,0.11998160313715037,0.09815121828212682,0.0984682688506275,0.10823853598333502,0.10033530192491551,0.11112130284048866
40,0.11811949905392136,0.12193079637936104,0.12365347354807367,0.11998160313715037,0.09815121828212682,0.0984682688506275,0.10823853598333502,0.10033530192491547,0.11112130284048866
41,0.10893669007280288,0.12985308893916522,0.10616112823715468,0.12160468608915945,0.10650312382159415,0.10788392041316788,0.09965310962325456,0.11016710798431563,0.10923714481938546
42,0.12047300924456567,0.12321675254116746,0.12433091928571287,0.12034209573089993,0.09741596376415149,0.09631821018145183,0.10215162924855851,0.09629212625384827,0.11945929374964383
43,0.11670473754161939,0.11583079471676613,0.11677944914723319,0.10903734069178399,0.10897653805495824,0.10745042343651112,0.10763824155492496,0.1097944998058412,0.10778797505036172
44,0.10761132060353713,0.10964226832821165,0.10508869925858645,0.11958227768114188,0.10866384226862513,0.1150669000873883,0.10687551617676944,0.11230853131002555,0.1151606442857146
45,0.11548586719023093,0.11508040261414323,0.11538284619454113,0.10980568345692678,0.11000631003142206,0.10856254338803233,0.10752781171414474,0.10970803094087607,0.10844050446968254
46,0.12239900691850349,0.12131418079670737,0.12573595598815343,0.12064942248588834,0.0937703507562431,0.09590866174644108,0.10043598343892671,0.0938318830828616,0.12595455478627476
47,0.12047300924456567,0.12321675254116746,0.12433091928571287,0.12034209573089993,0.09741596376415149,0.09631821018145183,0.10215162924855851,0.09629212625384827,0.11945929374964383
48,0.11685458459657964,0.11599162650445659,0.11695341264936795,0.1106972115739358,0.10547647522091047,0.10809504364877573,0.10721143983658094,0.10960550291772138,0.10911470305167151
49,0.11523200719151425,0.10844398421038876,0.11903317577988816,0.13205118677380995,0.1092849386744733,0.10867938955725803,0.10576131769800878,0.10561680469136661,0.09589719542329178
50,0.11811949905392136,0.12193079637936104,0.12365347354807367,0.11998160313715037,0.09815121828212682,0.0984682688506275,0.10823853598333502,0.10033530192491551,0.11112130284048866
51,0.12239900691850349,0.12131418079670737,0.12573595598815343,0.12064942248588834,0.0937703507562431,0.09590866174644108,0.10043598343892671,0.0938318830828616,0.12595455478627476
52,0.10761132060353713,0.10964226832821165,0.10508869925858645,0.11958227768114188,0.10866384226862513,0.1150669000873883,0.10687551617676944,0.11230853131002555,0.1151606442857146
53,0.1094139792279115,0.13090331331914595,0.13091007122412823,0.10773932940385061,0.10097884096663773,0.11288448419646012,0.11193100400287673,0.09346982566894668,0.10176915199004262
54,0.1191880383091162,0.12389548820706844,0.1253722697309847,0.11222272035748936,0.0982547060063686,0.10309404527939273,0.11185698534779787,0.09642378661603737,0.10969196014574463
55,0.12239900691850349,0.12131418079670737,0.12573595598815343,0.12064942248588834,0.0937703507562431,0.09590866174644108,0.10043598343892671,0.0938318830828616,0.12595455478627476
56,0.10893669007280288,0.12985308893916522,0.10616112823715468,0.12160468608915945,0.10650312382159415,0.10788392041316788,0.09965310962325456,0.11016710798431563,0.10923714481938546
57,0.11198003712758912,0.13224418610440047,0.1320328642114203,0.10841042649589018,0.10117598896310509,0.11229164223095693,0.10873119163334134,0.08956441601647955,0.10356924721681697
58,0.10229714914477779,0.11147130294194041,0.11216959086117383,0.1295638317851969,0.11009696450197916,0.110791959683116,0.1088424968881631,0.11196989285548317,0.10279681133816987
0,0.11983395190365291,0.11883283850723012,0.11804125236552263,0.11411600400666279,0.10235251325526527,0.10210706599506775,0.10009114592366496,0.10487210036053078,0.11975312768240269
1,0.10468628352770382,0.11443482692109948,0.10783958755691843,0.13240477480161716,0.10258344823684885,0.10935998001312341,0.10161270817293966,0.11186056369459775,0.11521782707515137
2,0.12130549946335496,0.12252674088936562,0.12025271021522681,0.12132792784142335,0.10405091775036253,0.10289664042860189,0.10047099374565283,0.10522936825129307,0.10193920141471872
3,0.11660009779226767,0.11925805356061983,0.11962106725056305,0.11596195986099907,0.10027882932646306,0.10552064866674808,0.1059676731770177,0.09899286613307567,0.11779880423224622
4,0.11831084426541325,0.11886954061339013,0.118309817873009,0.12031735404943565,0.10685520793897897,0.10795270515120492,0.10149234014958289,0.10814627868470574,0.09974591127427947
5,0.12130549946335496,0.12252674088936562,0.12025271021522681,0.12132792784142335,0.10405091775036253,0.10289664042860189,0.10047099374565283,0.10522936825129307,0.10193920141471872
6,0.10989157327259627,0.1314556154843319,0.10608672576690951,0.10099899434541057,0.10604428014080185,0.1127242794026434,0.10653450198497907,0.0962622869123344,0.13000174268999326
7,0.1129329735842283,0.11525565609254029,0.11267111293087632,0.11074567112008186,0.10892414001742427,0.10794279527271256,0.11060748612862492,0.10877092401658603,0.11214924083692543
8,0.11572335712925878,0.11663314664542873,0.11659874687872485,0.11806022776695602,0.10569448548725242,0.10801425363905189,0.10850855555201837,0.10711617497812302,0.10365105192318587
9,0.12068570123624967,0.11711097892237095,0.1174953753408376,0.12021047764940938,0.10534709170824687,0.10319153147254273,0.10026926941803692,0.10663970596028999,0.10904986829201584
10,0.1149946859237126,0.13064847194747892,0.13036689494669748,0.11468769791071465,0.10157810840596919,0.10871350620907913,0.10148518940409684,0.10247270914817831,0.09505273610407286
11,0.10988277941673484,0.10952638490419155,0.11680662145847207,0.12861609362867896,0.10781114402536235,0.10661121072017157,0.10709960504162283,0.1088613720532193,0.10478478875154691
12,0.09841317950725015,0.09649841166622955,0.10634699841925574,0.1190822731393018,0.11704995834682275,0.11508911794826501,0.11605750029915052,0.11781778153943595,0.11364477913428858
13,0.123992917559273,0.12152724024746084,0.12276280031933237,0.1250427356729316,0.09688911977319445,0.0943652388289985,0.09463989961058611,0.09749458778637872,0.12328546020184426
14,0.10981215503009288,0.125554998061072,0.12551796688454944,0.11220187753845742,0.10398888447705057,0.10999566654846812,0.11015291550890888,0.10466285264316104,0.09811268330823981
15,0.10989157327259627,0.1314556154843319,0.10608672576690951,0.10099899434541057,0.10604428014080185,0.1127242794026434,0.10653450198497907,0.0962622869123344,0.13000174268999326
16,0.12578462569989352,0.12623618493277822,0.11986940520735963,0.12021586617279849,0.10097375187894625,0.10388467277015159,0.0950483087308522,0.09574390225142812,0.11224328235579212
17,0.10988277941673484,0.10952638490419155,0.11680662145847207,0.12861609362867896,0.10781114402536235,0.10661121072017157,0.10709960504162283,0.1088613720532193,0.10478478875154691
18,0.1184230485722591,0.12404608243251523,0.123553934512512,0.11945503668396253,0.10585748358497675,0.1012534617365179,0.10620250842223068,0.10810389687413231,0.09310454718089323
19,0.12130549946335496,0.12252674088936562,0.12025271021522681,0.12132792784142335,0.10405091775036253,0.10289664042860189,0.10047099374565283,0.10522936825129307,0.10193920141471872
20,0.10988277941673484,0.10952638490419155,0.11680662145847207,0.12861609362867896,0.10781114402536235,0.10661121072017157,0.10709960504162283,0.1088613720532193,0.10478478875154691
21,0.11561904132095073,0.11662301444829201,0.11768146408666759,0.1144987617211315,0.10320155128891945,0.1059501757008407,0.10646232426005967,0.10136905802054089,0.11859460915259729
22,0.11847605631056063,0.11841680591305072,0.11971510387333184,0.11873615543980776,0.09811091477542004,0.10401283307609928,0.10300880812956965,0.10013103554664454,0.11939228693551567
23,0.11600697061463479,0.115100219348086,0.12215001695333343,0.11199989399498736,0.1060005725464217,0.10183053247658173,0.11338522913924914,0.10890814330194379,0.10461842162476216
24,0.1039669483240533,0.11386691683220529,0.10753617268391537,0.1318469529399376,0.10311951806144891,0.10859426571552551,0.10866597238636828,0.1121514955277706,0.11025175752877518
25,0.10989157327259627,0.1314556154843319,0.10608672576690951,0.10099899434541057,0.10604428014080185,0.1127242794026434,0.10653450198497907,0.0962622869123344,0.13000174268999326
26,0.12130549946335496,0.12252674088936562,0.12025271021522681,0.12132792784142335,0.10405091775036253,0.10289664042860189,0.10047099374565283,0.10522936825129307,0.10193920141471872
27,0.1182731873847305,0.1214019116258669,0.12225885354966669,0.11587443609873241,0.0997071687885852,0.10423616524975525,0.10402513797703579,0.10031522701756312,0.11390791230806434
28,0.1182731873847305,0.1214019116258669,0.12225885354966669,0.11587443609873241,0.0997071687885852,0.10423616524975525,0.10402513797703579,0.10031522701756312,0.11390791230806434
29,0.10707613947343576,0.1097843984052624,0.10210585106741411,0.11478073674908897,0.1077186170891547,0.10959912678692416,0.10654510220089455,0.11350146564099216,0.12888856258683307
30,0.11836487681527633,0.12134430096476007,0.12150437783194068,0.11609847438088802,0.1002567124868522,0.1041221883603468,0.10369479057633389,0.10138699019517591,0.11322728838842641
31,0.11824263752281834,0.11365770421966324,0.1162620433752328,0.10680956427820838,0.11016955826775704,0.10438700922504231,0.10428904611620791,0.10793783438322288,0.11824460261184727
32,0.1182731873847305,0.1214019116258669,0.12225885354966669,0.11587443609873241,0.0997071687885852,0.10423616524975525,0.10402513797703579,0.10031522701756312,0.11390791230806434
33,0.1182731873847305,0.1214019116258669,0.12225885354966669,0.11587443609873241,0.0997071687885852,0.10423616524975525,0.10402513797703579,0.10031522701756312,0.11390791230806434
34,0.1182731873847305,0.1214019116258669,0.12225885354966669,0.11587443609873241,0.0997071687885852,0.10423616524975525,0.10402513797703579,0.10031522701756312,0.11390791230806434
35,0.11270023846369791,0.1283240509212852,0.12775749036960882,0.11272590533247785,0.10353263679216135,0.1104630400499822,0.10337935417742755,0.10563531399593423,0.095481969897425
36,0.1149946859237126,0.13064847194747892,0.13036689494669748,0.11468769791071465,0.10157810840596915,0.10871350620907913,0.10148518940409684,0.10247270914817831,0.09505273610407286
