,Estim(XGBClassifier)_Imputer(IterativeImputer(<class 'sklearn.linear_model._bayes.BayesianRidge'>)),Estim(XGBClassifier)_Imputer(IterativeImputer(<class 'xgboost.sklearn.XGBRegressor'>)),Estim(XGBClassifier)_Imputer(IterativeImputer(<class 'sklearn.ensemble._forest.RandomForestRegressor'>)),Estim(XGBClassifier)_Imputer(KNNImputer),Estim(RandomForestClassifier)_Imputer(IterativeImputer(<class 'sklearn.linear_model._bayes.BayesianRidge'>)),Estim(RandomForestClassifier)_Imputer(IterativeImputer(<class 'xgboost.sklearn.XGBRegressor'>)),Estim(RandomForestClassifier)_Imputer(IterativeImputer(<class 'sklearn.ensemble._forest.RandomForestRegressor'>)),Estim(RandomForestClassifier)_Imputer(KNNImputer),Estim(<class 'new_base.ClassifierWithImputation'>)_Imputer(Identity)
0,0.10270695595242016,0.10770275959894544,0.10971445160903279,0.1116832037596758,0.09770908281667413,0.10307579292408453,0.10281680419134985,0.11126028070853204,0.1533306684392851
1,0.11766010732389909,0.11843827915107115,0.12156235515461351,0.11642576290831558,0.0977684316195207,0.10094165819709865,0.09446579658689658,0.099816639032329,0.13292097002625586
2,0.11392267659556621,0.08980057087666074,0.10974516322747149,0.11769469862142602,0.10424525286959604,0.09986420194946298,0.10975448651652804,0.1122870565277989,0.14268589281548966
3,0.11392267659556621,0.08980057087666074,0.10974516322747149,0.11769469862142602,0.10424525286959604,0.09986420194946298,0.10975448651652804,0.1122870565277989,0.14268589281548966
4,0.11392267659556621,0.08980057087666074,0.10974516322747149,0.11769469862142602,0.10424525286959604,0.09986420194946298,0.10975448651652804,0.1122870565277989,0.14268589281548966
5,0.10791638196983756,0.12841330746705684,0.12673671796511546,0.09848839646834906,0.10258848458027597,0.11159099050142125,0.11237004989194084,0.10690825316644956,0.10498741798955312
6,0.10791638196983756,0.12841330746705684,0.12673671796511546,0.09848839646834906,0.10258848458027597,0.11159099050142125,0.11237004989194084,0.10690825316644956,0.10498741798955312
7,0.11127744000114967,0.11316687392582847,0.11910686416669844,0.118696182580886,0.10297155303544223,0.10670661900035322,0.10390242465019975,0.10945267088756017,0.11471937175188207
8,0.11397383189363045,0.11986390841240765,0.11848332812139332,0.12075565686480363,0.10595593672636056,0.10958137228712249,0.10453343589827062,0.10657438845988035,0.1002781413361309
9,0.12146141838942255,0.10889015232701313,0.10057386727286681,0.13002225486143817,0.10288816886595886,0.10925911455014171,0.10194823382510308,0.11635504404336817,0.10860174586468747
10,0.11392267659556621,0.08980057087666074,0.10974516322747149,0.11769469862142602,0.10424525286959604,0.09986420194946298,0.10975448651652804,0.1122870565277989,0.14268589281548966
11,0.11392267659556621,0.08980057087666074,0.10974516322747149,0.11769469862142602,0.10424525286959604,0.09986420194946298,0.10975448651652804,0.1122870565277989,0.14268589281548966
12,0.11766010732389909,0.11843827915107115,0.12156235515461351,0.11642576290831558,0.0977684316195207,0.10094165819709865,0.09446579658689658,0.099816639032329,0.13292097002625586
13,0.08412759058684938,0.12434858372228934,0.12301034963948357,0.0994517991254781,0.10289865493682027,0.1149131024306744,0.11747114833935637,0.1079761071128781,0.12580266410617055
14,0.11207397013971936,0.11856151707639648,0.1184087738506624,0.11692577587266939,0.10219247416538274,0.105939161718877,0.10640513316768384,0.10213789549795262,0.11735529851065618
15,0.10459027624039972,0.10864385453517578,0.1115202816435796,0.10400773362882665,0.1139217107950247,0.10708791016045842,0.11294523456269505,0.11540154225036428,0.12188145618347584
16,0.10791638196983756,0.12841330746705684,0.12673671796511546,0.09848839646834906,0.10258848458027597,0.11159099050142125,0.11237004989194084,0.10690825316644956,0.10498741798955312
17,0.10174869830786398,0.1103802915100862,0.10888450236708412,0.12280338756630806,0.10740004609715553,0.11847014282974475,0.11141614355467887,0.11318294705937267,0.10571384070770588
18,0.11103417743366785,0.11756832897645915,0.11606726133731665,0.12007304964718703,0.10727196996346987,0.1152222404279442,0.10820092335666029,0.10572463944033465,0.09883740941696043
19,0.10791638196983756,0.12841330746705684,0.12673671796511546,0.09848839646834906,0.10258848458027597,0.11159099050142125,0.11237004989194084,0.10690825316644956,0.10498741798955312
20,0.11551450302358018,0.11930216376716275,0.12372596144779097,0.1041219873898648,0.10210199578934948,0.10206043702339682,0.09879494346742276,0.10069977037444566,0.1336782377169863
21,0.1225689570965864,0.10560393594154191,0.11143380306755005,0.09994188690973585,0.10576761345368477,0.11181684897148746,0.11106736723175402,0.10118141784785699,0.13061816947980273
22,0.10791638196983756,0.12841330746705684,0.12673671796511546,0.09848839646834906,0.10258848458027597,0.11159099050142125,0.11237004989194084,0.10690825316644956,0.10498741798955312
23,0.11392267659556621,0.08980057087666074,0.10974516322747149,0.11769469862142602,0.10424525286959604,0.09986420194946298,0.10975448651652804,0.1122870565277989,0.14268589281548966
24,0.12050752830251438,0.10280079391379686,0.1268430216114919,0.124518114578213,0.10689543996379439,0.09702999085649328,0.10666292511858186,0.10151779875242621,0.1132243869026881
25,0.12486561130719649,0.12140806633994293,0.11876440746273292,0.11515470809106874,0.10188011049985737,0.10227604292070124,0.09273885274670825,0.0992246170919206,0.12368758353987123
26,0.08412759058684938,0.12434858372228934,0.12301034963948357,0.0994517991254781,0.10289865493682027,0.1149131024306744,0.11747114833935637,0.1079761071128781,0.12580266410617055
27,0.10950736192752177,0.12157163605842297,0.12370798092911668,0.11608466656671183,0.10411758963872919,0.10125240350091845,0.0972098771955988,0.10798066192919642,0.11856782225378375
28,0.10791638196983756,0.12841330746705684,0.12673671796511546,0.09848839646834906,0.10258848458027597,0.11159099050142125,0.11237004989194084,0.10690825316644956,0.10498741798955312
29,0.11551450302358018,0.11930216376716275,0.12372596144779097,0.1041219873898648,0.10210199578934948,0.10206043702339682,0.09879494346742276,0.10069977037444566,0.1336782377169863
30,0.10791638196983756,0.12841330746705684,0.12673671796511546,0.09848839646834906,0.10258848458027597,0.11159099050142125,0.11237004989194084,0.10690825316644956,0.10498741798955312
31,0.11392267659556621,0.08980057087666074,0.10974516322747149,0.11769469862142602,0.10424525286959604,0.09986420194946298,0.10975448651652804,0.1122870565277989,0.14268589281548966
32,0.12154970028579179,0.12298081620999186,0.11989262539317888,0.12005874065111102,0.10639372008049747,0.10908699880174569,0.10518037226692084,0.09614909771905249,0.09870792859170972
33,0.11397383189363045,0.11986390841240765,0.11848332812139332,0.12075565686480363,0.10595593672636056,0.10958137228712249,0.10453343589827062,0.10657438845988035,0.1002781413361309
34,0.12011555316155781,0.11678181438101351,0.1174893882851689,0.09684108325420879,0.11526735410807086,0.11828646935008051,0.11834328137206397,0.10229891333658338,0.09457614275125244
35,0.11090237855632487,0.09460650520751936,0.10522795520089814,0.1164170060949242,0.11287744359905436,0.11845551363703131,0.11376865319543952,0.11938467577806469,0.10835986873074338
36,0.11392267659556621,0.08980057087666074,0.10974516322747149,0.11769469862142602,0.10424525286959604,0.09986420194946298,0.10975448651652804,0.1122870565277989,0.14268589281548966
37,0.11766010732389909,0.11843827915107115,0.12156235515461351,0.11642576290831558,0.0977684316195207,0.10094165819709865,0.09446579658689658,0.099816639032329,0.13292097002625586
38,0.11392267659556621,0.08980057087666074,0.10974516322747149,0.11769469862142602,0.10424525286959604,0.09986420194946298,0.10975448651652804,0.1122870565277989,0.14268589281548966
39,0.11392267659556621,0.08980057087666074,0.10974516322747149,0.11769469862142602,0.10424525286959604,0.09986420194946298,0.10975448651652804,0.1122870565277989,0.14268589281548966
40,0.1094639501973442,0.1172371205552868,0.0954620169725859,0.11824283258029694,0.10406338421753028,0.11815661502531018,0.1065164979405475,0.11662518240453297,0.11423240010656502
41,0.11392267659556621,0.08980057087666074,0.10974516322747149,0.11769469862142602,0.10424525286959604,0.09986420194946298,0.10975448651652804,0.1122870565277989,0.14268589281548966
42,0.11392267659556621,0.08980057087666074,0.10974516322747149,0.11769469862142602,0.10424525286959604,0.09986420194946298,0.10975448651652804,0.1122870565277989,0.14268589281548966
43,0.12011555316155781,0.11678181438101351,0.1174893882851689,0.09684108325420879,0.11526735410807086,0.11828646935008051,0.11834328137206397,0.10229891333658338,0.09457614275125244
44,0.12112061397343435,0.1044145226166167,0.10285958206456058,0.12129514694407936,0.10192504023833147,0.10352033065340117,0.10046251078437166,0.11968525712316483,0.12471699560203979
45,0.11392267659556621,0.08980057087666074,0.10974516322747149,0.11769469862142602,0.10424525286959604,0.09986420194946298,0.10975448651652804,0.1122870565277989,0.14268589281548966
46,0.11207397013971936,0.11856151707639648,0.1184087738506624,0.11692577587266939,0.10219247416538274,0.105939161718877,0.10640513316768384,0.10213789549795262,0.11735529851065618
47,0.11766010732389909,0.11843827915107115,0.12156235515461351,0.11642576290831558,0.0977684316195207,0.10094165819709865,0.09446579658689658,0.099816639032329,0.13292097002625586
48,0.12131716664674747,0.12270452513949497,0.11043350996276735,0.11142964278179172,0.1033209744867728,0.10426821891546154,0.09725434285199952,0.10499097467241743,0.1242806445425472
49,0.11392267659556621,0.08980057087666074,0.10974516322747149,0.11769469862142602,0.10424525286959604,0.09986420194946298,0.10975448651652804,0.1122870565277989,0.14268589281548966
50,0.11279130162832994,0.11735803346232425,0.1172789670684008,0.11711012288063545,0.10344896466054992,0.10636075799232356,0.10805733904567949,0.10159318726670222,0.11600132599505458
51,0.10548358056985113,0.10979609905534382,0.12321027044045424,0.09508252166696078,0.1131334132439055,0.12354083948857393,0.12196223111122517,0.11103901531073074,0.09675202911295466
52,0.10791638196983756,0.12841330746705684,0.12673671796511546,0.09848839646834906,0.10258848458027597,0.11159099050142125,0.11237004989194084,0.10690825316644956,0.10498741798955312
53,0.12136982073140067,0.12253949282936344,0.11966418315174704,0.11967424892795869,0.10646138229601282,0.10822965891214052,0.10575359048792375,0.09776590715407923,0.09854171550937386
54,0.08412759058684938,0.12434858372228934,0.12301034963948357,0.0994517991254781,0.10289865493682027,0.1149131024306744,0.11747114833935637,0.1079761071128781,0.12580266410617055
55,0.11551450302358018,0.11930216376716275,0.12372596144779097,0.1041219873898648,0.10210199578934948,0.10206043702339682,0.09879494346742276,0.10069977037444566,0.1336782377169863
56,0.11127744000114967,0.11316687392582847,0.11910686416669844,0.118696182580886,0.10297155303544223,0.10670661900035322,0.10390242465019975,0.10945267088756017,0.11471937175188207
57,0.08412759058684938,0.12434858372228934,0.12301034963948357,0.0994517991254781,0.10289865493682027,0.1149131024306744,0.11747114833935637,0.1079761071128781,0.12580266410617055
58,0.11127913466651208,0.11501537447597648,0.11483600964920394,0.11632976580863671,0.10109983590496031,0.10360903619781613,0.10213472237340511,0.10803976063558289,0.12765636028790597
59,0.10791638196983756,0.12841330746705684,0.12673671796511546,0.09848839646834906,0.10258848458027597,0.11159099050142125,0.11237004989194084,0.10690825316644956,0.10498741798955312
0,0.10721387656688022,0.1332426687015077,0.10015734439295629,0.1318067532326467,0.10015773530495588,0.11288720933754355,0.101262310161026,0.10270751553680836,0.1105645867656753
1,0.11894393240005188,0.11902673004801739,0.11856120712300804,0.11676365372578787,0.10625493018134145,0.11183841111936012,0.11046136745191068,0.10392791624083993,0.09422185170968274
2,0.12539251827595393,0.1036414184072881,0.11405877938446163,0.10299394849106926,0.11429156990579696,0.10870789147175439,0.11106747546504415,0.10646111103406528,0.11338528756456645
3,0.10837844664749934,0.11591667068767186,0.09800366977112994,0.12885980103632427,0.11178241777576493,0.12078937236375605,0.10732009260612481,0.11145123701662252,0.09749829209510627
4,0.12360444302395836,0.11137913540703133,0.13030778982986638,0.09030041148789791,0.10831277430403456,0.1142401190628114,0.11628264041672681,0.10635863066086809,0.09921405580680506
5,0.12478242032453496,0.11769829742934107,0.12669410507562096,0.10558428449059193,0.10520892211832626,0.11091692237369617,0.11409972099082319,0.10512837620380168,0.08988695099326395
6,0.12487116989281437,0.10464140253350578,0.0946305659127443,0.10372650484597666,0.12001157720505559,0.11148057870509237,0.1098512719002684,0.11112096233704051,0.11966596666750226
7,0.13348862608150358,0.10555991445738878,0.11798638372759858,0.1128565150961904,0.11192301956956723,0.10338764914067855,0.11232815047180351,0.11204574245719971,0.09042399899806967
8,0.12336961967519915,0.10238037493439218,0.09251427469631902,0.1065813255513547,0.11909095526533263,0.1128212542645707,0.1089230123920074,0.11372812382309581,0.12059105939772866
9,0.1197139141462468,0.11045768209339205,0.1148466305765434,0.12406056366370576,0.09453775235856753,0.10062358705236372,0.10142406657351813,0.1065744672594662,0.12776133627619674
10,0.11710166535736438,0.10907740507506489,0.10276029468753214,0.11369756001197348,0.11361641314703616,0.10463235177924984,0.10850165972723758,0.10834316119777061,0.12226948901677095
11,0.12447089029290914,0.11693350115219342,0.13475197873521136,0.10406551022173603,0.1045680014587344,0.1075303474489964,0.11843193183589673,0.09971974181329762,0.08952809704102474
12,0.10837844664749934,0.11591667068767186,0.09800366977112994,0.12885980103632427,0.11178241777576493,0.12078937236375605,0.10732009260612481,0.11145123701662252,0.09749829209510627
13,0.13127012496992393,0.1037060931564574,0.11136874123791234,0.12533825383233815,0.10994662393172702,0.10414138310316508,0.10641267484866442,0.10955102749275993,0.09826507742705173
14,0.12336961967519915,0.10238037493439218,0.09251427469631902,0.1065813255513547,0.11909095526533263,0.1128212542645707,0.1089230123920074,0.11372812382309581,0.12059105939772866
15,0.10331664862840098,0.11437258687103621,0.10982814613333766,0.12296046461225033,0.1117995499453301,0.1076754111490397,0.10885968757466032,0.1109781962299229,0.11020930885602225
16,0.11278640037991547,0.12303630120108244,0.1163949056532299,0.11283536380916996,0.10660196272668014,0.10578884740644028,0.10271775806102554,0.0994118704645199,0.12042659029793609
17,0.1033166486284009,0.11437258687103612,0.10982814613333756,0.12296046461225021,0.11179954994533,0.10767541114903965,0.10885968757466022,0.11097819622992279,0.11020930885602215
18,0.11710166535736438,0.10907740507506489,0.10276029468753214,0.11369756001197348,0.11361641314703616,0.10463235177924984,0.10850165972723758,0.10834316119777061,0.12226948901677095
19,0.1148058962345492,0.11193353649244589,0.10692518457419423,0.11089909904815859,0.10780401143806585,0.11161057761376479,0.10989685594037102,0.11309115295592141,0.11303368570252909
20,0.11680233077873259,0.10979978758057123,0.09939997267871521,0.14249715991227313,0.10686227585972943,0.0969595210445953,0.10190155604303476,0.10631946234161564,0.11945793376073265
21,0.11278640037991547,0.12303630120108244,0.1163949056532299,0.11283536380916996,0.10660196272668014,0.10578884740644028,0.10271775806102554,0.0994118704645199,0.12042659029793609
22,0.09601063028784505,0.11006839931531034,0.10051221530809776,0.1253756107472659,0.1072258767099281,0.11824885805895934,0.10605164968185624,0.11730332666529401,0.11920343322544327
23,0.1197139141462468,0.11045768209339205,0.1148466305765434,0.12406056366370576,0.09453775235856753,0.10062358705236372,0.10142406657351813,0.1065744672594662,0.12776133627619674
24,0.1033166486284009,0.11437258687103612,0.10982814613333756,0.12296046461225021,0.11179954994533,0.10767541114903965,0.10885968757466022,0.11097819622992279,0.11020930885602215
25,0.1197139141462468,0.11045768209339205,0.1148466305765434,0.12406056366370576,0.09453775235856753,0.10062358705236372,0.10142406657351813,0.1065744672594662,0.12776133627619674
26,0.1054240512936184,0.09765555215507343,0.10704151635455333,0.1346616386146017,0.1070656560849991,0.10178292515765494,0.10813400259698584,0.114072042498433,0.12416261524408058
27,0.10810067218190494,0.0917785982503271,0.09873866852116735,0.12005602390886513,0.10838535235773794,0.10318168218305244,0.11181073650366241,0.10871048695467089,0.14923777913861205
28,0.1148058962345492,0.11193353649244589,0.10692518457419423,0.11089909904815859,0.10780401143806585,0.11161057761376479,0.10989685594037102,0.11309115295592141,0.11303368570252909
29,0.11680233077873259,0.10979978758057123,0.09939997267871521,0.14249715991227313,0.10686227585972943,0.0969595210445953,0.10190155604303476,0.10631946234161564,0.11945793376073265
30,0.10347680267452673,0.0953633640228666,0.11684120773167116,0.11697389906402385,0.11501087186460872,0.10586661781895862,0.11676875879403592,0.12156806952239828,0.1081304085069103
31,0.1148058962345492,0.11193353649244589,0.10692518457419423,0.11089909904815859,0.10780401143806585,0.11161057761376479,0.10989685594037102,0.11309115295592141,0.11303368570252909
32,0.0995543151880315,0.1222782736545048,0.11041020630106771,0.12920650996368668,0.09443128053041401,0.11590312229473876,0.1011464644780654,0.11037038302567105,0.1166994445638199
33,0.12336961967519915,0.10238037493439218,0.09251427469631902,0.1065813255513547,0.11909095526533263,0.1128212542645707,0.1089230123920074,0.11372812382309581,0.12059105939772866
34,0.11815770376590046,0.10819855903339676,0.09683978300796164,0.11223411438874564,0.1150105398246651,0.10904404136455947,0.10533608291624087,0.1101123743001236,0.12506680139840656
35,0.1148058962345492,0.11193353649244589,0.10692518457419423,0.11089909904815859,0.10780401143806585,0.11161057761376479,0.10989685594037102,0.11309115295592141,0.11303368570252909
36,0.1033166486284009,0.11437258687103612,0.10982814613333756,0.12296046461225021,0.11179954994533,0.10767541114903965,0.10885968757466022,0.11097819622992279,0.11020930885602215
37,0.10331664862840098,0.11437258687103621,0.10982814613333766,0.12296046461225033,0.1117995499453301,0.1076754111490397,0.10885968757466032,0.1109781962299229,0.11020930885602225
38,0.1197139141462468,0.11045768209339205,0.1148466305765434,0.12406056366370576,0.09453775235856753,0.10062358705236372,0.10142406657351813,0.10657446725946616,0.12776133627619674
39,0.11420529791477316,0.10608909714832403,0.14573768075542684,0.09413819472748002,0.1073516028343756,0.10548561101927205,0.1298937453928297,0.10287867448411991,0.09422009572339883
40,0.1148058962345492,0.11193353649244589,0.10692518457419423,0.11089909904815859,0.10780401143806585,0.11161057761376479,0.10989685594037102,0.11309115295592141,0.11303368570252909
41,0.11420529791477316,0.10608909714832403,0.14573768075542684,0.09413819472748002,0.1073516028343756,0.10548561101927205,0.1298937453928297,0.10287867448411991,0.09422009572339883
42,0.11381827481085276,0.1273927134091622,0.10352540450884817,0.12694700314411167,0.10084987023296078,0.11483801560230367,0.10166088939662936,0.1051587393703888,0.10580908952474244
43,0.10331664862840098,0.11437258687103621,0.10982814613333766,0.12296046461225033,0.1117995499453301,0.1076754111490397,0.10885968757466032,0.1109781962299229,0.11020930885602225
44,0.10331664862840098,0.11437258687103621,0.10982814613333766,0.12296046461225033,0.1117995499453301,0.1076754111490397,0.10885968757466032,0.1109781962299229,0.11020930885602225
45,0.11150401922079735,0.12045759023097587,0.11386730034619623,0.11601772552040018,0.10585431763652954,0.10713203018254916,0.10191728042217801,0.10181174158776626,0.12143799485260749
46,0.11592934103217703,0.11943694476242492,0.11163857157616792,0.11861277400623552,0.10430971902636302,0.1070029687929239,0.11110429953128322,0.09803987801581385,0.1139255032566107
47,0.11420529791477316,0.10608909714832403,0.14573768075542684,0.09413819472748002,0.1073516028343756,0.10548561101927205,0.1298937453928297,0.10287867448411991,0.09422009572339883
48,0.12360444302395836,0.11137913540703133,0.13030778982986638,0.09030041148789791,0.10831277430403456,0.1142401190628114,0.11628264041672681,0.10635863066086809,0.09921405580680506
49,0.11815770376590046,0.10819855903339676,0.09683978300796164,0.11223411438874564,0.1150105398246651,0.10904404136455947,0.10533608291624087,0.1101123743001236,0.12506680139840656
50,0.10844857496502885,0.12251121108463675,0.10833436450850951,0.11748642760820628,0.11875290619816767,0.10311464939679643,0.11944265724473474,0.10178350079351522,0.10012570820040413
51,0.1033166486284009,0.11437258687103612,0.10982814613333756,0.12296046461225021,0.11179954994533,0.10767541114903965,0.10885968757466022,0.11097819622992279,0.11020930885602215
52,0.09346598071465799,0.11258973933792976,0.10833962677964265,0.14557696616449894,0.09757108675663013,0.10876241333062393,0.10213163363064351,0.11245885144534526,0.11910370184002772
53,0.12336961967519915,0.10238037493439218,0.09251427469631902,0.1065813255513547,0.11909095526533263,0.1128212542645707,0.1089230123920074,0.11372812382309581,0.12059105939772866
54,0.10975775416491948,0.13489182543763728,0.12300745614285143,0.11335582307264444,0.09385078581688291,0.1169907186588501,0.11336260409772521,0.10238973696141321,0.09239329564707575
55,0.1148058962345492,0.11193353649244589,0.10692518457419423,0.11089909904815859,0.10780401143806585,0.11161057761376479,0.10989685594037102,0.11309115295592141,0.11303368570252909
56,0.12360444302395836,0.11137913540703133,0.13030778982986638,0.09030041148789791,0.10831277430403456,0.1142401190628114,0.11628264041672681,0.10635863066086809,0.09921405580680506
57,0.10844857496502885,0.12251121108463675,0.10833436450850951,0.11748642760820628,0.11875290619816772,0.10311464939679643,0.11944265724473474,0.10178350079351522,0.10012570820040413
58,0.12360444302395836,0.11137913540703133,0.13030778982986638,0.09030041148789791,0.10831277430403456,0.1142401190628114,0.11628264041672681,0.10635863066086809,0.09921405580680506
59,0.11278640037991547,0.12303630120108244,0.1163949056532299,0.11283536380916996,0.10660196272668014,0.10578884740644028,0.10271775806102554,0.0994118704645199,0.12042659029793609
0,0.11701868676369215,0.10341894775893926,0.12640573750380105,0.11253962596948341,0.09975604004079908,0.10155836492235402,0.10928376707443897,0.10405275358556193,0.1259660763809303
1,0.12472615274603521,0.10782720444254672,0.1356023302930006,0.10935351771776526,0.10192062590694057,0.10306561158746658,0.1037540804402656,0.10161530947036443,0.11213516739561535
2,0.11993691085096464,0.12054339293006636,0.12243389016124842,0.13215007269757176,0.10113393354154318,0.09609211824292162,0.09811570946103235,0.11111426602069113,0.09847970609396027
3,0.10751956882156338,0.134350420155823,0.12921276366259984,0.10522739771939037,0.09748974583410491,0.11679020399411591,0.10657603859456556,0.09777441373736055,0.10505944748047644
4,0.11894946099139468,0.12250285875725576,0.12107705586541852,0.11310394391807245,0.09473968728555861,0.10277680573363812,0.10645688426519685,0.09343662217010625,0.12695668101335855
5,0.11239628594766392,0.11627030448700046,0.12420427135767526,0.10793822274597223,0.11019996534427512,0.11246233860019644,0.11514460849203724,0.0981548460721357,0.10322915695304397
6,0.10891020797074186,0.10858073702831197,0.12807921860140906,0.12244394190628087,0.09490373597982563,0.09903263403230388,0.10917364734772855,0.10806097598382634,0.12081490114957182
7,0.11239628594766392,0.11627030448700046,0.12420427135767526,0.10793822274597223,0.11019996534427512,0.11246233860019644,0.11514460849203724,0.0981548460721357,0.10322915695304397
8,0.11239628594766392,0.11627030448700046,0.12420427135767526,0.10793822274597223,0.11019996534427512,0.11246233860019644,0.11514460849203724,0.0981548460721357,0.10322915695304397
9,0.10830658669172182,0.10399565405482947,0.09348545348824827,0.12341509667996643,0.11197550702517536,0.11116991659311744,0.10928904115827354,0.11331339747946396,0.1250493468292038
10,0.10675119293055221,0.10873219457035206,0.10905892306719465,0.11081105523115521,0.10317817639501656,0.10416534634214306,0.11048827890065592,0.10390131612243668,0.14291351644049383
11,0.10038716255948882,0.11112548906042252,0.1402533912354374,0.11233083756541964,0.10108762455400777,0.10990393715347821,0.10846994938794503,0.10545703189521938,0.11098457658858109
12,0.09647142318032854,0.1288719277828036,0.12681539531782904,0.12088082148691846,0.09163528437004193,0.10574621001679968,0.1074684576180767,0.0971697074442354,0.12494077278296634
13,0.08439469862075091,0.13000512658648816,0.10851502664801146,0.10993785419372322,0.10892945818945676,0.13643047643558065,0.12373251915317621,0.11030790143409201,0.08774693873872087
14,0.11993691085096464,0.12054339293006636,0.12243389016124842,0.13215007269757176,0.10113393354154318,0.09609211824292162,0.09811570946103235,0.11111426602069113,0.09847970609396027
15,0.11943523900032421,0.13283313334599411,0.09188047725214393,0.11406363570431452,0.1187036540543088,0.11000213936134294,0.09870815340714276,0.1137038094912223,0.10066975838320603
16,0.11993691085096464,0.12054339293006636,0.12243389016124842,0.13215007269757176,0.10113393354154318,0.09609211824292162,0.09811570946103235,0.11111426602069113,0.09847970609396027
17,0.10904626468620214,0.1068032673842156,0.1318154878053817,0.11841852645300519,0.09383856959574081,0.09952882717106941,0.10669783181656835,0.10441679302622243,0.12943443206159444
18,0.11183231180190747,0.12606489548370833,0.11635852496774791,0.11430817965855893,0.09964944864604178,0.10678914192692612,0.10150488762205782,0.10647549433337405,0.11701711555967725
19,0.11060657153376406,0.11924349242295207,0.11203666152637543,0.10266914838918376,0.108102554373322,0.10282092789123286,0.10525224504993604,0.10033718829231565,0.13893121052091809
20,0.10549878922356315,0.10906001318370831,0.12505922126716507,0.11068378402495363,0.10037919864396094,0.10416679310047534,0.11180202854152176,0.10437199766020659,0.1289781743544453
21,0.08439469862075091,0.13000512658648816,0.10851502664801146,0.10993785419372322,0.10892945818945676,0.13643047643558065,0.12373251915317621,0.11030790143409201,0.08774693873872087
22,0.11936993401023861,0.1189539788664708,0.11921321990219974,0.11712480110449609,0.10200367336159473,0.1019056613511583,0.10238270060895335,0.09923129052042716,0.11981474027446092
23,0.10830658669172182,0.10399565405482947,0.09348545348824827,0.12341509667996643,0.11197550702517536,0.11116991659311744,0.10928904115827354,0.11331339747946396,0.1250493468292038
24,0.10245495433400077,0.11492447024808032,0.1377662379748337,0.11039546748392913,0.10003280900959816,0.11084580359161021,0.11189538195879842,0.09967298576251439,0.11201188963663504
25,0.11936993401023861,0.1189539788664708,0.11921321990219974,0.11712480110449609,0.10200367336159473,0.1019056613511583,0.10238270060895335,0.09923129052042716,0.11981474027446092
26,0.12145445237627528,0.11860305493704436,0.11278328849177863,0.12096467335957481,0.10414208195312566,0.10358739899284841,0.09657414763493477,0.10706681198077671,0.11482409027364145
27,0.11845853850297926,0.12486519884324597,0.12246583138381681,0.11753380941931134,0.09218155232587202,0.10124348446384537,0.10429113248114313,0.09504217280663986,0.12391827977314614
28,0.09338196444365401,0.12836496326229913,0.12753349410293233,0.1262928667619164,0.09081975063994085,0.10769871281524304,0.10557365908090818,0.09894897984767013,0.1213856090454362
29,0.11239628594766392,0.11627030448700046,0.12420427135767526,0.10793822274597223,0.11019996534427512,0.11246233860019644,0.11514460849203724,0.0981548460721357,0.10322915695304397
30,0.1175345399154179,0.12076652685088202,0.1211984058423885,0.12197225075386095,0.0971477290129047,0.10037290458954937,0.1006587649255446,0.10829112162264047,0.11205775648681152
31,0.10674990703265806,0.12789333225105573,0.11590803336940661,0.11627044450913067,0.1034450007982777,0.10993936533105023,0.10399156920064835,0.10891686904846527,0.10688547845930736
32,0.11781496956171829,0.11033377351957786,0.13651352633300956,0.11535588826881703,0.10034978114270525,0.10317364877259119,0.10929764550721024,0.10342946390707816,0.10373130298729243
33,0.12303237540435062,0.10642421270261945,0.13469018838441077,0.10637017302179692,0.09836561116045738,0.10999713320632225,0.1103382393061532,0.10055250218228393,0.1102295646316053
34,0.10933888122784766,0.11010438982427756,0.12480413834908301,0.12521008542395934,0.09800718737270697,0.100259467084883,0.10429664805998853,0.1149376502903345,0.1130415523669192
35,0.08439469862075091,0.13000512658648816,0.10851502664801146,0.10993785419372322,0.10892945818945676,0.13643047643558065,0.12373251915317621,0.11030790143409201,0.08774693873872087
36,0.11239628594766392,0.11627030448700046,0.12420427135767526,0.10793822274597223,0.11019996534427512,0.11246233860019644,0.11514460849203724,0.0981548460721357,0.10322915695304397
37,0.10675119293055221,0.10873219457035206,0.10905892306719465,0.11081105523115521,0.10317817639501656,0.10416534634214306,0.11048827890065592,0.10390131612243668,0.14291351644049383
38,0.11239628594766392,0.11627030448700046,0.12420427135767526,0.10793822274597223,0.11019996534427512,0.11246233860019644,0.11514460849203724,0.0981548460721357,0.10322915695304397
39,0.10904626468620214,0.1068032673842156,0.1318154878053817,0.11841852645300519,0.09383856959574081,0.09952882717106941,0.10669783181656835,0.10441679302622243,0.12943443206159444
40,0.10549878922356315,0.10906001318370831,0.12505922126716507,0.11068378402495363,0.10037919864396094,0.10416679310047534,0.11180202854152176,0.10437199766020659,0.1289781743544453
41,0.1177130959736313,0.09059556192807111,0.09874838739636806,0.12338162666055248,0.12014917403363169,0.10488602383476052,0.10678940772047918,0.11383490834219295,0.12390181411031255
42,0.103970450377926,0.13498862216198892,0.10128397737694769,0.13557414596274223,0.10593324572159568,0.11583252624957287,0.09537220590919468,0.1124693082347992,0.09457551800523267
43,0.10900874888214838,0.12298309348159779,0.12310696819192735,0.1104501208793364,0.10123106966160925,0.1113099888319991,0.11200934151086857,0.10181110635663077,0.10808956220388244
44,0.11239628594766392,0.11627030448700046,0.12420427135767526,0.10793822274597223,0.11019996534427512,0.11246233860019644,0.11514460849203724,0.0981548460721357,0.10322915695304397
45,0.10675119293055221,0.10873219457035206,0.10905892306719465,0.11081105523115521,0.10317817639501656,0.10416534634214306,0.11048827890065592,0.10390131612243668,0.14291351644049383
46,0.10891020797074186,0.10858073702831197,0.12807921860140906,0.12244394190628087,0.09490373597982563,0.09903263403230388,0.10917364734772855,0.10806097598382634,0.12081490114957182
47,0.10160232586784772,0.11348709007369401,0.09848455098731325,0.1084333637698266,0.12334509096978141,0.12027644151812467,0.10830026159702541,0.11725822745294893,0.1088126477634383
48,0.11993691085096464,0.12054339293006636,0.12243389016124842,0.13215007269757176,0.10113393354154318,0.09609211824292162,0.09811570946103235,0.11111426602069113,0.09847970609396027
49,0.10900874888214838,0.12298309348159779,0.12310696819192735,0.1104501208793364,0.10123106966160925,0.1113099888319991,0.11200934151086857,0.10181110635663077,0.10808956220388244
50,0.10900874888214838,0.12298309348159779,0.12310696819192735,0.1104501208793364,0.10123106966160925,0.1113099888319991,0.11200934151086857,0.10181110635663077,0.10808956220388244
51,0.12472615274603521,0.10782720444254672,0.1356023302930006,0.10935351771776526,0.10192062590694057,0.10306561158746658,0.1037540804402656,0.10161530947036443,0.11213516739561535
52,0.11239628594766392,0.11627030448700046,0.12420427135767526,0.10793822274597223,0.11019996534427512,0.11246233860019644,0.11514460849203724,0.0981548460721357,0.10322915695304397
53,0.10751956882156338,0.134350420155823,0.12921276366259984,0.10522739771939037,0.09748974583410491,0.11679020399411591,0.10657603859456556,0.09777441373736055,0.10505944748047644
54,0.12472615274603521,0.10782720444254672,0.1356023302930006,0.10935351771776526,0.10192062590694057,0.10306561158746658,0.1037540804402656,0.10161530947036443,0.11213516739561535
55,0.08439469862075091,0.13000512658648816,0.10851502664801146,0.10993785419372322,0.10892945818945676,0.13643047643558065,0.12373251915317621,0.11030790143409201,0.08774693873872087
56,0.1177130959736313,0.09059556192807111,0.09874838739636806,0.12338162666055248,0.12014917403363169,0.10488602383476052,0.10678940772047918,0.11383490834219295,0.12390181411031255
57,0.10900874888214838,0.12298309348159779,0.12310696819192735,0.1104501208793364,0.10123106966160925,0.1113099888319991,0.11200934151086857,0.10181110635663077,0.10808956220388244
58,0.10904626468620214,0.1068032673842156,0.1318154878053817,0.11841852645300519,0.09383856959574081,0.09952882717106941,0.10669783181656835,0.10441679302622243,0.12943443206159444
0,0.10073228633277735,0.13086894693416384,0.13728192423616456,0.10280069002361474,0.09997983395414221,0.11867148396532946,0.11706477962968875,0.09570165669749532,0.09689839822662374
1,0.10200731124296453,0.10586203871258425,0.11583038277448669,0.1149043785094111,0.11316480945396015,0.11084213461138322,0.10766372918003078,0.10883021848354305,0.12089499703163592
2,0.13171293050977545,0.1259640971136637,0.12659852812403083,0.09848224187648377,0.10124736601347009,0.09517966761776525,0.10305459017424738,0.09844297918116274,0.11931759938940109
3,0.13171293050977545,0.1259640971136637,0.12659852812403083,0.09848224187648377,0.10124736601347009,0.09517966761776525,0.10305459017424738,0.09844297918116274,0.11931759938940109
4,0.11615980720595324,0.12168898248297434,0.11798965303282237,0.12214501434299552,0.10361865363325208,0.0969681662002352,0.0990152276411255,0.11034342092980783,0.11207107453083393
5,0.11405587666394261,0.11291984963311968,0.11341536868566032,0.11435832819901535,0.11182270296212002,0.10393695794024889,0.10776557091679179,0.10622834328899398,0.11549700171010717
6,0.12451830227067065,0.12135274804532176,0.12481680091709009,0.1086792277683779,0.10589326228742067,0.10444457065935882,0.10529109167022625,0.10538731515654294,0.09961668122499094
7,0.11405587666394261,0.11291984963311968,0.11341536868566032,0.11435832819901535,0.11182270296212002,0.10393695794024889,0.10776557091679179,0.10622834328899398,0.11549700171010717
8,0.12520818073234646,0.1327440979615595,0.12276867934289398,0.10335124135618512,0.09798533574276684,0.10097991150808967,0.10137380698769982,0.09365425730284413,0.1219344890656141
9,0.09502327881439206,0.1195295512289696,0.1172518506337954,0.11749773122332303,0.10817510376371042,0.11334518319912068,0.11300298935456159,0.10774482252028819,0.10842948926183935
10,0.13453616568348872,0.10976618918859972,0.10024928049616146,0.09964745000291378,0.1200706476092278,0.11072232820230479,0.1047431007540939,0.11239781164237811,0.10786702642083212
11,0.09800007478311752,0.10352968443165245,0.10347983802370435,0.10350995755726905,0.12332895860693709,0.12306608275316075,0.12438930129331119,0.12247400784565836,0.0982220947051893
12,0.1136759698513919,0.1316692054904379,0.13815273124928354,0.10557537089179139,0.0979081518617725,0.10998305776049665,0.1068077241713615,0.09065011432040726,0.10557767440305724
13,0.12451830227067065,0.12135274804532176,0.12481680091709009,0.1086792277683779,0.10589326228742067,0.10444457065935882,0.10529109167022625,0.10538731515654294,0.09961668122499094
14,0.10200731124296453,0.10586203871258425,0.11583038277448669,0.1149043785094111,0.11316480945396015,0.11084213461138322,0.10766372918003078,0.10883021848354305,0.12089499703163592
15,0.1175743627680205,0.1269190697270939,0.12939403150608117,0.1151927166240815,0.09702922615039843,0.10137460351201467,0.100144433280683,0.10038808199859181,0.11198347443303502
16,0.11854477116542197,0.10367253996810705,0.11594553243844873,0.10904830524289194,0.11102139493128843,0.10530748250203766,0.11059851696744066,0.10468796314726166,0.12117349363710231
17,0.11405587666394261,0.11291984963311968,0.11341536868566032,0.11435832819901535,0.11182270296212002,0.10393695794024889,0.10776557091679179,0.10622834328899398,0.11549700171010717
18,0.14778176822596145,0.07651820346010109,0.09959019082893296,0.11503745036278597,0.12243319756020798,0.0946502693738249,0.0994529328465131,0.10835359094004907,0.1361823964016236
19,0.12520818073234646,0.1327440979615595,0.12276867934289398,0.10335124135618512,0.09798533574276684,0.10097991150808967,0.10137380698769982,0.09365425730284413,0.1219344890656141
20,0.12562211077897067,0.11685193597772481,0.12409801698886648,0.09980416949165734,0.10425143675091471,0.1037041764194698,0.1030607342005798,0.09648538332038843,0.12612203607142805
21,0.11603316339165198,0.11948244769300716,0.1144139727508825,0.10879372714351189,0.10892458811235767,0.10974123916860391,0.11219210010138297,0.10709610844217514,0.10332265319642665
22,0.11440477619405026,0.12227560260919608,0.126678581048947,0.13043892563884674,0.09928604129395627,0.10475339509022429,0.10487250778734485,0.10129556002789704,0.09599461030953758
23,0.09800007478311752,0.10352968443165245,0.10347983802370435,0.10350995755726905,0.12332895860693709,0.12306608275316075,0.12438930129331119,0.12247400784565836,0.0982220947051893
24,0.11053541213313267,0.10871796409942668,0.11403333946669839,0.10490247999551323,0.1146167041398734,0.11293347434702647,0.1154600471564574,0.10965173731316834,0.10914884134870335
25,0.12451830227067065,0.12135274804532176,0.12481680091709009,0.1086792277683779,0.10589326228742067,0.10444457065935882,0.10529109167022625,0.10538731515654294,0.09961668122499094
26,0.11179308297071143,0.13219105756155566,0.11486661928505336,0.1076804986391884,0.10422849805963481,0.10897808643998941,0.10475171593335598,0.10194017034302608,0.11357027076748503
27,0.14778176822596145,0.07651820346010109,0.09959019082893296,0.11503745036278597,0.12243319756020798,0.09465026937382486,0.0994529328465131,0.10835359094004907,0.1361823964016236
28,0.09502327881439206,0.1195295512289696,0.1172518506337954,0.11749773122332303,0.10817510376371042,0.11334518319912068,0.11300298935456159,0.10774482252028819,0.10842948926183935
29,0.11405587666394261,0.11291984963311968,0.11341536868566032,0.11435832819901535,0.11182270296212002,0.10393695794024889,0.10776557091679179,0.10622834328899398,0.11549700171010717
30,0.11405587666394261,0.11291984963311968,0.11341536868566032,0.11435832819901535,0.11182270296212002,0.10393695794024889,0.10776557091679179,0.10622834328899398,0.11549700171010717
31,0.14778176822596145,0.07651820346010109,0.09959019082893296,0.11503745036278597,0.12243319756020798,0.09465026937382486,0.0994529328465131,0.10835359094004907,0.1361823964016236
32,0.11854477116542197,0.10367253996810705,0.11594553243844873,0.10904830524289194,0.11102139493128843,0.10530748250203766,0.11059851696744066,0.10468796314726166,0.12117349363710231
33,0.11804818572764354,0.1250917678713338,0.12108247178008515,0.1088565819896719,0.11053382909289826,0.10635776905064248,0.10819380444289235,0.10626416475643256,0.09557142528839985
34,0.12451830227067065,0.12135274804532176,0.12481680091709009,0.1086792277683779,0.10589326228742067,0.10444457065935882,0.10529109167022625,0.10538731515654294,0.09961668122499094
35,0.10200731124296453,0.10586203871258425,0.11583038277448669,0.1149043785094111,0.11316480945396015,0.11084213461138322,0.10766372918003078,0.10883021848354305,0.12089499703163592
36,0.12451830227067065,0.12135274804532176,0.12481680091709009,0.1086792277683779,0.10589326228742067,0.10444457065935882,0.10529109167022625,0.10538731515654294,0.09961668122499094
