,Estim(XGBClassifier)_Imputer(IterativeImputer(<class 'sklearn.linear_model._bayes.BayesianRidge'>)),Estim(XGBClassifier)_Imputer(IterativeImputer(<class 'xgboost.sklearn.XGBRegressor'>)),Estim(XGBClassifier)_Imputer(IterativeImputer(<class 'sklearn.ensemble._forest.RandomForestRegressor'>)),Estim(XGBClassifier)_Imputer(KNNImputer),Estim(RandomForestClassifier)_Imputer(IterativeImputer(<class 'sklearn.linear_model._bayes.BayesianRidge'>)),Estim(RandomForestClassifier)_Imputer(IterativeImputer(<class 'xgboost.sklearn.XGBRegressor'>)),Estim(RandomForestClassifier)_Imputer(IterativeImputer(<class 'sklearn.ensemble._forest.RandomForestRegressor'>)),Estim(RandomForestClassifier)_Imputer(KNNImputer),Estim(<class 'new_base.ClassifierWithImputation'>)_Imputer(Identity)
0,0.11639421408813597,0.13101661323663835,0.11166399955261808,0.09106346795881977,0.11240444857405474,0.1134368646768441,0.10482669876401457,0.10749710922563266,0.11169658392324186
1,0.09140378713665415,0.10030082313585757,0.11404833412088916,0.10485145767272727,0.10894593018100292,0.11871745294273105,0.11972600402355164,0.11812523217771247,0.12388097860887345
2,0.12052719633050321,0.11343998695804611,0.13094764525115,0.0929596966781301,0.10677817525487096,0.10731119987549363,0.1136690041629827,0.10569763329939885,0.10866946218942442
3,0.12364361818483664,0.13235220779570298,0.09819196396940359,0.10194448860713516,0.11087273327675927,0.12105915256336183,0.09020267454590505,0.10598476297152545,0.1157483980853704
4,0.10273691979877905,0.10721260114624097,0.09875699411547492,0.12266750891438878,0.11635866212678324,0.11026889292255795,0.10191812986751166,0.12671998198995552,0.11336030911830779
5,0.12113180197863406,0.10219231412661167,0.10526924906067488,0.11053746197283056,0.11721230215067906,0.09714744708639321,0.10300174168094448,0.10571677905792941,0.1377909028853029
6,0.09474999465147035,0.13395336464635849,0.11444802637465129,0.1014377738253686,0.10638046891355381,0.1188052955145655,0.1132906634281187,0.11600273004559197,0.10093168260032113
7,0.11911487554090695,0.10964704807770315,0.11670325875195281,0.12309098954835267,0.09976011515461283,0.09733614493292903,0.10461638558932311,0.10413091779212949,0.1256002646120899
8,0.12113180197863406,0.10219231412661167,0.10526924906067488,0.11053746197283056,0.11721230215067906,0.09714744708639321,0.10300174168094448,0.10571677905792941,0.1377909028853029
9,0.12113180197863406,0.10219231412661167,0.10526924906067488,0.11053746197283056,0.11721230215067906,0.09714744708639321,0.10300174168094448,0.10571677905792941,0.1377909028853029
10,0.11511848297085585,0.11238853108604943,0.12160135648162745,0.12358825621610933,0.09593479335995136,0.10043486172148187,0.10081280574118387,0.10161126605127715,0.1285096463714639
11,0.11639421408813597,0.13101661323663835,0.11166399955261808,0.09106346795881977,0.11240444857405474,0.1134368646768441,0.10482669876401457,0.10749710922563266,0.11169658392324186
12,0.12123298973669501,0.1194134455628887,0.11693482638598014,0.11836946007078322,0.09963135032520239,0.10277126707984661,0.10266176823065451,0.09719631169084758,0.12178858091710176
13,0.11639421408813597,0.13101661323663835,0.11166399955261808,0.09106346795881977,0.11240444857405474,0.1134368646768441,0.10482669876401457,0.10749710922563266,0.11169658392324186
14,0.11334588780406779,0.12342609855638545,0.11555279804966163,0.1059755459734528,0.10346117915890034,0.11375610509363981,0.1162669272609436,0.10775548532484967,0.1004599727780992
15,0.13369988319310822,0.10147418557228201,0.09786283245551422,0.1010759865494518,0.1194427163598078,0.10380224262473568,0.10681124780288752,0.11117424141714612,0.12465666402506685
16,0.09452915113737256,0.10590267785259341,0.12562165105162054,0.11493505281571464,0.1078304111415317,0.11875266390616815,0.11483902721955992,0.11112844094900438,0.1064609239264349
17,0.11600125778949806,0.11678887386139764,0.11610819128425469,0.08783539964206134,0.11247793386657846,0.11716210828557695,0.11806100520568458,0.1068281284964513,0.10873710156849707
18,0.09452915113737256,0.10590267785259341,0.12562165105162054,0.11493505281571464,0.1078304111415317,0.11875266390616815,0.11483902721955992,0.11112844094900438,0.1064609239264349
19,0.12113180197863406,0.10219231412661167,0.10526924906067488,0.11053746197283056,0.11721230215067906,0.09714744708639321,0.10300174168094448,0.10571677905792941,0.1377909028853029
20,0.11570953784209496,0.09754399536482397,0.12880264284810064,0.12796452557894394,0.09643262645087891,0.09413478078426961,0.10647446615477844,0.10647822274433771,0.1264592022317719
21,0.12189541724755414,0.12247364803804192,0.1185409274462537,0.09893155413683266,0.10087551919389154,0.10462863819945446,0.1092729449501425,0.10229786106164715,0.12108348972618194
22,0.12113180197863406,0.10219231412661167,0.10526924906067488,0.11053746197283056,0.11721230215067906,0.09714744708639321,0.10300174168094448,0.10571677905792941,0.1377909028853029
23,0.11059745062288202,0.09342433046124367,0.1267126432376085,0.11411033443758106,0.10799562937067439,0.10587352138699717,0.11554201508201319,0.11168130956370952,0.11406276583729047
24,0.11570953784209496,0.09754399536482397,0.12880264284810064,0.12796452557894394,0.09643262645087891,0.09413478078426961,0.10647446615477844,0.10647822274433771,0.1264592022317719
25,0.12113180197863406,0.10219231412661167,0.10526924906067488,0.11053746197283056,0.11721230215067906,0.09714744708639321,0.10300174168094448,0.10571677905792941,0.1377909028853029
26,0.10273691979877905,0.10721260114624097,0.09875699411547492,0.12266750891438878,0.11635866212678324,0.11026889292255795,0.10191812986751166,0.12671998198995552,0.11336030911830779
27,0.07492130880657541,0.14861439955599995,0.12870855187344651,0.08805495277757941,0.10709512694880871,0.124516545296013,0.12011086820690478,0.10695996688890345,0.10101827964576872
28,0.09572687678994234,0.09647054257019379,0.11175594730578677,0.1163530936719353,0.10730474223097987,0.11608388842907168,0.11221846498443848,0.11369611054189556,0.13039033347575651
29,0.10273691979877905,0.10721260114624097,0.09875699411547492,0.12266750891438878,0.11635866212678324,0.11026889292255795,0.10191812986751166,0.12671998198995552,0.11336030911830779
30,0.12573042540493926,0.11785929248180733,0.11819152320743816,0.10893269358156558,0.10350787777451048,0.10689756616439208,0.11084284751245517,0.10024559442866472,0.10779217944422718
31,0.07492130880657541,0.14861439955599995,0.12870855187344651,0.08805495277757941,0.10709512694880871,0.124516545296013,0.12011086820690478,0.10695996688890345,0.10101827964576872
32,0.10273691979877905,0.10721260114624097,0.09875699411547492,0.12266750891438878,0.11635866212678324,0.11026889292255795,0.10191812986751166,0.12671998198995552,0.11336030911830779
33,0.11511848297085585,0.11238853108604943,0.12160135648162745,0.12358825621610933,0.09593479335995136,0.10043486172148187,0.10081280574118387,0.10161126605127715,0.1285096463714639
34,0.10419281163977813,0.12442333181772372,0.1390542172853848,0.10543147249905217,0.10524660418096667,0.10681188642971717,0.11841928069945501,0.10641058001445984,0.09000981543346252
35,0.08080682069758266,0.13138826599946968,0.14572258735600696,0.09748698305317317,0.10167084219756016,0.1118648279852057,0.12449724234997359,0.1061028610531316,0.10045956930789614
36,0.10083925978839677,0.0983312595505076,0.11045782339896494,0.11618165404347586,0.11520195599166137,0.10949635687958545,0.11365352693516602,0.12109073871453756,0.1147474246977046
37,0.12573042540493926,0.11785929248180733,0.11819152320743816,0.10893269358156558,0.10350787777451048,0.10689756616439208,0.11084284751245517,0.10024559442866472,0.10779217944422718
38,0.10910547315894714,0.09476173168330572,0.09772383273887787,0.13510146840781326,0.1141396590682245,0.10198777590603841,0.11110666803085657,0.12371208088356977,0.11236131012236701
39,0.11334588780406779,0.12342609855638545,0.11555279804966163,0.1059755459734528,0.10346117915890034,0.11375610509363981,0.1162669272609436,0.10775548532484967,0.1004599727780992
40,0.11059745062288202,0.09342433046124367,0.1267126432376085,0.11411033443758106,0.10799562937067439,0.10587352138699717,0.11554201508201319,0.11168130956370952,0.11406276583729047
41,0.12347931082140624,0.11448085206530378,0.11360792643402379,0.12308503177457529,0.10617330090479422,0.10548774302595265,0.10922762074278733,0.0997087520174904,0.10474946221366642
42,0.12364361818483664,0.13235220779570298,0.09819196396940359,0.10194448860713516,0.11087273327675927,0.12105915256336183,0.09020267454590505,0.10598476297152545,0.1157483980853704
43,0.11570953784209496,0.09754399536482397,0.12880264284810064,0.12796452557894394,0.09643262645087891,0.09413478078426961,0.10647446615477844,0.10647822274433771,0.1264592022317719
44,0.09715105928763225,0.12826959887474856,0.13584053395015058,0.09858765533616543,0.10428674451969946,0.11399617780583124,0.10910259136373054,0.10079840403161548,0.1119672348304265
45,0.11059745062288202,0.09342433046124367,0.1267126432376085,0.11411033443758106,0.10799562937067439,0.10587352138699717,0.11554201508201319,0.11168130956370952,0.11406276583729047
46,0.10910547315894714,0.09476173168330572,0.09772383273887787,0.13510146840781326,0.1141396590682245,0.10198777590603841,0.11110666803085657,0.12371208088356977,0.11236131012236701
47,0.11334588780406779,0.12342609855638545,0.11555279804966163,0.1059755459734528,0.10346117915890034,0.11375610509363981,0.1162669272609436,0.10775548532484967,0.1004599727780992
48,0.11181122180425278,0.10082643998354375,0.11466438102152099,0.12139563321059008,0.1019876114809613,0.10318838918400383,0.11103208184270114,0.10804874849957946,0.12704549297284662
49,0.12113180197863406,0.10219231412661167,0.10526924906067488,0.11053746197283056,0.11721230215067906,0.09714744708639321,0.10300174168094448,0.10571677905792941,0.1377909028853029
50,0.11639421408813597,0.13101661323663835,0.11166399955261808,0.09106346795881977,0.11240444857405474,0.1134368646768441,0.10482669876401457,0.10749710922563266,0.11169658392324186
51,0.1134411400326062,0.11098201831925311,0.11837746928092438,0.12139434358986029,0.09952045241310904,0.09916831369147801,0.10307503305155885,0.1063218879581092,0.1277193416631008
52,0.11274570595839682,0.12359514809024863,0.11622858614848751,0.11966973021044422,0.09792432915230458,0.10458749508970758,0.10039120915001175,0.09878955553265324,0.12606824066774566
53,0.1048475644681119,0.1282365373087005,0.12218332395550631,0.104633448832553,0.10304205573668532,0.11387848023434761,0.11336789167799954,0.1020429186137598,0.10776777917233606
54,0.11181122180425278,0.10082643998354375,0.11466438102152099,0.12139563321059008,0.1019876114809613,0.10318838918400383,0.11103208184270114,0.10804874849957946,0.12704549297284662
55,0.10273691979877905,0.10721260114624097,0.09875699411547492,0.12266750891438878,0.11635866212678324,0.11026889292255795,0.10191812986751166,0.12671998198995552,0.11336030911830779
56,0.12052719633050321,0.11343998695804611,0.13094764525115,0.0929596966781301,0.10677817525487096,0.10731119987549363,0.1136690041629827,0.10569763329939885,0.10866946218942442
57,0.12088596921355212,0.12351021796694149,0.12379348801776532,0.10569620069643314,0.09936740876763069,0.10555351322265782,0.10815403147150544,0.09748714982002951,0.11555202082348466
58,0.10992474811355253,0.11471755553124482,0.1115630626884965,0.1032653885358079,0.1103092074080252,0.11374693326951166,0.1137567208868097,0.11147503075414328,0.11124135281240856
59,0.12052719633050321,0.11343998695804611,0.13094764525115,0.0929596966781301,0.10677817525487096,0.10731119987549367,0.1136690041629827,0.10569763329939885,0.10866946218942442
0,0.13501939931645168,0.11270899200841941,0.10939212151451917,0.10425537697888776,0.1193279456688687,0.09971545474571887,0.10128463605181773,0.10910522575692251,0.10919084795839437
1,0.0892777024272353,0.11846302151119767,0.1164162091094804,0.13044317572015357,0.10298597413339036,0.12154170226246847,0.11633239453956895,0.11915854233750416,0.08538127795900097
2,0.10309095692498389,0.10981359960860108,0.10573869433084987,0.10630826364735513,0.11435973561559871,0.11235862283909784,0.11786908727783688,0.11604483268894661,0.11441620706673
3,0.0961211325064394,0.10493198152654662,0.1288926646685684,0.12282857152729892,0.10610004952055366,0.11201297267702104,0.1169926785091364,0.121846558026426,0.09027339103800991
4,0.11123156469961176,0.12832980689215576,0.1028907583551004,0.1232945430539238,0.10669436767622059,0.10875837026351047,0.1047748134296925,0.1040515027641065,0.1099742728656781
5,0.12341891972760817,0.12961511176261123,0.11817935192382892,0.08135116033924114,0.10843190689381024,0.10694625695596213,0.10747497140695547,0.09236289783670287,0.13221942315327992
6,0.10212709128881035,0.12188944587696314,0.11991435220674798,0.1216326363732168,0.10015692759574653,0.11280991426557763,0.10112251547428508,0.10334251082760551,0.11700460609104725
7,0.11123156469961176,0.12832980689215576,0.1028907583551004,0.1232945430539238,0.10669436767622059,0.10875837026351047,0.1047748134296925,0.1040515027641065,0.1099742728656781
8,0.11012185032439044,0.12481142947314439,0.1038107344524963,0.12373371344283776,0.10947047757147689,0.10983061014248789,0.10628409212952535,0.10671665816418476,0.10522043429945584
9,0.10441420392380812,0.12163393649566616,0.11781373144369159,0.11515477675962953,0.10316241092350749,0.11564245520155009,0.10116357965061014,0.1070451522203792,0.11396975338115765
10,0.087353204105036,0.13054831515201862,0.12288170415745782,0.12040299725261697,0.09714604719668517,0.11437365074728714,0.10626087438120946,0.11056542854353538,0.1104677784641535
11,0.10750587465106574,0.12129273144256329,0.10574889224803567,0.12889817854168786,0.10191730401526872,0.10674553202026486,0.10420034731317976,0.11227257237814996,0.11141856738978427
12,0.12146626537749301,0.11458667743902533,0.12193049334868873,0.12245562242392245,0.10185125369455186,0.0962670334303291,0.10093373341218019,0.09677924483223324,0.12372967604157617
13,0.12108413601026485,0.11935890148928076,0.10740750463661848,0.1077840753161669,0.10602857902386816,0.10936689519738223,0.1056207270995824,0.1001920533063052,0.123157127920531
14,0.11721897631197609,0.10839775644408292,0.1280423753548036,0.10890850023264531,0.10212419153833906,0.10590182366791205,0.11056924470940634,0.10671387072771141,0.11212326101312303
15,0.1115591229292056,0.09069477510836894,0.11073253900969598,0.10579902318320887,0.11934122676814903,0.10777619027687763,0.11195237821726843,0.12671591238453087,0.1154288321226946
16,0.13364614581064616,0.11263537465043261,0.11294193962240998,0.09406171855361001,0.12170206900110742,0.10783972514613573,0.10376429033869645,0.10994365001527727,0.10346508686168437
17,0.13501939931645168,0.11270899200841941,0.10939212151451917,0.10425537697888776,0.1193279456688687,0.09971545474571887,0.10128463605181773,0.10910522575692251,0.10919084795839437
18,0.12376617375832653,0.1275312348760407,0.12385269700164733,0.08528040752632421,0.10662563217688381,0.10636599790377323,0.11143745352982351,0.08766336895480514,0.1274770342723754
19,0.11334363818143149,0.11275236126298942,0.11712477450360922,0.11367463045125228,0.10430516221056652,0.10924950102670085,0.11356322916197044,0.10692627185878979,0.10906043134268996
20,0.12251057962192974,0.11468405449536734,0.10181030748618719,0.11583660864277738,0.11721404275997421,0.1094244386627194,0.11219473708872404,0.10786043075321507,0.09846480048910547
21,0.12975347072607438,0.10472547965688038,0.1283614184886549,0.0883223149677701,0.1165260597238809,0.11085548713255662,0.12301527213156717,0.10274995613041545,0.09569054104220011
22,0.087353204105036,0.13054831515201862,0.12288170415745782,0.12040299725261697,0.09714604719668517,0.11437365074728714,0.10626087438120946,0.11056542854353538,0.1104677784641535
23,0.11439458133657797,0.11924847542997756,0.12382250967240228,0.11979521141997558,0.10060142334449257,0.10298750388061367,0.10865969833369528,0.10543523898404678,0.10505535759821832
24,0.1038682925442166,0.12339035652712808,0.11889885316141245,0.12406914201233739,0.10215153030563619,0.10790353640231772,0.09747242177589215,0.10367464095493402,0.11857122631612554
25,0.1115178441203743,0.09556308966572505,0.10898645141576861,0.0934843817777091,0.12057389751461424,0.11700107038148723,0.11234390431583054,0.12105507958470928,0.11947428122378152
26,0.07941580720528672,0.1270885562817251,0.11088609621619121,0.112549991080339,0.10646262421881422,0.11757571329096743,0.11024026933598566,0.1199403822105829,0.11584056016010813
27,0.109807504854341,0.1273255407876549,0.11859137422753847,0.11490414681071327,0.10084225164736738,0.11426205025425225,0.10777663973179015,0.10645668745540854,0.10003380423093415
28,0.11983235270407185,0.10807198679198905,0.1222699971357788,0.10724849500527878,0.10797960330715678,0.10065586013314516,0.10574111508908124,0.10288581874552713,0.12531477108797115
29,0.12585742343586773,0.127699970008613,0.1171188882198145,0.08350562092921118,0.1100021730685712,0.10433048382258181,0.1021580609230764,0.10144303099341627,0.12788434859884784
30,0.12251057962192974,0.11468405449536734,0.10181030748618719,0.11583660864277738,0.11721404275997421,0.1094244386627194,0.11219473708872404,0.10786043075321507,0.09846480048910547
31,0.12644323291062173,0.11837532358076366,0.10838051538594967,0.1262783998730874,0.10267304678437182,0.1028932700832883,0.09110594668457418,0.10946140575279822,0.11438885894454516
32,0.12585742343586773,0.127699970008613,0.1171188882198145,0.08350562092921118,0.1100021730685712,0.10433048382258181,0.1021580609230764,0.10144303099341627,0.12788434859884784
33,0.11215982390353166,0.12441079009874177,0.10515780136842741,0.12243588562754833,0.10771471956351333,0.11355583270943787,0.10217695213448282,0.10827231968469028,0.1041158749096265
34,0.10212709128881035,0.12188944587696314,0.11991435220674798,0.1216326363732168,0.10015692759574653,0.11280991426557763,0.10112251547428508,0.10334251082760551,0.11700460609104725
35,0.0981734863366342,0.11806054357386349,0.09668488354273279,0.12849053152747394,0.1091309987815026,0.11267887113497442,0.10837136285109333,0.12594913500169816,0.1024601872500265
36,0.11636000672758531,0.12060988562396988,0.1107495905638581,0.1151687919687462,0.10551968734158942,0.11450129671007345,0.10682854559054769,0.10420407286599065,0.10605812260763967
37,0.11561460240731194,0.1218331631563668,0.1260877682782127,0.12143094386638369,0.09779596633091447,0.10367171346641929,0.10519124385538384,0.09974575387321923,0.108628844765788
38,0.12251057962192974,0.11468405449536734,0.10181030748618719,0.11583660864277738,0.11721404275997421,0.1094244386627194,0.11219473708872404,0.10786043075321507,0.09846480048910547
39,0.12585742343586773,0.127699970008613,0.1171188882198145,0.08350562092921118,0.1100021730685712,0.10433048382258181,0.1021580609230764,0.10144303099341627,0.12788434859884784
40,0.11727892161304515,0.11916603620971766,0.11867863431364865,0.11775805753966849,0.10634569233372607,0.10033668392488738,0.10239334504919351,0.09996833801045646,0.11807429100565633
41,0.12251057962192974,0.11468405449536734,0.10181030748618719,0.11583660864277738,0.11721404275997421,0.1094244386627194,0.11219473708872404,0.10786043075321507,0.09846480048910547
42,0.12251057962192974,0.11468405449536734,0.10181030748618719,0.11583660864277738,0.11721404275997421,0.1094244386627194,0.11219473708872404,0.10786043075321507,0.09846480048910547
43,0.11123156469961176,0.12832980689215576,0.1028907583551004,0.1232945430539238,0.10669436767622059,0.10875837026351047,0.1047748134296925,0.1040515027641065,0.1099742728656781
44,0.12076073541938465,0.11583876473209079,0.12072592179332188,0.12052756408944007,0.1018654862863747,0.0985417193029086,0.10140044129272648,0.09816792288191423,0.1221714442018389
45,0.12585742343586773,0.127699970008613,0.1171188882198145,0.08350562092921118,0.1100021730685712,0.10433048382258181,0.1021580609230764,0.10144303099341627,0.12788434859884784
46,0.12146626537749301,0.11458667743902533,0.12193049334868873,0.12245562242392245,0.10185125369455186,0.0962670334303291,0.10093373341218019,0.09677924483223324,0.12372967604157617
47,0.13492179183622977,0.11194016194968597,0.11972628023872715,0.10093767910041576,0.11576856326349007,0.10211357758226242,0.11070057154554105,0.09216079409217391,0.11173058039147417
48,0.11439458133657797,0.11924847542997756,0.12382250967240228,0.11979521141997558,0.10060142334449257,0.10298750388061367,0.10865969833369528,0.10543523898404678,0.10505535759821832
49,0.12626503824588478,0.12570014406819036,0.12279335320097436,0.08757603503439063,0.10821559265061824,0.10380840184305948,0.10596941479340145,0.0963223073707425,0.12334971279273826
50,0.12146626537749301,0.11458667743902533,0.12193049334868873,0.12245562242392245,0.10185125369455186,0.0962670334303291,0.10093373341218019,0.09677924483223324,0.12372967604157617
51,0.11983235270407185,0.10807198679198905,0.1222699971357788,0.10724849500527878,0.10797960330715678,0.10065586013314516,0.10574111508908124,0.10288581874552713,0.12531477108797115
52,0.11461552101938079,0.11250064883261403,0.12620690222512357,0.09266264905597227,0.11270993016432237,0.12233488874502328,0.12033801604593632,0.10386452713172575,0.09476691677990148
53,0.11439458133657797,0.11924847542997756,0.12382250967240228,0.11979521141997558,0.10060142334449257,0.10298750388061367,0.10865969833369528,0.10543523898404678,0.10505535759821832
54,0.1373526898801347,0.11009790634752693,0.11844938211920962,0.1034339822204264,0.11724458282826655,0.09944594915768384,0.10504445658480785,0.1010482618980804,0.10788278896386364
55,0.09469561109801826,0.12022000694116632,0.10426996878524755,0.09968535278676345,0.11263293502427056,0.11832123252888126,0.11736832389113097,0.1179204108113477,0.11488615813317414
56,0.12811509483071246,0.11082464709248914,0.12991615891314426,0.08781261736143309,0.10948770380224,0.12228937719699184,0.1271621698413662,0.09442502765612679,0.08996720330549597
57,0.12341891972760817,0.12961511176261123,0.11817935192382892,0.08135116033924114,0.10843190689381024,0.10694625695596213,0.10747497140695547,0.09236289783670287,0.13221942315327992
58,0.12341891972760817,0.12961511176261123,0.11817935192382892,0.08135116033924114,0.10843190689381024,0.10694625695596213,0.10747497140695547,0.09236289783670287,0.13221942315327992
59,0.1002011157327851,0.12074936053261368,0.10011674062343824,0.13077696514852769,0.10845725626355214,0.1086962907296415,0.10731264485565677,0.11926822782239056,0.10442139829139441
0,0.11811231858801247,0.111772948412595,0.11030838530317152,0.11090819481263674,0.10241565408252383,0.10668459739461014,0.10967309804357026,0.10518069389739419,0.12494410946548623
1,0.11060417387314231,0.11594921031225044,0.10680406815255497,0.10088214872340871,0.10607797965319389,0.11745520922160801,0.10605122211447893,0.1054452889812159,0.13073069896814704
2,0.11237663737814552,0.10924022512912165,0.1380112731162104,0.11298340666591353,0.09540919356418501,0.10108066854494382,0.11054685166151307,0.10233580188355997,0.11801594205640703
3,0.1068048913194875,0.09833935717481626,0.10420195554348723,0.12070048656247562,0.11194513247008402,0.1096939562320772,0.11149812780300843,0.11851413931954821,0.11830195357501544
4,0.099905263479034,0.12738812049044648,0.1095011744725527,0.1258636917985414,0.10490680528981446,0.11702845235689076,0.10517522971126649,0.11295255622617684,0.09727870617527679
5,0.11149738257928793,0.12204502253230366,0.12323390119136443,0.11163945251824944,0.10728505550344929,0.10665005656776186,0.10451878704923717,0.09958943713032506,0.11354090492802092
6,0.10582606921209235,0.1298890489277878,0.10497754074112059,0.09836476712894596,0.110166156215319,0.11845946418390921,0.11302398929380217,0.10674431427605201,0.11254865002097102
7,0.10787995523898855,0.0954147303557071,0.13698532448982798,0.09574715236913858,0.11980139318037569,0.10433112519861817,0.1403467102193967,0.10959406881671893,0.08989954013122838
8,0.10787995523898855,0.0954147303557071,0.13698532448982798,0.09574715236913858,0.11980139318037569,0.10433112519861817,0.1403467102193967,0.10959406881671893,0.08989954013122838
9,0.08223548560465362,0.1314631699440228,0.12902705267903106,0.1301443511375832,0.09296176075719731,0.10938926155112344,0.10948558248182075,0.11050446290902304,0.10478887293554502
10,0.10353276878112619,0.12250413107657007,0.10054307800092602,0.0992229266185587,0.11368024405318099,0.12254204942192959,0.11858633394395682,0.11136096707469721,0.10802750102905447
11,0.11237663737814552,0.10924022512912165,0.1380112731162104,0.11298340666591353,0.09540919356418501,0.10108066854494382,0.11054685166151307,0.10233580188355997,0.11801594205640703
12,0.11060417387314231,0.11594921031225044,0.10680406815255497,0.10088214872340871,0.10607797965319389,0.11745520922160801,0.10605122211447893,0.1054452889812159,0.13073069896814704
13,0.1179467671342549,0.10877809474792045,0.11643521326414806,0.09729005682225147,0.11226827447369822,0.1118586001204431,0.11285555475312037,0.10971982755086487,0.11284761113329891
14,0.11237663737814552,0.10924022512912165,0.1380112731162104,0.11298340666591353,0.09540919356418501,0.10108066854494382,0.11054685166151307,0.10233580188355997,0.11801594205640703
15,0.11060417387314231,0.11594921031225044,0.10680406815255497,0.10088214872340871,0.10607797965319389,0.11745520922160801,0.10605122211447893,0.1054452889812159,0.13073069896814704
16,0.09885036575381599,0.12046459721771699,0.1203023886073639,0.11154584802413713,0.10587662884308502,0.11028243402744616,0.10894870937849356,0.101418375663505,0.12231065248443596
17,0.07960839572998338,0.12930761911563243,0.11127196695073784,0.11989650013992358,0.09971333721853975,0.11788968775298295,0.10718791992020253,0.11631024119138073,0.11881433198061679
18,0.10685646089151488,0.12128693743692917,0.10633846560834055,0.11487071809455485,0.1066963578337203,0.10834089177073511,0.110752459502073,0.10982207804616462,0.11503563081596738
19,0.11237663737814552,0.10924022512912165,0.1380112731162104,0.11298340666591353,0.09540919356418501,0.10108066854494382,0.11054685166151307,0.10233580188355997,0.11801594205640703
20,0.11060417387314231,0.11594921031225044,0.10680406815255497,0.10088214872340871,0.10607797965319389,0.11745520922160801,0.10605122211447893,0.1054452889812159,0.13073069896814704
21,0.10787995523898855,0.0954147303557071,0.13698532448982798,0.09574715236913858,0.11980139318037569,0.10433112519861817,0.1403467102193967,0.10959406881671893,0.08989954013122838
22,0.11366495756666864,0.11615445784544044,0.1109545382961138,0.10306753007402575,0.1085575692739963,0.11504080758565643,0.10839408600711777,0.10979466860517759,0.114371384745803
23,0.11644607601530613,0.11304499560749728,0.10631749182097949,0.11949110556611496,0.11216028180537212,0.11384291262767962,0.10977189161970437,0.11597587030004873,0.0929493746372974
24,0.07960839572998338,0.12930761911563243,0.11127196695073784,0.11989650013992358,0.09971333721853975,0.11788968775298295,0.10718791992020253,0.11631024119138073,0.11881433198061679
25,0.08871979059096816,0.11222951204246688,0.11598882610387168,0.11084243200634822,0.10469515171642439,0.11163640125046344,0.10737457798085645,0.10704120311566481,0.14147210519293604
26,0.08613602070288247,0.1153373018952229,0.12013972634678204,0.10951613211093811,0.10920879208525182,0.10885818013795781,0.1083125517916062,0.10953642043024432,0.13295487449911456
27,0.08469032075852165,0.12940943028223031,0.11620491959794506,0.12912447206034303,0.10202425176344854,0.11902460527315548,0.10750376025410702,0.11183232265491751,0.10018591735533126
28,0.11060417387314231,0.11594921031225044,0.10680406815255497,0.10088214872340871,0.10607797965319389,0.11745520922160801,0.10605122211447893,0.1054452889812159,0.13073069896814704
29,0.1101250739891929,0.10092811490235036,0.10803160514759622,0.10556174241417546,0.11720736530247035,0.11155727526130417,0.11574123156579694,0.12850617219505708,0.10234141922205671
30,0.11060417387314231,0.11594921031225044,0.10680406815255497,0.10088214872340871,0.10607797965319389,0.11745520922160801,0.10605122211447893,0.1054452889812159,0.13073069896814704
31,0.12083554600483008,0.11342161047147692,0.11571079505065078,0.12206836027121067,0.11219326559317573,0.10717677932932118,0.10679673423937276,0.10025195769527989,0.10154495134468194
32,0.09815301810072925,0.11386514627813633,0.1156163020615849,0.1129444244880237,0.10424295233598965,0.10870827592281712,0.11169691881439199,0.10701847095410369,0.12775449104422343
33,0.11489501369576385,0.11881141389455534,0.1190311191715573,0.11304372305493542,0.10289849018757481,0.10942250523119708,0.1036615858395664,0.09736581880788446,0.12087033011696575
34,0.10049714259831309,0.11483180461462884,0.11228335124328967,0.11021177175171552,0.10953420808399295,0.11053854261446719,0.11096805794301821,0.10658270851787283,0.12455241263270178
35,0.10722720250900508,0.11611916460677713,0.12828892387074006,0.10629565424661323,0.11871127403253055,0.1040971729532378,0.12023087209067176,0.10708605962407772,0.0919436760663464
36,0.10685646089151488,0.12128693743692917,0.10633846560834055,0.11487071809455485,0.1066963578337203,0.10834089177073511,0.110752459502073,0.10982207804616462,0.11503563081596738
37,0.100582507591432,0.12347982714274916,0.10066661546000384,0.09826084762760091,0.10954251832263999,0.1228442301067288,0.12369466242020757,0.11547204165563775,0.10545674967300021
38,0.11237663737814552,0.10924022512912165,0.1380112731162104,0.11298340666591353,0.09540919356418501,0.10108066854494382,0.11054685166151307,0.10233580188355997,0.11801594205640703
39,0.11489501369576385,0.11881141389455534,0.1190311191715573,0.11304372305493542,0.10289849018757481,0.10942250523119708,0.1036615858395664,0.09736581880788446,0.12087033011696575
40,0.100582507591432,0.12347982714274916,0.10066661546000384,0.09826084762760091,0.10954251832263999,0.1228442301067288,0.12369466242020757,0.11547204165563775,0.10545674967300021
41,0.11060417387314231,0.11594921031225044,0.10680406815255497,0.10088214872340871,0.10607797965319389,0.11745520922160801,0.10605122211447893,0.1054452889812159,0.13073069896814704
42,0.11060417387314231,0.11594921031225044,0.10680406815255497,0.10088214872340871,0.10607797965319389,0.11745520922160801,0.10605122211447893,0.1054452889812159,0.13073069896814704
43,0.10467302248534917,0.13345273480022204,0.11012522254083451,0.10109792455975394,0.10294757408270021,0.11233565621236319,0.1160932526537387,0.10699836175617157,0.11227625090886688
44,0.11644607601530613,0.11304499560749728,0.10631749182097949,0.11949110556611496,0.11216028180537212,0.11384291262767962,0.10977189161970437,0.11597587030004873,0.0929493746372974
45,0.11060417387314231,0.11594921031225044,0.10680406815255497,0.10088214872340871,0.10607797965319389,0.11745520922160801,0.10605122211447893,0.1054452889812159,0.13073069896814704
46,0.10580749377818868,0.12999087572453802,0.10763802541381234,0.10324489762015869,0.10822833494135753,0.1153400806459378,0.11534138734332977,0.10395608826683542,0.11045281626584161
47,0.11644607601530613,0.11304499560749728,0.10631749182097949,0.11949110556611496,0.11216028180537212,0.11384291262767962,0.10977189161970437,0.11597587030004873,0.0929493746372974
48,0.07960839572998338,0.12930761911563243,0.11127196695073784,0.11989650013992358,0.09971333721853975,0.11788968775298295,0.10718791992020253,0.11631024119138073,0.11881433198061679
49,0.11644607601530613,0.11304499560749728,0.10631749182097949,0.11949110556611496,0.11216028180537212,0.11384291262767962,0.10977189161970437,0.11597587030004873,0.0929493746372974
50,0.10685646089151488,0.12128693743692917,0.10633846560834055,0.11487071809455485,0.1066963578337203,0.10834089177073511,0.110752459502073,0.10982207804616462,0.11503563081596738
51,0.11237663737814552,0.10924022512912165,0.1380112731162104,0.11298340666591353,0.09540919356418501,0.10108066854494382,0.11054685166151307,0.10233580188355997,0.11801594205640703
52,0.11644607601530613,0.11304499560749728,0.10631749182097949,0.11949110556611496,0.11216028180537212,0.11384291262767962,0.10977189161970437,0.11597587030004873,0.0929493746372974
53,0.09885036575381599,0.12046459721771699,0.1203023886073639,0.11154584802413713,0.10587662884308502,0.11028243402744616,0.10894870937849356,0.101418375663505,0.12231065248443596
54,0.11644607601530613,0.11304499560749728,0.10631749182097949,0.11949110556611496,0.11216028180537212,0.11384291262767962,0.10977189161970437,0.11597587030004873,0.0929493746372974
55,0.11237663737814552,0.10924022512912165,0.1380112731162104,0.11298340666591353,0.09540919356418501,0.10108066854494382,0.11054685166151307,0.10233580188355997,0.11801594205640703
56,0.11644607601530613,0.11304499560749728,0.10631749182097949,0.11949110556611496,0.11216028180537212,0.11384291262767962,0.10977189161970437,0.11597587030004873,0.0929493746372974
57,0.09885036575381599,0.12046459721771699,0.1203023886073639,0.11154584802413713,0.10587662884308502,0.11028243402744616,0.10894870937849356,0.101418375663505,0.12231065248443596
58,0.11237663737814552,0.10924022512912165,0.1380112731162104,0.11298340666591353,0.09540919356418501,0.10108066854494382,0.11054685166151307,0.10233580188355997,0.11801594205640703
0,0.1162273534687133,0.11328599967704174,0.10049399852271103,0.11822307400139034,0.10763346945383599,0.10436300740555568,0.10333431823743326,0.10659006612209873,0.12984871311121954
1,0.11076221961490286,0.08218935337411386,0.11611011972960489,0.10586169921991609,0.110932327905537,0.09313207015051689,0.12141197916561848,0.11669043245564711,0.14290979838414286
2,0.10293183797226291,0.1202876454664001,0.10389335460971666,0.12468230346551422,0.10028941738272436,0.1115013956296479,0.11099908343736567,0.11908832077259285,0.10632664126377517
3,0.11382411330070527,0.13018437318125434,0.09982158042508045,0.10410981968201387,0.11167846262199821,0.11014567985003218,0.10031561383637483,0.10383568248055731,0.1260846746219835
4,0.12288200981271917,0.11900568691980079,0.09015163868527457,0.12891468001707607,0.10312890539707417,0.10947906738020018,0.09799426461557316,0.10307223905146573,0.1253715081208165
5,0.10843114206566358,0.11215221197948229,0.0998220233682263,0.1032485800816225,0.10881315846091114,0.11944371622731172,0.11055036396535493,0.10663814231076463,0.13090066154066263
6,0.10334480565714364,0.09477958131696079,0.11017078675236062,0.12717587188300372,0.1087215086807757,0.10110637388708535,0.10900249520490263,0.11041027978387685,0.13528829683389051
7,0.10843114206566358,0.11215221197948229,0.0998220233682263,0.1032485800816225,0.10881315846091114,0.11944371622731172,0.11055036396535493,0.10663814231076463,0.13090066154066263
8,0.0759484134931089,0.14191637623587833,0.09349501080377919,0.10525525635052257,0.09741237732191123,0.1328008231614877,0.09936822353025493,0.11595922800612206,0.13784429109693527
9,0.11382411330070527,0.13018437318125434,0.09982158042508045,0.10410981968201387,0.11167846262199821,0.11014567985003218,0.10031561383637483,0.10383568248055731,0.1260846746219835
10,0.13741400923397284,0.09713140759959445,0.08675484963332172,0.12793864732790358,0.10376680530379995,0.09383227283188413,0.08584480111016907,0.1104843106557689,0.15683289630358543
11,0.13741400923397284,0.09713140759959445,0.08675484963332172,0.12793864732790358,0.10376680530379995,0.09383227283188413,0.08584480111016907,0.1104843106557689,0.15683289630358543
12,0.0759484134931089,0.14191637623587833,0.09349501080377919,0.10525525635052257,0.09741237732191123,0.1328008231614877,0.09936822353025493,0.11595922800612206,0.13784429109693527
13,0.11184643387035152,0.12781665100221165,0.0984797804931378,0.12310938574674937,0.10852400299332923,0.10464729011999835,0.09936956252628609,0.10373638808766253,0.1224705051602735
14,0.12192947806595372,0.12136892975950019,0.105676872817953,0.1187093205208762,0.1069690120688731,0.11120383475649061,0.10581499970970717,0.09985067687905547,0.10847687542159065
15,0.10697511897924433,0.11383505451933731,0.10589592576394975,0.13695824533379033,0.09737342342597674,0.10871686117545151,0.09658610136440418,0.11104998365194961,0.12260928578589615
16,0.10293183797226291,0.1202876454664001,0.10389335460971666,0.12468230346551422,0.10028941738272436,0.1115013956296479,0.11099908343736567,0.11908832077259285,0.10632664126377517
17,0.1041939722080869,0.09486322538915606,0.1193365024863895,0.11738297632512897,0.11077455462250649,0.10712348702093616,0.1087675408685166,0.11326548695408518,0.12429225412519421
18,0.11076221961490286,0.08218935337411386,0.11611011972960489,0.10586169921991609,0.110932327905537,0.09313207015051689,0.12141197916561848,0.11669043245564711,0.14290979838414286
19,0.10843114206566358,0.11215221197948229,0.0998220233682263,0.1032485800816225,0.10881315846091114,0.11944371622731172,0.11055036396535493,0.10663814231076463,0.13090066154066263
20,0.11076221961490286,0.08218935337411386,0.11611011972960489,0.10586169921991609,0.110932327905537,0.09313207015051689,0.12141197916561848,0.11669043245564711,0.14290979838414286
21,0.11487594979023445,0.1314090945927244,0.10091815548459343,0.10520422452707838,0.11061791337796703,0.11019460201548952,0.10177539608212806,0.09970414984175612,0.12530051428802863
22,0.10843114206566358,0.11215221197948229,0.0998220233682263,0.1032485800816225,0.10881315846091114,0.11944371622731172,0.11055036396535493,0.10663814231076463,0.13090066154066263
23,0.11076221961490286,0.08218935337411386,0.11611011972960489,0.10586169921991609,0.110932327905537,0.09313207015051689,0.12141197916561848,0.11669043245564711,0.14290979838414286
24,0.11480024475599002,0.09983105349111918,0.1187886000375662,0.11696978161720582,0.10656674959909497,0.10571982138302467,0.1134298972597541,0.11084662522236302,0.11304722663388239
25,0.10293183797226291,0.1202876454664001,0.10389335460971666,0.12468230346551422,0.10028941738272436,0.1115013956296479,0.11099908343736567,0.11908832077259285,0.10632664126377517
26,0.11381027445235803,0.1213413160898562,0.10819183661654239,0.11509192233986894,0.10329972125822198,0.10838752445484535,0.10710883083456707,0.106372645012837,0.1163959289409028
27,0.12192947806595372,0.12136892975950019,0.105676872817953,0.1187093205208762,0.1069690120688731,0.11120383475649061,0.10581499970970717,0.09985067687905547,0.10847687542159065
28,0.10293183797226291,0.1202876454664001,0.10389335460971666,0.12468230346551422,0.10028941738272436,0.1115013956296479,0.11099908343736567,0.11908832077259285,0.10632664126377517
29,0.10293183797226291,0.1202876454664001,0.10389335460971666,0.12468230346551422,0.10028941738272436,0.1115013956296479,0.11099908343736567,0.11908832077259285,0.10632664126377517
30,0.09249891006598873,0.14029905296901288,0.13223578769785305,0.09198550696481596,0.10690456491126936,0.13259104074130923,0.11782935748684507,0.09838202418831006,0.0872737549745954
31,0.0759484134931089,0.14191637623587833,0.09349501080377919,0.10525525635052257,0.09741237732191123,0.1328008231614877,0.09936822353025493,0.11595922800612206,0.13784429109693527
32,0.0759484134931089,0.14191637623587833,0.09349501080377919,0.10525525635052257,0.09741237732191123,0.1328008231614877,0.09936822353025493,0.11595922800612206,0.13784429109693527
33,0.08798922854284082,0.1429362119023084,0.09883839948219986,0.09410839453541052,0.10268141738238681,0.13685000231664765,0.10772230052559127,0.11808503685284054,0.11078900845977388
34,0.10293183797226291,0.1202876454664001,0.10389335460971666,0.12468230346551422,0.10028941738272436,0.1115013956296479,0.11099908343736567,0.11908832077259285,0.10632664126377517
35,0.09249891006598873,0.14029905296901288,0.13223578769785305,0.09198550696481596,0.10690456491126936,0.13259104074130923,0.11782935748684507,0.09838202418831006,0.0872737549745954
36,0.10549194991032351,0.1003663306869528,0.12644454754534193,0.11728075741005074,0.10457583488485513,0.10249634233678587,0.1162259205112437,0.10369418193927013,0.12342413477517637
