,Estim(XGBClassifier)_Imputer(IterativeImputer(<class 'sklearn.linear_model._bayes.BayesianRidge'>)),Estim(XGBClassifier)_Imputer(IterativeImputer(<class 'xgboost.sklearn.XGBRegressor'>)),Estim(XGBClassifier)_Imputer(IterativeImputer(<class 'sklearn.ensemble._forest.RandomForestRegressor'>)),Estim(XGBClassifier)_Imputer(KNNImputer),Estim(RandomForestClassifier)_Imputer(IterativeImputer(<class 'sklearn.linear_model._bayes.BayesianRidge'>)),Estim(RandomForestClassifier)_Imputer(IterativeImputer(<class 'xgboost.sklearn.XGBRegressor'>)),Estim(RandomForestClassifier)_Imputer(IterativeImputer(<class 'sklearn.ensemble._forest.RandomForestRegressor'>)),Estim(RandomForestClassifier)_Imputer(KNNImputer),Estim(<class 'new_base.ClassifierWithImputation'>)_Imputer(Identity)
0,0.09230829236279066,0.12093830701558236,0.12493625169344896,0.11280081222940937,0.09644089236396343,0.11345364126682411,0.10526404707420824,0.09904964563958471,0.1348081103541883
1,0.10556631247369462,0.11703938082716382,0.10230866786680165,0.1078174492864905,0.11639426104948211,0.11436094101135244,0.11435981887627707,0.11032514549893072,0.11182802310980695
2,0.11057039585531932,0.10912903515716585,0.11648241530088754,0.10920863654049295,0.09913795820010936,0.11046255039865835,0.10638135927897541,0.10175704589416998,0.13687060337422116
3,0.11648419425740783,0.09234060308707537,0.09786792935210835,0.11428892935876717,0.1172040688793043,0.10288083313597216,0.10769058781436619,0.11642160750673865,0.13482124660826006
4,0.10506507454415744,0.12707487530152356,0.11942104965060907,0.0791156460208788,0.11807955279103284,0.1103605968605303,0.1208026167484328,0.1072412275307534,0.1128393605520816
5,0.09203304840147848,0.12488672664470252,0.1197212490940468,0.10566674858373915,0.10393945480685085,0.11957000059023976,0.10882016156774472,0.1051301961971988,0.12023241411399875
6,0.10556631247369462,0.11703938082716382,0.10230866786680165,0.1078174492864905,0.11639426104948211,0.11436094101135244,0.11435981887627707,0.11032514549893072,0.11182802310980695
7,0.10241435400704609,0.10763240771014082,0.11189955413818517,0.12844326869495504,0.11297758365203163,0.10398241092664928,0.10451558869401582,0.11122042160279251,0.1169144105741837
8,0.10506507454415744,0.12707487530152356,0.11942104965060907,0.0791156460208788,0.11807955279103284,0.1103605968605303,0.1208026167484328,0.1072412275307534,0.1128393605520816
9,0.09230829236279066,0.12093830701558236,0.12493625169344896,0.11280081222940937,0.09644089236396343,0.11345364126682411,0.10526404707420824,0.09904964563958471,0.1348081103541883
10,0.11823790963279898,0.10227504833242028,0.12043058188144382,0.10912425919479785,0.11023481264982952,0.10373161818106699,0.11370183429442454,0.11010152475194789,0.11216241108127062
11,0.11648419425740783,0.09234060308707537,0.09786792935210835,0.11428892935876717,0.1172040688793043,0.10288083313597216,0.10769058781436619,0.11642160750673865,0.13482124660826006
12,0.09230829236279066,0.12093830701558236,0.12493625169344896,0.11280081222940937,0.09644089236396343,0.11345364126682411,0.10526404707420824,0.09904964563958471,0.1348081103541883
13,0.12383497227430033,0.13083469510157175,0.09625722858691203,0.11300377598706066,0.1089893026600477,0.11741091547085777,0.1056045169556186,0.10775296631864525,0.09631162664498592
14,0.09459429385612887,0.11050922872511192,0.13613875518051308,0.12080501724120267,0.10249807815345306,0.1039443186500331,0.11167156568661694,0.10494302598418051,0.11489571652276
15,0.10194809460329535,0.10475104796274548,0.1324857134087129,0.09878510832348594,0.10859902545944655,0.11454339915520605,0.12736478330090545,0.10739328995606792,0.1041295378301343
16,0.10506507454415744,0.12707487530152356,0.11942104965060907,0.0791156460208788,0.11807955279103284,0.1103605968605303,0.1208026167484328,0.1072412275307534,0.1128393605520816
17,0.10506507454415744,0.12707487530152356,0.11942104965060907,0.0791156460208788,0.11807955279103284,0.1103605968605303,0.1208026167484328,0.1072412275307534,0.1128393605520816
18,0.09203304840147848,0.12488672664470252,0.1197212490940468,0.10566674858373915,0.10393945480685085,0.11957000059023976,0.10882016156774472,0.1051301961971988,0.12023241411399875
19,0.0987664420864336,0.13347592319525656,0.11400177540946795,0.1073326044420685,0.10777068542315346,0.10892664770290372,0.10933663108733496,0.10812354553138467,0.11226574512199637
20,0.09718741523684964,0.09588194368031444,0.11474841488611041,0.1384618893639349,0.11049041950620288,0.10953296069120134,0.1152906490249479,0.11660954943680775,0.10179675817363053
21,0.0987664420864336,0.13347592319525656,0.11400177540946795,0.1073326044420685,0.10777068542315346,0.10892664770290372,0.10933663108733496,0.10812354553138467,0.11226574512199637
22,0.10556631247369462,0.11703938082716382,0.10230866786680165,0.1078174492864905,0.11639426104948211,0.11436094101135244,0.11435981887627707,0.11032514549893072,0.11182802310980695
23,0.10556631247369462,0.11703938082716382,0.10230866786680165,0.1078174492864905,0.11639426104948211,0.11436094101135244,0.11435981887627707,0.11032514549893072,0.11182802310980695
24,0.10241435400704609,0.10763240771014082,0.11189955413818517,0.12844326869495504,0.11297758365203163,0.10398241092664928,0.10451558869401582,0.11122042160279251,0.1169144105741837
25,0.10667481689701035,0.0972214597732205,0.11923345205885422,0.11591291579757021,0.11175811434445587,0.11675325605597568,0.1115802277928545,0.1141647296479626,0.10670102763209575
26,0.09293356698470766,0.08432139719291647,0.11437085648581959,0.12839302376686187,0.1099899658896197,0.10606379494590523,0.12645922157941658,0.1214754205599214,0.11599275259483163
27,0.10408787504879037,0.13833148028117526,0.14534823056885407,0.07948873627392425,0.10391080882869265,0.10736714453980054,0.11526927523234261,0.09257073883221956,0.11362571039420069
28,0.11007894611111503,0.1245828718402259,0.11482769627824638,0.11105799415028259,0.1059483213786399,0.10601022057559428,0.10841199544724107,0.10786656981659772,0.111215384402057
29,0.10556631247369462,0.11703938082716382,0.10230866786680165,0.1078174492864905,0.11639426104948211,0.11436094101135244,0.11435981887627707,0.11032514549893072,0.11182802310980695
30,0.10241435400704609,0.10763240771014082,0.11189955413818517,0.12844326869495504,0.11297758365203163,0.10398241092664928,0.10451558869401582,0.11122042160279251,0.1169144105741837
31,0.11648419425740783,0.09234060308707537,0.09786792935210835,0.11428892935876717,0.1172040688793043,0.10288083313597216,0.10769058781436619,0.11642160750673865,0.13482124660826006
32,0.10556631247369462,0.11703938082716382,0.10230866786680165,0.1078174492864905,0.11639426104948211,0.11436094101135244,0.11435981887627707,0.11032514549893072,0.11182802310980695
33,0.11057039585531932,0.10912903515716585,0.11648241530088754,0.10920863654049295,0.09913795820010936,0.11046255039865835,0.10638135927897541,0.10175704589416998,0.13687060337422116
34,0.11823790963279898,0.10227504833242028,0.12043058188144382,0.10912425919479785,0.11023481264982952,0.10373161818106699,0.11370183429442454,0.11010152475194789,0.11216241108127062
35,0.09520824493086416,0.09962206911124018,0.12990263441154976,0.11171720928193477,0.1028396089848641,0.10179258891823786,0.10474327569347909,0.11057985401836684,0.14359451464946327
36,0.10556631247369462,0.11703938082716382,0.10230866786680165,0.1078174492864905,0.11639426104948211,0.11436094101135244,0.11435981887627707,0.11032514549893072,0.11182802310980695
37,0.09520824493086416,0.09962206911124018,0.12990263441154976,0.11171720928193477,0.1028396089848641,0.10179258891823786,0.10474327569347909,0.11057985401836684,0.14359451464946327
38,0.11057039585531932,0.10912903515716585,0.11648241530088754,0.10920863654049295,0.09913795820010936,0.11046255039865835,0.10638135927897541,0.10175704589416998,0.13687060337422116
39,0.09440799321929434,0.12007107324947827,0.13444033714135625,0.09356742133791443,0.10703710684894105,0.10925530368735098,0.11581551579415737,0.10377517610200147,0.12163007261950588
40,0.08892333138983607,0.1280733007985095,0.1399300325955973,0.09734043797630056,0.10304548133790724,0.10570631581101941,0.11531846173486199,0.10062398821049955,0.12103865014546836
41,0.1015985457863559,0.10860617764649151,0.1154875355759786,0.11561381022852704,0.10740038372307775,0.1040675131042687,0.1062809112741319,0.11205137054941265,0.1288937521117559
42,0.09293356698470766,0.08432139719291647,0.11437085648581959,0.12839302376686187,0.1099899658896197,0.10606379494590523,0.12645922157941658,0.1214754205599214,0.11599275259483163
43,0.11045835610099691,0.12425632630565944,0.1217098079880696,0.07761280682245966,0.1147710018740902,0.11068533567468475,0.1167072097111615,0.10251142624028613,0.12128772928259197
44,0.11648419425740783,0.09234060308707537,0.09786792935210835,0.11428892935876717,0.1172040688793043,0.10288083313597216,0.10769058781436619,0.11642160750673865,0.13482124660826006
45,0.12383497227430033,0.13083469510157175,0.09625722858691203,0.11300377598706066,0.1089893026600477,0.11741091547085777,0.1056045169556186,0.10775296631864525,0.09631162664498592
46,0.10914853926110134,0.10394904708570876,0.10729143968248717,0.11993892457403277,0.11654780492310299,0.10339814529475433,0.10667944129259628,0.11478392922527572,0.11826272866094104
47,0.10914853926110134,0.10394904708570876,0.10729143968248717,0.11993892457403277,0.11654780492310299,0.10339814529475433,0.10667944129259628,0.11478392922527572,0.11826272866094104
48,0.10556631247369462,0.11703938082716382,0.10230866786680165,0.1078174492864905,0.11639426104948211,0.11436094101135244,0.11435981887627707,0.11032514549893072,0.11182802310980695
49,0.10749665926478515,0.1174805385415631,0.10537428573278758,0.10821847447010535,0.114583628132542,0.11110199359578245,0.11486603836437304,0.11761187125591283,0.10326651064214866
50,0.10914853926110134,0.10394904708570876,0.10729143968248717,0.11993892457403277,0.11654780492310299,0.10339814529475433,0.10667944129259628,0.11478392922527572,0.11826272866094104
51,0.09520824493086416,0.09962206911124018,0.12990263441154976,0.11171720928193477,0.1028396089848641,0.10179258891823786,0.10474327569347909,0.11057985401836684,0.14359451464946327
52,0.09293356698470766,0.08432139719291647,0.11437085648581959,0.12839302376686187,0.1099899658896197,0.10606379494590523,0.12645922157941658,0.1214754205599214,0.11599275259483163
53,0.10556631247369462,0.11703938082716382,0.10230866786680165,0.1078174492864905,0.11639426104948211,0.11436094101135244,0.11435981887627707,0.11032514549893072,0.11182802310980695
54,0.10556631247369462,0.11703938082716382,0.10230866786680165,0.1078174492864905,0.11639426104948211,0.11436094101135244,0.11435981887627707,0.11032514549893072,0.11182802310980695
55,0.13516402049413076,0.12830426894910207,0.09895861305146819,0.09643185207407967,0.11354341143620165,0.11724427399810776,0.10541023614227431,0.1041049850716898,0.100838338782946
56,0.10556631247369462,0.11703938082716382,0.10230866786680165,0.1078174492864905,0.11639426104948211,0.11436094101135244,0.11435981887627707,0.11032514549893072,0.11182802310980695
57,0.10914853926110134,0.10394904708570876,0.10729143968248717,0.11993892457403277,0.11654780492310299,0.10339814529475433,0.10667944129259628,0.11478392922527572,0.11826272866094104
58,0.12383497227430033,0.13083469510157175,0.09625722858691203,0.11300377598706066,0.1089893026600477,0.11741091547085777,0.1056045169556186,0.10775296631864525,0.09631162664498592
59,0.11823790963279898,0.10227504833242028,0.12043058188144382,0.10912425919479785,0.11023481264982952,0.10373161818106699,0.11370183429442454,0.11010152475194789,0.11216241108127062
0,0.09410075605209751,0.08339855399499825,0.15305552352069637,0.09974894034559438,0.12336735634991874,0.0917817433860905,0.11932819874887408,0.10572877607270709,0.12949015152902305
1,0.1154375156419165,0.12521119248274315,0.09516525523011124,0.10945179598782943,0.10983505997040831,0.11229127208178316,0.11411659754960887,0.10296111982134729,0.11553019123425212
2,0.10950903040719788,0.12098826903355701,0.09222464692307471,0.11427068661837138,0.11689895845805003,0.1162378247019903,0.10139265614405062,0.10828804467064905,0.12018988304305867
3,0.11103328422433453,0.10749506271569514,0.10863461855827994,0.13369099222593936,0.10475881331159784,0.10193355600212341,0.09883320421406191,0.10596840379734748,0.12765206495062062
4,0.14562240149381317,0.10917331790592846,0.0877924216516269,0.12785580245861866,0.09937145429381448,0.09929632189356012,0.09767910456937104,0.10720773634736673,0.12600143938590028
5,0.1279424955085269,0.10015609420273876,0.10072452471521329,0.11165161427383223,0.11385835389680737,0.11124703016163735,0.11019948489802965,0.11121331058425919,0.11300709175895558
6,0.1331919392123142,0.11048286745460584,0.10765796747517684,0.11098654170352568,0.09723192378691603,0.10204527258774858,0.1049824194512355,0.1068629742805257,0.1265580940479518
7,0.09989603672600296,0.08319028468817279,0.14620287944525912,0.1012580513688528,0.09937533960760812,0.09573397548049159,0.12295491483019705,0.10711404667559077,0.1442744711778247
8,0.09950744169852725,0.08993755176606809,0.1236349130408086,0.10938131129576635,0.11470885720504594,0.09146610418541412,0.11141757114705786,0.10612186850773131,0.15382438115358044
9,0.1063736395284858,0.1275624365888148,0.13287927532981963,0.10877093207020261,0.09729124918272085,0.10163806157148178,0.10726759227091877,0.0908669315501576,0.1273498819073982
10,0.11068963982289745,0.1165481905488606,0.11316901149724952,0.1095855755687956,0.11734575627763562,0.11030953421728944,0.1098238797065152,0.10976226421735162,0.10276614814340483
11,0.1279424955085269,0.10015609420273876,0.10072452471521329,0.11165161427383223,0.11385835389680737,0.11124703016163735,0.11019948489802965,0.11121331058425919,0.11300709175895558
12,0.1279424955085269,0.10015609420273876,0.10072452471521329,0.11165161427383223,0.11385835389680737,0.11124703016163735,0.11019948489802965,0.11121331058425919,0.11300709175895558
13,0.15903147640518128,0.0936578068156128,0.0887322566308663,0.09485860275126412,0.11082192887579566,0.11364772528425052,0.10867136033037247,0.10943200781264538,0.12114683509401157
14,0.10840831667068383,0.10052773057103646,0.09448522974796815,0.1152840758968081,0.10735441749554867,0.10933362496169359,0.11163805856837965,0.11436005004418627,0.13860849604369507
15,0.10807047723473696,0.08351797465821816,0.14143309712271315,0.10458967226453468,0.09944719384197918,0.09762087444815122,0.11523668168678079,0.10801422660212234,0.14206980214076348
16,0.11290370863917112,0.10223226046051238,0.09827309874228195,0.1291026189084364,0.11627801144658036,0.10598930410909373,0.09967623652708173,0.11553988121125107,0.12000487995559161
17,0.09989603672600296,0.08319028468817279,0.14620287944525912,0.1012580513688528,0.09937533960760812,0.09573397548049155,0.12295491483019705,0.10711404667559077,0.1442744711778247
18,0.0946420122588409,0.10541927159827168,0.13586013670423341,0.12236254539256917,0.10019282660800548,0.1055409546618881,0.11243755046545979,0.11113868408502343,0.11240601822570784
19,0.1279424955085269,0.10015609420273876,0.10072452471521329,0.11165161427383223,0.11385835389680737,0.11124703016163735,0.11019948489802965,0.11121331058425919,0.11300709175895558
20,0.10950903040719788,0.12098826903355701,0.09222464692307471,0.11427068661837138,0.11689895845805003,0.1162378247019903,0.10139265614405062,0.10828804467064905,0.12018988304305867
21,0.10526141646848726,0.14327810272864466,0.09298029947037756,0.12443047593163545,0.10744208267203847,0.1173216747260614,0.09597329895323604,0.10402431596040458,0.10928833308911472
22,0.111503908897877,0.09891429717645628,0.12308392394757744,0.10482623520270518,0.11700568980106563,0.10716949295528809,0.11686330406516401,0.10723391871017184,0.1133992292436943
23,0.1279424955085269,0.10015609420273876,0.10072452471521329,0.11165161427383223,0.11385835389680737,0.11124703016163735,0.11019948489802965,0.11121331058425919,0.11300709175895558
24,0.1213748637299231,0.11089679971780268,0.11372224711019512,0.10329214454488052,0.09409731425268904,0.09865302991179827,0.11311005382607853,0.10801417694150471,0.13683936996512813
25,0.1213748637299231,0.11089679971780268,0.11372224711019512,0.10329214454488052,0.09409731425268904,0.09865302991179827,0.11311005382607853,0.10801417694150471,0.13683936996512813
26,0.11404262940752052,0.09722107368531957,0.10961250440096505,0.13348928911338284,0.11035948938567411,0.09623640964952564,0.10860963664901989,0.10627829002897166,0.12415067767962078
27,0.1279424955085269,0.10015609420273876,0.10072452471521329,0.11165161427383223,0.11385835389680737,0.11124703016163735,0.11019948489802965,0.11121331058425919,0.11300709175895558
28,0.1279424955085269,0.10015609420273876,0.10072452471521329,0.11165161427383223,0.11385835389680737,0.11124703016163735,0.11019948489802965,0.11121331058425919,0.11300709175895558
29,0.11404262940752052,0.09722107368531957,0.10961250440096505,0.13348928911338284,0.11035948938567411,0.09623640964952564,0.10860963664901989,0.10627829002897166,0.12415067767962078
30,0.10546037230402229,0.10706102202135782,0.11159772875956181,0.10094088535141642,0.11836011749467758,0.10133910632187489,0.11115992288794584,0.10851258598212726,0.13556825887701612
31,0.10840831667068383,0.10052773057103646,0.09448522974796815,0.1152840758968081,0.10735441749554867,0.10933362496169359,0.11163805856837965,0.11436005004418627,0.13860849604369507
32,0.10391951744491852,0.09758062046002446,0.11578130571543752,0.12422885476344923,0.10679652407196769,0.093032788069935,0.11701245159413598,0.10741802112856128,0.1342299167515705
33,0.10526141646848726,0.14327810272864466,0.09298029947037756,0.12443047593163545,0.10744208267203847,0.1173216747260614,0.09597329895323604,0.10402431596040458,0.10928833308911472
34,0.1279424955085269,0.10015609420273876,0.10072452471521329,0.11165161427383223,0.11385835389680737,0.11124703016163735,0.11019948489802965,0.11121331058425919,0.11300709175895558
35,0.11404262940752052,0.09722107368531957,0.10961250440096505,0.13348928911338284,0.11035948938567411,0.09623640964952564,0.10860963664901989,0.10627829002897166,0.12415067767962078
36,0.15903147640518128,0.0936578068156128,0.0887322566308663,0.09485860275126412,0.11082192887579566,0.11364772528425052,0.10867136033037247,0.10943200781264538,0.12114683509401157
37,0.10764222264186048,0.0949544121452115,0.1199460031661382,0.122666587197891,0.10448670168570533,0.10448364253183488,0.10881171669135932,0.11572461224671432,0.12128410169328507
38,0.1279424955085269,0.10015609420273876,0.10072452471521329,0.11165161427383223,0.11385835389680737,0.11124703016163735,0.11019948489802965,0.11121331058425919,0.11300709175895558
39,0.1279424955085269,0.10015609420273876,0.10072452471521329,0.11165161427383223,0.11385835389680737,0.11124703016163735,0.11019948489802965,0.11121331058425919,0.11300709175895558
40,0.1279424955085269,0.10015609420273876,0.10072452471521329,0.11165161427383223,0.11385835389680737,0.11124703016163735,0.11019948489802965,0.11121331058425919,0.11300709175895558
41,0.10840831667068383,0.10052773057103646,0.09448522974796815,0.1152840758968081,0.10735441749554867,0.10933362496169359,0.11163805856837965,0.11436005004418627,0.13860849604369507
42,0.10322106864683357,0.0938580519361062,0.11777144429165845,0.10585288182045985,0.11624958820830274,0.1104633136154904,0.12038430551703469,0.11471781106427853,0.11748153489983548
43,0.1279424955085269,0.10015609420273876,0.10072452471521329,0.11165161427383223,0.11385835389680737,0.11124703016163735,0.11019948489802965,0.11121331058425919,0.11300709175895558
44,0.1279424955085269,0.10015609420273876,0.10072452471521329,0.11165161427383223,0.11385835389680737,0.11124703016163735,0.11019948489802965,0.11121331058425919,0.11300709175895558
45,0.1279424955085269,0.10015609420273876,0.10072452471521329,0.11165161427383223,0.11385835389680737,0.11124703016163735,0.11019948489802965,0.11121331058425919,0.11300709175895558
46,0.09989603672600296,0.08319028468817279,0.14620287944525912,0.1012580513688528,0.09937533960760812,0.09573397548049155,0.12295491483019705,0.10711404667559077,0.1442744711778247
47,0.10950903040719788,0.12098826903355701,0.09222464692307471,0.11427068661837138,0.11689895845805003,0.1162378247019903,0.10139265614405062,0.10828804467064905,0.12018988304305867
48,0.14562240149381317,0.10917331790592846,0.0877924216516269,0.12785580245861866,0.09937145429381448,0.09929632189356012,0.09767910456937104,0.10720773634736673,0.12600143938590028
49,0.1279424955085269,0.10015609420273876,0.10072452471521329,0.11165161427383223,0.11385835389680737,0.11124703016163735,0.11019948489802965,0.11121331058425919,0.11300709175895558
50,0.09989603672600296,0.08319028468817279,0.14620287944525912,0.1012580513688528,0.09937533960760812,0.09573397548049155,0.12295491483019705,0.10711404667559077,0.1442744711778247
51,0.1213748637299231,0.11089679971780268,0.11372224711019512,0.10329214454488052,0.09409731425268904,0.09865302991179827,0.11311005382607853,0.10801417694150471,0.13683936996512813
52,0.10674810920464259,0.09980916508298648,0.10618771796632093,0.15430174128571517,0.10553481176415504,0.09540396151052231,0.109188238684749,0.11220923476037466,0.11061701974053358
53,0.15903147640518128,0.0936578068156128,0.0887322566308663,0.09485860275126412,0.11082192887579566,0.11364772528425052,0.10867136033037247,0.10943200781264538,0.12114683509401157
54,0.09989603672600296,0.08319028468817279,0.14620287944525912,0.1012580513688528,0.09937533960760812,0.09573397548049155,0.12295491483019705,0.10711404667559077,0.1442744711778247
55,0.10526141646848726,0.14327810272864466,0.09298029947037756,0.12443047593163545,0.10744208267203847,0.1173216747260614,0.09597329895323604,0.10402431596040458,0.10928833308911472
56,0.1085843835840132,0.08674558446859475,0.14182939145080256,0.11856038594148026,0.10494557798359971,0.09728029885361118,0.11480096042800902,0.10512102256055456,0.12213239472933449
57,0.09950744169852725,0.08993755176606809,0.1236349130408086,0.10938131129576635,0.11470885720504594,0.09146610418541412,0.11141757114705786,0.10612186850773131,0.15382438115358044
58,0.09989603672600296,0.08319028468817279,0.14620287944525912,0.1012580513688528,0.09937533960760812,0.09573397548049155,0.12295491483019705,0.10711404667559077,0.1442744711778247
59,0.09989603672600296,0.08319028468817279,0.14620287944525912,0.1012580513688528,0.09937533960760812,0.09573397548049155,0.12295491483019705,0.10711404667559077,0.1442744711778247
0,0.1412212460217273,0.10877501602629704,0.11593669748342239,0.09983765741538751,0.11314611309900512,0.10824985210889013,0.10901797217599812,0.10223110114467514,0.10158434452459723
1,0.1061814480086757,0.11972864952374497,0.10692414214585225,0.10914300603312774,0.10779479071713469,0.11577651712141411,0.11148918323828017,0.10868001194639348,0.11428225126537662
2,0.10000905324475626,0.1368751358951809,0.09947362377629965,0.10824149763056252,0.10778172859720282,0.11499220426710748,0.10575470008534006,0.10810428855554984,0.11876776794800013
3,0.13735239309492744,0.11406688864443026,0.10645648325953666,0.13085873136524967,0.10864953296375934,0.10309527859563147,0.09725199233923801,0.10273546161570238,0.09953323812152497
4,0.1301712717685701,0.11970325282323671,0.106694916079928,0.12467261307410925,0.11360044701001122,0.10275133936069387,0.09580042612114714,0.10626383857053044,0.10034189519177322
5,0.09783415710600586,0.11966511969084956,0.10992599549367447,0.09690158918165241,0.11361255103539886,0.12423748971865516,0.1274648242130275,0.11707530292788959,0.09328297063284653
6,0.10218843917261995,0.11972372675163953,0.10272961705593847,0.09500569085244838,0.11472171002216057,0.12161562783003314,0.12231642320442133,0.11577759715562377,0.1059211679551145
7,0.10694754483975003,0.11203251578636335,0.12756907896636668,0.12021578668577697,0.10100824867504801,0.10484136246479699,0.11456800451317554,0.10844605857561415,0.1043713994931085
8,0.11349057189439006,0.11098284947521046,0.12934872835497516,0.11859540426505774,0.10330146873921699,0.10384864647554833,0.11367495003384523,0.10672924514772535,0.10002813561403075
9,0.10907329497189594,0.10971249470484465,0.08470801649197442,0.1126748273936718,0.12151766776664802,0.11852059697957028,0.11193513799721837,0.12264528708096081,0.1092126766132156
10,0.11349057189439006,0.11098284947521046,0.12934872835497516,0.11859540426505774,0.10330146873921699,0.10384864647554833,0.11367495003384523,0.10672924514772535,0.10002813561403075
11,0.11349057189439006,0.11098284947521046,0.12934872835497516,0.11859540426505774,0.10330146873921699,0.10384864647554833,0.11367495003384523,0.10672924514772535,0.10002813561403075
12,0.12558106941003713,0.11238909678123625,0.1276141475781094,0.09637134245832424,0.10702171308525131,0.11307673655851162,0.11636672913849093,0.10507281858001705,0.09650634641002197
13,0.1219431981028485,0.10838689228244434,0.11604130683086868,0.11865494034995598,0.10437427460121686,0.09554865714893247,0.10148894995144321,0.10775784040951282,0.12580394032277742
14,0.14214364326235562,0.11372073317313927,0.10454358865769661,0.12229954939557139,0.115001497286237,0.10288989864495215,0.10844590098590287,0.10304795989414581,0.08790722869999962
15,0.09816329186994653,0.14129990674352427,0.09685197858987013,0.10842115747731929,0.1117328303663923,0.11776314792962964,0.10058214581446724,0.11058191331315163,0.11460362789569896
16,0.12018509430926075,0.11844491130424932,0.0804102264862363,0.12551154425771693,0.11260416387958638,0.10725480814275305,0.10110862601867508,0.1161225598413888,0.11835806576013314
17,0.10694754483975003,0.11203251578636335,0.12756907896636668,0.12021578668577697,0.10100824867504801,0.10484136246479699,0.11456800451317554,0.10844605857561415,0.1043713994931085
18,0.1412212460217273,0.10877501602629704,0.11593669748342239,0.09983765741538751,0.11314611309900512,0.10824985210889013,0.10901797217599812,0.10223110114467514,0.10158434452459723
19,0.14214364326235562,0.11372073317313927,0.10454358865769661,0.12229954939557139,0.115001497286237,0.10288989864495215,0.10844590098590287,0.10304795989414581,0.08790722869999962
20,0.1301712717685701,0.11970325282323671,0.106694916079928,0.12467261307410925,0.11360044701001122,0.10275133936069387,0.09580042612114714,0.10626383857053044,0.10034189519177322
21,0.09502945780477029,0.13045442761791956,0.12375337282267279,0.09217738694388332,0.10768251063849313,0.11933072837068301,0.11071917384681568,0.10030225929355978,0.12055068266120264
22,0.10218843917261995,0.11972372675163953,0.10272961705593847,0.09500569085244838,0.11472171002216057,0.12161562783003314,0.12231642320442133,0.11577759715562377,0.1059211679551145
23,0.12018509430926075,0.11844491130424932,0.0804102264862363,0.12551154425771693,0.11260416387958638,0.10725480814275305,0.10110862601867508,0.1161225598413888,0.11835806576013314
24,0.10722011338994708,0.12609186844897388,0.12577174969488758,0.12346463248601083,0.08851058709330588,0.10040893876120854,0.10120095137959778,0.10987658763347798,0.11745457111259053
25,0.1301712717685701,0.11970325282323671,0.106694916079928,0.12467261307410925,0.11360044701001122,0.10275133936069387,0.09580042612114714,0.10626383857053044,0.10034189519177322
26,0.14214364326235562,0.11372073317313927,0.10454358865769661,0.12229954939557139,0.115001497286237,0.10288989864495215,0.10844590098590287,0.10304795989414581,0.08790722869999962
27,0.13735239309492744,0.11406688864443026,0.10645648325953666,0.13085873136524967,0.10864953296375934,0.10309527859563147,0.09725199233923801,0.10273546161570238,0.09953323812152497
28,0.11349057189439006,0.11098284947521046,0.12934872835497516,0.11859540426505774,0.10330146873921699,0.10384864647554833,0.11367495003384523,0.10672924514772535,0.10002813561403075
29,0.10218843917261995,0.11972372675163953,0.10272961705593847,0.09500569085244838,0.11472171002216057,0.12161562783003314,0.12231642320442133,0.11577759715562377,0.1059211679551145
30,0.09992417717352362,0.13601988056315883,0.11032475084706761,0.11127662116472405,0.09948813801847929,0.1140916520521569,0.10889617757063787,0.10202935209360887,0.11794925051664328
31,0.1412212460217273,0.10877501602629704,0.11593669748342239,0.09983765741538751,0.11314611309900512,0.10824985210889013,0.10901797217599812,0.10223110114467514,0.10158434452459723
32,0.1412212460217273,0.10877501602629704,0.11593669748342239,0.09983765741538751,0.11314611309900512,0.10824985210889013,0.10901797217599812,0.10223110114467514,0.10158434452459723
33,0.08800987857909844,0.11317587550037983,0.13503065716978338,0.0804139607956896,0.10558553637294396,0.12302913820091024,0.12152436664320673,0.09762662511001136,0.13560396162797672
34,0.09059140264795511,0.14273240805524823,0.11679386979423168,0.09224479858772318,0.108281446995344,0.12352705411714641,0.11588515413068859,0.10277645583481436,0.1071674098368484
35,0.1301712717685701,0.11970325282323671,0.106694916079928,0.12467261307410925,0.11360044701001122,0.10275133936069387,0.09580042612114714,0.10626383857053044,0.10034189519177322
36,0.0957883118763988,0.13204747078642795,0.11790978069811882,0.09571326028951688,0.10858574100540667,0.12707037102132612,0.10859026086811198,0.10406175603496189,0.11023304741973103
37,0.08800987857909844,0.11317587550037983,0.13503065716978338,0.0804139607956896,0.10558553637294396,0.12302913820091024,0.12152436664320673,0.09762662511001136,0.13560396162797672
38,0.1412212460217273,0.10877501602629704,0.11593669748342239,0.09983765741538751,0.11314611309900512,0.10824985210889013,0.10901797217599812,0.10223110114467514,0.10158434452459723
39,0.1061814480086757,0.11972864952374497,0.10692414214585225,0.10914300603312774,0.10779479071713469,0.11577651712141411,0.11148918323828017,0.10868001194639348,0.11428225126537662
40,0.13735239309492744,0.11406688864443026,0.10645648325953666,0.13085873136524967,0.10864953296375934,0.10309527859563147,0.09725199233923801,0.10273546161570238,0.09953323812152497
41,0.12018509430926075,0.11844491130424932,0.0804102264862363,0.12551154425771693,0.11260416387958638,0.10725480814275305,0.10110862601867508,0.1161225598413888,0.11835806576013314
42,0.1412212460217273,0.10877501602629704,0.11593669748342239,0.09983765741538751,0.11314611309900512,0.10824985210889013,0.10901797217599812,0.10223110114467514,0.10158434452459723
43,0.10907329497189594,0.10971249470484465,0.08470801649197442,0.1126748273936718,0.12151766776664802,0.11852059697957028,0.11193513799721837,0.12264528708096081,0.1092126766132156
44,0.12018509430926075,0.11844491130424932,0.0804102264862363,0.12551154425771693,0.11260416387958638,0.10725480814275305,0.10110862601867508,0.1161225598413888,0.11835806576013314
45,0.12018509430926075,0.11844491130424932,0.0804102264862363,0.12551154425771693,0.11260416387958638,0.10725480814275305,0.10110862601867508,0.1161225598413888,0.11835806576013314
46,0.10722011338994708,0.12609186844897388,0.12577174969488758,0.12346463248601083,0.08851058709330588,0.10040893876120854,0.10120095137959778,0.10987658763347798,0.11745457111259053
47,0.14214364326235562,0.11372073317313927,0.10454358865769661,0.12229954939557139,0.115001497286237,0.10288989864495215,0.10844590098590287,0.10304795989414581,0.08790722869999962
48,0.1219431981028485,0.10838689228244434,0.11604130683086868,0.11865494034995598,0.10437427460121686,0.09554865714893247,0.10148894995144321,0.10775784040951282,0.12580394032277742
49,0.1061814480086757,0.11972864952374497,0.10692414214585225,0.10914300603312774,0.10779479071713469,0.11577651712141411,0.11148918323828017,0.10868001194639348,0.11428225126537662
50,0.1061814480086757,0.11972864952374497,0.10692414214585225,0.10914300603312774,0.10779479071713469,0.11577651712141411,0.11148918323828017,0.10868001194639348,0.11428225126537662
51,0.10218843917261995,0.11972372675163953,0.10272961705593847,0.09500569085244838,0.11472171002216057,0.12161562783003314,0.12231642320442133,0.11577759715562377,0.1059211679551145
52,0.12018509430926075,0.11844491130424932,0.0804102264862363,0.12551154425771693,0.11260416387958638,0.10725480814275305,0.10110862601867508,0.1161225598413888,0.11835806576013314
53,0.10694754483975003,0.11203251578636335,0.12756907896636668,0.12021578668577697,0.10100824867504801,0.10484136246479699,0.11456800451317554,0.10844605857561415,0.1043713994931085
54,0.09816329186994653,0.14129990674352427,0.09685197858987013,0.10842115747731929,0.1117328303663923,0.11776314792962964,0.10058214581446724,0.11058191331315163,0.11460362789569896
55,0.1301712717685701,0.11970325282323671,0.106694916079928,0.12467261307410925,0.11360044701001122,0.10275133936069387,0.09580042612114714,0.10626383857053044,0.10034189519177322
56,0.08800987857909844,0.11317587550037983,0.13503065716978338,0.0804139607956896,0.10558553637294396,0.12302913820091024,0.12152436664320673,0.09762662511001136,0.13560396162797672
57,0.1061814480086757,0.11972864952374497,0.10692414214585225,0.10914300603312774,0.10779479071713469,0.11577651712141411,0.11148918323828017,0.10868001194639348,0.11428225126537662
58,0.1301712717685701,0.11970325282323671,0.106694916079928,0.12467261307410925,0.11360044701001122,0.10275133936069387,0.09580042612114714,0.10626383857053044,0.10034189519177322
0,0.08762107437089421,0.10652840874057766,0.1117989065497242,0.1450284444754713,0.0964947550230621,0.11811445909780796,0.10529862617062304,0.11454798112314117,0.11456734444869861
1,0.09218449763598531,0.09836846853142207,0.13450376841658074,0.13095126230108295,0.0981382047871745,0.10571881757807884,0.11101946955114242,0.11159614645269528,0.11751936474583805
2,0.11080894076984502,0.10928002320759791,0.1304954625296273,0.08349828186402551,0.11264395088799627,0.1179109229431095,0.12202602599771588,0.11094506845653061,0.10239132334355208
3,0.1043125813698974,0.13128805843008068,0.09693830575152415,0.11345345991423174,0.11044020007514262,0.11397415299237436,0.10536820018566069,0.11127543456538307,0.11294960671570549
4,0.09910523103533883,0.11336479290572173,0.11161952613992553,0.12866587901736587,0.10224989743548689,0.1196732440919927,0.10565628185581133,0.10656206013493116,0.11310308738342621
5,0.11414291420582545,0.12480679570115435,0.11500458084933714,0.09660264760389643,0.10502655961044018,0.1017115886786742,0.11300171726581701,0.10546271384238229,0.124240482242473
6,0.13178945501217998,0.0820884589813857,0.13862239741880852,0.10973630052278176,0.10958343948841817,0.1008083649758406,0.11855936567981484,0.10108940247216233,0.1077228154486081
7,0.1084880287748769,0.091274509223482,0.10097780603695887,0.10185229949376824,0.11454068661982969,0.10856431518073067,0.1141382523181056,0.11579275708728701,0.144371345264961
8,0.1043125813698974,0.13128805843008068,0.09693830575152415,0.11345345991423174,0.11044020007514262,0.11397415299237436,0.10536820018566069,0.11127543456538307,0.11294960671570549
9,0.1043125813698974,0.13128805843008068,0.09693830575152415,0.11345345991423174,0.11044020007514262,0.11397415299237436,0.10536820018566069,0.11127543456538307,0.11294960671570549
10,0.10553047154117068,0.09931279252692443,0.10737934274958431,0.1327995744894392,0.10810214158858389,0.1156687245294814,0.1039137978838162,0.11803945947157286,0.10925369521942678
11,0.1043125813698974,0.13128805843008068,0.09693830575152415,0.11345345991423174,0.11044020007514262,0.11397415299237436,0.10536820018566069,0.11127543456538307,0.11294960671570549
12,0.11662790994879266,0.13239514435926902,0.0989791303652498,0.09615684345711988,0.11272267781764846,0.12337583031198465,0.10475938605859846,0.1027377274367372,0.11224535024459939
13,0.11097040775911214,0.10695065116348883,0.14810654031206597,0.1018033304337001,0.10628236422204887,0.11020629864762008,0.12625542324724778,0.09726194432851143,0.09216303988620463
14,0.09910523103533883,0.11336479290572173,0.11161952613992553,0.12866587901736587,0.10224989743548689,0.1196732440919927,0.10565628185581133,0.10656206013493116,0.11310308738342621
15,0.08097999424893436,0.07819765116836508,0.11550192736561195,0.13937831572518872,0.09973580566609921,0.10280018267501699,0.10770603276263692,0.12455605804407831,0.1511440323440684
16,0.09218449763598531,0.09836846853142207,0.13450376841658074,0.13095126230108295,0.0981382047871745,0.10571881757807884,0.11101946955114242,0.11159614645269528,0.11751936474583805
17,0.11414291420582545,0.12480679570115435,0.11500458084933714,0.09660264760389643,0.10502655961044018,0.1017115886786742,0.11300171726581701,0.10546271384238229,0.124240482242473
18,0.11590570968282818,0.11323631171686563,0.1295996912464075,0.11516329422187678,0.10487599469948135,0.1034811817187653,0.1071671092983017,0.1027788231935483,0.10779188422192568
19,0.0997504858909575,0.11792958770618112,0.1202905458148108,0.10701656888358044,0.10587272297050049,0.11248519093835532,0.11116312274102043,0.10661229240322649,0.11887948265136745
20,0.13001344008650326,0.11704033069106089,0.11598625697153087,0.08977988318669175,0.11241246675135286,0.11349490155651216,0.11056536692386496,0.10094644905100515,0.10976090478147828
21,0.1043125813698974,0.13128805843008068,0.09693830575152415,0.11345345991423174,0.11044020007514262,0.11397415299237436,0.10536820018566069,0.11127543456538307,0.11294960671570549
22,0.08097999424893436,0.07819765116836508,0.11550192736561195,0.13937831572518872,0.09973580566609921,0.10280018267501699,0.10770603276263692,0.12455605804407825,0.1511440323440684
23,0.10461821498162095,0.13007036670535205,0.09787001879807658,0.09656039965604507,0.10787191385407406,0.12465406259569481,0.1087523121509062,0.10715626156232215,0.12244644969590823
24,0.11336206288915289,0.0987005411047217,0.11307890370119886,0.11948208993910513,0.11353552424627175,0.10662252101469774,0.12232737498292627,0.11540983202413324,0.09748115009779254
25,0.11336206288915289,0.0987005411047217,0.11307890370119886,0.11948208993910513,0.11353552424627175,0.10662252101469774,0.12232737498292627,0.11540983202413324,0.09748115009779254
26,0.1043125813698974,0.13128805843008068,0.09693830575152415,0.11345345991423174,0.11044020007514262,0.11397415299237436,0.10536820018566069,0.11127543456538307,0.11294960671570549
27,0.13001344008650326,0.11704033069106089,0.11598625697153087,0.08977988318669175,0.11241246675135286,0.11349490155651216,0.11056536692386496,0.10094644905100515,0.10976090478147828
28,0.11336206288915289,0.0987005411047217,0.11307890370119886,0.11948208993910513,0.11353552424627175,0.10662252101469774,0.12232737498292627,0.11540983202413324,0.09748115009779254
29,0.11336206288915289,0.0987005411047217,0.11307890370119886,0.11948208993910513,0.11353552424627175,0.10662252101469774,0.12232737498292627,0.11540983202413324,0.09748115009779254
30,0.11815262378462395,0.11241769336198375,0.11940932934102563,0.11945757336964333,0.10278181148192414,0.10087722533841036,0.10787815190400099,0.11061249116542682,0.10841310025296157
31,0.10553047154117068,0.09931279252692443,0.10737934274958431,0.1327995744894392,0.10810214158858389,0.1156687245294814,0.1039137978838162,0.11803945947157286,0.10925369521942678
32,0.11414291420582545,0.12480679570115435,0.11500458084933714,0.09660264760389643,0.10502655961044018,0.1017115886786742,0.11300171726581701,0.10546271384238229,0.124240482242473
33,0.1043125813698974,0.13128805843008068,0.09693830575152415,0.11345345991423174,0.11044020007514262,0.11397415299237436,0.10536820018566069,0.11127543456538307,0.11294960671570549
34,0.08840782111760358,0.13453931503154676,0.14505343701022272,0.10142492687018963,0.09783878355215801,0.11633020688806282,0.12554632397981624,0.10240693146389919,0.0884522540865012
35,0.1043125813698974,0.13128805843008068,0.09693830575152415,0.11345345991423174,0.11044020007514262,0.11397415299237436,0.10536820018566069,0.11127543456538307,0.11294960671570549
36,0.08097999424893436,0.07819765116836508,0.11550192736561195,0.13937831572518872,0.09973580566609921,0.10280018267501699,0.10770603276263692,0.12455605804407825,0.1511440323440684
