,Estim(XGBClassifier)_Imputer(IterativeImputer(<class 'sklearn.linear_model._bayes.BayesianRidge'>)),Estim(XGBClassifier)_Imputer(IterativeImputer(<class 'xgboost.sklearn.XGBRegressor'>)),Estim(XGBClassifier)_Imputer(IterativeImputer(<class 'sklearn.ensemble._forest.RandomForestRegressor'>)),Estim(XGBClassifier)_Imputer(KNNImputer),Estim(RandomForestClassifier)_Imputer(IterativeImputer(<class 'sklearn.linear_model._bayes.BayesianRidge'>)),Estim(RandomForestClassifier)_Imputer(IterativeImputer(<class 'xgboost.sklearn.XGBRegressor'>)),Estim(RandomForestClassifier)_Imputer(IterativeImputer(<class 'sklearn.ensemble._forest.RandomForestRegressor'>)),Estim(RandomForestClassifier)_Imputer(KNNImputer),Estim(<class 'new_base.ClassifierWithImputation'>)_Imputer(Identity)
0,0.11433533839562342,0.13547193302225125,0.1271839319403606,0.12591137384284645,0.10011373523206485,0.10320198053437903,0.1133893389709759,0.10881762577878314,0.07157474228271533
1,0.1092926974614223,0.10338897012724936,0.1295701685308741,0.09323412016767917,0.10489937341339145,0.11125940553233218,0.11990421945225523,0.09866548975511802,0.12978555555967844
2,0.12630512066543867,0.13112885656085155,0.1297039374378316,0.13029049502758777,0.09888379011027251,0.08914830677417851,0.11061798134008007,0.10291740362012561,0.08100410846363379
3,0.11567230506449494,0.11746147723229088,0.11220896457599819,0.11074040091673175,0.10785512566347392,0.10911357942273227,0.10576453624045877,0.10665265652695331,0.11453095435686587
4,0.11446160367587753,0.12322750580594455,0.12338833184654636,0.11651255655941457,0.10689535196576565,0.10941203815879666,0.1195656858473058,0.0977883883066268,0.0887485378337218
5,0.10436846106695508,0.11033098566921398,0.12488294673430692,0.11084661036967702,0.11453814262844483,0.1146299308296717,0.12386380745266001,0.10775430437799989,0.08878481087107055
6,0.10986960400036047,0.11517298954469879,0.11836120514801625,0.11984577500946186,0.10109602528312057,0.11248995150571438,0.10880553973515972,0.10295035079737981,0.11140855897608795
7,0.10074248183833179,0.11930576584608303,0.13917112184059155,0.09703181671432827,0.10102931408112291,0.10660976222029604,0.10951667642883776,0.1018762550625675,0.12471680596784113
8,0.11013151788784022,0.11694035080290759,0.1397625684849014,0.10141088486769903,0.09780385070244807,0.10939807055189034,0.12091510521897397,0.10173027125398573,0.10190738022935354
9,0.09331488911115929,0.1051972698324447,0.11891806377315986,0.11755623767764284,0.11304905056405815,0.11462721312562997,0.11181138665468252,0.11325944139798232,0.11226644786324028
10,0.12630512066543867,0.13112885656085155,0.1297039374378316,0.13029049502758777,0.09888379011027251,0.08914830677417851,0.11061798134008007,0.10291740362012561,0.08100410846363379
11,0.1092926974614223,0.10338897012724936,0.1295701685308741,0.09323412016767917,0.10489937341339145,0.11125940553233218,0.11990421945225523,0.09866548975511802,0.12978555555967844
12,0.11541050458316938,0.13577366743959235,0.12914067567107407,0.12535333511642627,0.10075417179713282,0.10073608907848541,0.12089335667273271,0.1032045529199361,0.068733646721451
13,0.10074248183833179,0.11930576584608303,0.13917112184059155,0.09703181671432827,0.10102931408112291,0.10660976222029604,0.10951667642883776,0.1018762550625675,0.12471680596784113
14,0.1092926974614223,0.10338897012724936,0.1295701685308741,0.09323412016767917,0.10489937341339145,0.11125940553233218,0.11990421945225523,0.09866548975511802,0.12978555555967844
15,0.09331488911115929,0.1051972698324447,0.11891806377315986,0.11755623767764284,0.11304905056405815,0.11462721312562997,0.11181138665468252,0.11325944139798232,0.11226644786324028
16,0.11567230506449494,0.11746147723229088,0.11220896457599819,0.11074040091673175,0.10785512566347392,0.10911357942273227,0.10576453624045877,0.10665265652695331,0.11453095435686587
17,0.10436846106695508,0.11033098566921398,0.12488294673430692,0.11084661036967702,0.11453814262844483,0.1146299308296717,0.12386380745266001,0.10775430437799989,0.08878481087107055
18,0.09200795214664206,0.10215551720812159,0.12292087250067454,0.10635868051421882,0.10859200833294787,0.11506322467949616,0.1095903430052355,0.10895254020912606,0.13435886140353773
19,0.10201503848949882,0.1002449903881732,0.10854483698641201,0.1340639639481331,0.10963013082186202,0.1083851350512438,0.10738508177781994,0.11053397906546296,0.11919684347139424
20,0.098663331816333,0.12507384794147072,0.1157358949141849,0.11691865086723678,0.11047261729713687,0.10551570512980096,0.10129606462637278,0.10358148540671187,0.12274240200075218
21,0.1092926974614223,0.10338897012724936,0.1295701685308741,0.09323412016767917,0.10489937341339145,0.11125940553233218,0.11990421945225523,0.09866548975511802,0.12978555555967844
22,0.1246209361226605,0.12707922111078873,0.11742814310998496,0.10304556920077784,0.1024922138429111,0.10982955371669978,0.11657671300825372,0.09931248063484578,0.0996151692530776
23,0.11644381773435403,0.11758613782530013,0.11682857445810195,0.10860507543401575,0.10761942269647641,0.10940318642522515,0.10953482809372023,0.09859269741976835,0.11538625991303765
24,0.10385770266301217,0.11434474769846296,0.11963538445520426,0.12474992981219064,0.10485294108984461,0.11091635921881744,0.11224358113432091,0.11451801962778423,0.0948813343003627
25,0.10296783941820101,0.10715035347103638,0.13265852470669495,0.0987013490947005,0.10402998187859482,0.10882178573430501,0.11259109508964818,0.10089145492342422,0.13218761568339496
26,0.09709766086864054,0.1366749593917554,0.13407624608216773,0.12385578920845665,0.0963407001399237,0.10349295591462185,0.099896897340748,0.0987073507049752,0.10985744034871128
27,0.12630512066543867,0.13112885656085155,0.1297039374378316,0.13029049502758777,0.09888379011027251,0.08914830677417851,0.11061798134008007,0.10291740362012561,0.08100410846363379
28,0.09331488911115929,0.1051972698324447,0.11891806377315986,0.11755623767764284,0.11304905056405815,0.11462721312562997,0.11181138665468252,0.11325944139798232,0.11226644786324028
29,0.11446160367587753,0.12322750580594455,0.12338833184654636,0.11651255655941457,0.10689535196576565,0.10941203815879666,0.1195656858473058,0.0977883883066268,0.0887485378337218
30,0.10503621873809418,0.1005995124964342,0.12093396515209294,0.1176975316742746,0.10281621959985965,0.10363195050801541,0.11877438280526746,0.11606670359788988,0.11444351542807167
31,0.11446160367587753,0.12322750580594455,0.12338833184654636,0.11651255655941457,0.10689535196576565,0.10941203815879666,0.1195656858473058,0.0977883883066268,0.0887485378337218
32,0.09935890125158207,0.1003819176006883,0.1316674702718795,0.11561321915934172,0.10757431688456139,0.09850568509478735,0.10745065380806136,0.1087831302095137,0.13066470571958483
33,0.12922737191008393,0.09944949728129938,0.12429388414248072,0.08666330851327732,0.10648507386959206,0.11149504347825755,0.12142733144614129,0.09788293945949134,0.12307554989937633
34,0.11450777136135547,0.10337663521644472,0.12999499272024148,0.09300217210951137,0.10725845360733215,0.10900607580507293,0.11880041178773708,0.10083850161004985,0.12321498578225511
35,0.09644530221846412,0.10026972552498209,0.1276270549815872,0.10127931134601985,0.11923810416194036,0.11907040674520562,0.12401825294122946,0.10991262004524646,0.10213922203532497
36,0.10436846106695508,0.11033098566921398,0.12488294673430692,0.11084661036967702,0.11453814262844483,0.1146299308296717,0.12386380745266001,0.10775430437799989,0.08878481087107055
37,0.11087295954065934,0.08404657082963209,0.09076623652600901,0.14836802286169998,0.11601283951889566,0.10365835680390219,0.10567339444838207,0.12765277460021435,0.11294884487060525
38,0.1092926974614223,0.10338897012724936,0.1295701685308741,0.09323412016767917,0.10489937341339145,0.11125940553233218,0.11990421945225523,0.09866548975511802,0.12978555555967844
39,0.1092926974614223,0.10338897012724936,0.1295701685308741,0.09323412016767917,0.10489937341339145,0.11125940553233218,0.11990421945225523,0.09866548975511802,0.12978555555967844
40,0.09935890125158207,0.1003819176006883,0.1316674702718795,0.11561321915934172,0.10757431688456139,0.09850568509478735,0.10745065380806136,0.1087831302095137,0.13066470571958483
41,0.12596135495515187,0.11119057510850128,0.13036244388207707,0.11681875431970154,0.1020552564199365,0.10192947960525679,0.10526919084194786,0.09625713780972338,0.11015580705770364
42,0.1092926974614223,0.10338897012724936,0.1295701685308741,0.09323412016767917,0.10489937341339145,0.11125940553233218,0.11990421945225523,0.09866548975511802,0.12978555555967844
43,0.098663331816333,0.12507384794147072,0.1157358949141849,0.11691865086723678,0.11047261729713687,0.10551570512980096,0.10129606462637278,0.10358148540671187,0.12274240200075218
44,0.13134560159835507,0.13610161241563737,0.09742557581985947,0.10557355595448582,0.10901376388085508,0.10915199710650783,0.09994753834452035,0.10488797556669843,0.10655237931308038
45,0.13649114790236244,0.11552778564651334,0.09606487327880756,0.1224721012316594,0.10684288390887119,0.10851120446113736,0.09793058302235676,0.1020279917135883,0.11413142883470363
46,0.10436846106695508,0.11033098566921398,0.12488294673430692,0.11084661036967702,0.11453814262844483,0.1146299308296717,0.12386380745266001,0.10775430437799989,0.08878481087107055
47,0.10153223734050991,0.10020455449401437,0.12360969661802401,0.11297054895691504,0.10433633866270678,0.10331464574793794,0.11938212653281007,0.10612365103009422,0.12852620061698794
48,0.09416371845555563,0.11814575323753453,0.09952251444797844,0.12421511982774829,0.10215543280675156,0.11219832770995859,0.10537709412753923,0.11200621827306619,0.13221582111386773
49,0.10616200834106755,0.10273607135520194,0.14625312933145276,0.08571693218608802,0.10244311882014577,0.10855634367241546,0.1230651074737027,0.10293720958626967,0.12213007923365624
50,0.1092926974614223,0.10338897012724936,0.1295701685308741,0.09323412016767917,0.10489937341339145,0.11125940553233218,0.11990421945225523,0.09866548975511802,0.12978555555967844
51,0.10219313970480691,0.11483154850898263,0.13359738001030488,0.11081697095640036,0.09687135201683894,0.11239015000835727,0.11307797340359925,0.1054347706792115,0.11078671471149829
52,0.09935890125158207,0.1003819176006883,0.1316674702718795,0.11561321915934172,0.10757431688456139,0.09850568509478735,0.10745065380806136,0.1087831302095137,0.13066470571958483
53,0.09935890125158207,0.1003819176006883,0.1316674702718795,0.11561321915934172,0.10757431688456139,0.09850568509478735,0.10745065380806136,0.1087831302095137,0.13066470571958483
54,0.1040707294841853,0.1361544530731083,0.1196827736238706,0.12766184807743275,0.09998568774054982,0.10804006956645779,0.11479922465720845,0.10179323325333554,0.08781198052385142
55,0.10591154591971602,0.10091056552063565,0.11855745475708145,0.12062743353917199,0.10314371204918352,0.10083695796247448,0.11712609497524322,0.11827205467635139,0.1146141806001422
56,0.09935890125158207,0.1003819176006883,0.1316674702718795,0.11561321915934172,0.10757431688456139,0.09850568509478735,0.10745065380806136,0.1087831302095137,0.13066470571958483
57,0.09331488911115929,0.1051972698324447,0.11891806377315986,0.11755623767764284,0.11304905056405815,0.11462721312562997,0.11181138665468252,0.11325944139798232,0.11226644786324028
58,0.09935890125158207,0.1003819176006883,0.1316674702718795,0.11561321915934172,0.10757431688456139,0.09850568509478735,0.10745065380806136,0.1087831302095137,0.13066470571958483
59,0.10370547823351818,0.10268722119345755,0.12637769990348602,0.11693697094811245,0.10701191548323176,0.10315515262243279,0.11835962790770731,0.11194169386401241,0.10982423984404148
0,0.11555782695030602,0.0969826396419721,0.14393702326291044,0.12562859727729744,0.11761765176307885,0.0931541791283604,0.12053016655143592,0.10086806289286776,0.08572385253177116
1,0.12212150565033372,0.13287056877103634,0.13045420343628253,0.09495689637060586,0.09753838439545431,0.1011342965110756,0.11680470643265276,0.09873219184514373,0.10538724658741516
2,0.11587554129572561,0.12261608940972872,0.11693301574509962,0.10697130683504741,0.11467177535271414,0.11436721568853536,0.11597204783764965,0.10223779844406966,0.09035520939142992
3,0.08470536428509395,0.13839266479595777,0.10857939608901232,0.1455108651490679,0.08867910591700792,0.11615887670934467,0.10664027096105982,0.1070810083786032,0.10425244771485229
4,0.11553032347228911,0.11217250659392056,0.11436727520957987,0.11208418794841504,0.11147852410867065,0.1070107519075825,0.11414889721091181,0.10415558478019249,0.10905194876843799
5,0.121322891752508,0.10573173373688807,0.10993344317413598,0.12536359894534221,0.11067457723301562,0.11262116799029351,0.10849954654909964,0.10858448668287082,0.09726855393584642
6,0.12652062064124825,0.1269104321638584,0.12866958840875353,0.08730850056562359,0.10974014453726613,0.10631544907763474,0.11262995180697913,0.0860953563879023,0.1158099564107343
7,0.10054938948684153,0.10598664292686975,0.10693351392788164,0.1255839405977908,0.11036656236336692,0.10660547978049256,0.10982789927364303,0.1173358935464803,0.11681067809663392
8,0.08470536428509395,0.13839266479595777,0.10857939608901232,0.1455108651490679,0.08867910591700792,0.11615887670934467,0.10664027096105982,0.1070810083786032,0.10425244771485229
9,0.12031757880684231,0.11707993943844466,0.11380778202688961,0.11799718680756341,0.10612716460604718,0.09973638513903797,0.10354714753708669,0.0991602517905052,0.12222656384758258
10,0.11555782695030602,0.0969826396419721,0.14393702326291044,0.12562859727729744,0.11761765176307885,0.0931541791283604,0.12053016655143592,0.10086806289286776,0.08572385253177116
11,0.11553032347228911,0.11217250659392056,0.11436727520957987,0.11208418794841504,0.11147852410867065,0.1070107519075825,0.11414889721091181,0.10415558478019249,0.10905194876843799
12,0.11962324794798564,0.12463185034107116,0.12138449099390533,0.10830373071275025,0.11032825331711027,0.10607871820692133,0.11665313664375129,0.1018112008349326,0.09118537100157201
13,0.11122883059790892,0.1356005194944511,0.12435549440972647,0.11951729252356949,0.10182544550796122,0.11442658924193375,0.11873622621576095,0.09536994474715556,0.07893965726153247
14,0.09644745747372827,0.12595171594820573,0.1396630243055637,0.11444040804703605,0.10053604690361705,0.10083788814385777,0.11131676247584259,0.1024123484812983,0.10839434822085038
15,0.10722134444113206,0.10327512017971384,0.12499003658017598,0.09820649902872597,0.11032220711593844,0.10794473971464265,0.1202311081502928,0.11548346456604833,0.11232548022333003
16,0.08470536428509395,0.13839266479595777,0.10857939608901232,0.1455108651490679,0.08867910591700792,0.11615887670934467,0.10664027096105982,0.1070810083786032,0.10425244771485229
17,0.1316529079420115,0.0807368799448983,0.12246434634745618,0.10308628756283526,0.11334827468719522,0.09603219825601265,0.12329419378144765,0.1058109394469279,0.12357397203121494
18,0.08470536428509395,0.13839266479595777,0.10857939608901232,0.1455108651490679,0.08867910591700792,0.11615887670934467,0.10664027096105982,0.1070810083786032,0.10425244771485229
19,0.11569194549233237,0.11030189995496804,0.11684697943459628,0.1056133161180026,0.11613470276347872,0.10787003291267178,0.11060283058935903,0.1055879360531481,0.11135035668144298
20,0.11569194549233237,0.11030189995496804,0.11684697943459628,0.1056133161180026,0.11613470276347872,0.10787003291267178,0.11060283058935903,0.1055879360531481,0.11135035668144298
21,0.10256373563988759,0.11947223160065217,0.1326054409982951,0.12389825603972561,0.09859576062149875,0.09968003090021701,0.1095102895436003,0.09990970328771488,0.11376455136840853
22,0.121322891752508,0.10573173373688807,0.10993344317413598,0.12536359894534221,0.11067457723301562,0.11262116799029351,0.10849954654909964,0.10858448668287082,0.09726855393584642
23,0.1113864630866701,0.08902652697667805,0.11620141448386008,0.10568682842914165,0.1171333097632096,0.10549315567053237,0.12110207706072912,0.11440433717781011,0.1195658873513691
24,0.11569194549233237,0.11030189995496804,0.11684697943459628,0.1056133161180026,0.11613470276347872,0.10787003291267178,0.11060283058935903,0.1055879360531481,0.11135035668144298
25,0.10308600459825154,0.13792076709414325,0.0891305887158495,0.11313452732167525,0.10430898089760215,0.11733633120751182,0.10253296753761945,0.1122120410890192,0.12033779153832758
26,0.11570526359379485,0.11553442728596644,0.11617504844600579,0.10655402067765632,0.10958642931970168,0.10783748435402456,0.11771712525728519,0.1099614015100144,0.10092879955555076
27,0.11289959926701794,0.12604774368323995,0.12617237144526716,0.11534208497153947,0.10695537870253649,0.1033374324840679,0.10453368479896898,0.10174843522672959,0.10296326942063289
28,0.11569194549233237,0.11030189995496804,0.11684697943459628,0.1056133161180026,0.11613470276347872,0.10787003291267178,0.11060283058935903,0.1055879360531481,0.11135035668144298
29,0.11569194549233237,0.11030189995496804,0.11684697943459628,0.1056133161180026,0.11613470276347872,0.10787003291267178,0.11060283058935903,0.1055879360531481,0.11135035668144298
30,0.12031757880684231,0.11707993943844466,0.11380778202688961,0.11799718680756341,0.10612716460604718,0.09973638513903797,0.10354714753708669,0.0991602517905052,0.12222656384758258
31,0.1458558924508477,0.11542024359784729,0.10868605732697961,0.1077643339489312,0.12512499729098764,0.11189213070448559,0.11304270334411307,0.09886109473919712,0.07335254659661081
32,0.10377661430912613,0.12386727136068158,0.11760627873072624,0.09581505560284416,0.1035519567637764,0.12141852839660272,0.11035670551713092,0.1070334506582887,0.11657413866082292
33,0.1316529079420115,0.0807368799448983,0.12246434634745618,0.10308628756283526,0.11334827468719522,0.09603219825601265,0.12329419378144765,0.1058109394469279,0.12357397203121494
34,0.1316529079420115,0.0807368799448983,0.12246434634745618,0.10308628756283526,0.11334827468719522,0.09603219825601265,0.12329419378144765,0.1058109394469279,0.12357397203121494
35,0.10266981768509205,0.14362902062315552,0.10647596496272844,0.10229607098719179,0.10591998480068014,0.11477421618289482,0.10431195188743737,0.10463619151267826,0.11528678135814177
36,0.11553032347228911,0.11217250659392056,0.11436727520957987,0.11208418794841504,0.11147852410867065,0.1070107519075825,0.11414889721091181,0.10415558478019249,0.10905194876843799
37,0.10054938948684153,0.10598664292686975,0.10693351392788164,0.1255839405977908,0.11036656236336692,0.10660547978049256,0.10982789927364303,0.1173358935464803,0.11681067809663392
38,0.12364343458698866,0.10613990961434953,0.12260807860850649,0.12303393314574915,0.10836311122769897,0.09779697249604295,0.11287723627507866,0.10393702264095081,0.10160030140463465
39,0.08470536428509395,0.13839266479595777,0.10857939608901232,0.1455108651490679,0.08867910591700792,0.11615887670934467,0.10664027096105982,0.1070810083786032,0.10425244771485229
40,0.12212150565033372,0.13287056877103634,0.13045420343628253,0.09495689637060586,0.09753838439545431,0.1011342965110756,0.11680470643265276,0.09873219184514373,0.10538724658741516
41,0.09748684224584742,0.13893196302112656,0.09985868661938468,0.1221007556540199,0.10133043939401694,0.11548400567573427,0.10084550331975844,0.11005995998204021,0.1139018440880718
42,0.10934645497620656,0.09045689482057417,0.0987612622828986,0.12794894609322208,0.11415479719197856,0.10831259238988541,0.109601858363617,0.11903130806305502,0.12238588581856269
43,0.08470536428509395,0.13839266479595777,0.10857939608901232,0.1455108651490679,0.08867910591700792,0.11615887670934467,0.10664027096105982,0.1070810083786032,0.10425244771485229
44,0.10910379830924535,0.14075949388984538,0.12666917907695757,0.09644118662110342,0.10704574537495955,0.11396502603076575,0.12196911727570185,0.09790759336221333,0.08613886005920789
45,0.1093059613062312,0.1142936671801757,0.1082844991058131,0.12389270246187824,0.1055992931998106,0.10989843937925292,0.1043764581714898,0.11040807802039002,0.1139409011749583
46,0.15613973471351547,0.10429797866144215,0.1008401955596992,0.09821515935220321,0.13449329644274308,0.11049948830218465,0.11019124931523551,0.10267455243224771,0.08264834522072902
47,0.10054938948684153,0.10598664292686975,0.10693351392788164,0.1255839405977908,0.11036656236336692,0.10660547978049256,0.10982789927364303,0.1173358935464803,0.11681067809663392
48,0.12212150565033372,0.13287056877103634,0.13045420343628253,0.09495689637060586,0.09753838439545431,0.1011342965110756,0.11680470643265276,0.09873219184514373,0.10538724658741516
49,0.11555782695030602,0.0969826396419721,0.14393702326291044,0.12562859727729744,0.11761765176307885,0.0931541791283604,0.12053016655143592,0.10086806289286776,0.08572385253177116
50,0.1274059707963728,0.10106642523921658,0.12434348099454928,0.09477237141038401,0.12062890829447606,0.11403555263860356,0.13044640860021384,0.10354136103113322,0.08375952099505014
51,0.11569194549233237,0.11030189995496804,0.11684697943459628,0.1056133161180026,0.11613470276347872,0.10787003291267178,0.11060283058935903,0.1055879360531481,0.11135035668144298
52,0.1212604250296962,0.11947249071521733,0.10373009684101188,0.10066665735387927,0.10815661461382091,0.10503786620742937,0.10811406578591412,0.10418124966384243,0.12938053378918843
53,0.13739534311756307,0.11155323945692497,0.12362821514478727,0.10467176093144677,0.11132000825956505,0.10444227647817508,0.11844767866158529,0.09485970388447648,0.09368177406547612
54,0.11594265632321389,0.10788189662207527,0.13938772634103866,0.1111572886187491,0.11179658230900286,0.09971648146892102,0.1196771749440363,0.09564546155303469,0.09879473181992812
55,0.13470019369274275,0.13941153310238977,0.11272945689236899,0.08980347289618033,0.10791670559433765,0.10860627231306172,0.1158136526594644,0.10277134639287107,0.08824736645658306
56,0.09107126095924177,0.10015750970584544,0.11204988065760266,0.13449680994872507,0.10143634897525937,0.10252517227491233,0.11471278562844732,0.11487123671879881,0.12867899513116748
57,0.10054938948684153,0.10598664292686975,0.10693351392788164,0.1255839405977908,0.11036656236336692,0.10660547978049256,0.10982789927364303,0.1173358935464803,0.11681067809663392
58,0.1316529079420115,0.0807368799448983,0.12246434634745618,0.10308628756283526,0.11334827468719522,0.09603219825601265,0.12329419378144765,0.1058109394469279,0.12357397203121494
59,0.10912444469010599,0.11606641196833435,0.12980594164372825,0.11468738804632098,0.1061689775743742,0.10584777119817093,0.11546631174632645,0.10756049447325976,0.09527225865937897
0,0.09770581809315353,0.1373477426373642,0.12509351704909744,0.12805170019552511,0.09909869095863967,0.11175717274702882,0.10611974456667995,0.10477688015944098,0.09004873359307039
1,0.12211282062327466,0.12865897128709416,0.12930008220114683,0.11241475336757056,0.09568503109429087,0.10112943154699508,0.10465902100313426,0.09474449472596906,0.11129539415052486
2,0.11521765268120206,0.10332845329367292,0.11870460236964372,0.11987468946372842,0.10456810268575804,0.10408183338052261,0.10672858301889382,0.1085289989287817,0.11896708417779644
3,0.13034036208769537,0.11676468101372867,0.09422005978686224,0.11918871372801329,0.11202660926444125,0.10577390015959408,0.09851783500987912,0.10793032873176144,0.11523751021802475
4,0.12380114043202636,0.11371461209677831,0.10837671188521313,0.12005167359861035,0.11041435104488116,0.10867790627428726,0.11239206681135373,0.10706610525912577,0.09550543259772427
5,0.10691179909140419,0.12209549622496525,0.10551005415001102,0.09707440757278452,0.10917258734107743,0.11148935261302013,0.11901643612745985,0.10631431134645121,0.12241555553282635
6,0.09027667867390822,0.13193329135444284,0.15040476796801963,0.12854299030099867,0.0954288717766149,0.10570355360872002,0.11256010085707838,0.10434700245654986,0.08080274300366747
7,0.0979949516203183,0.12377876651170397,0.12138030670915934,0.1215821419800521,0.10115320387862457,0.10855496286190616,0.10977512074546349,0.10490618299890431,0.11087436269386733
8,0.09055870564489228,0.113467380899359,0.11994675802129774,0.10829906703554958,0.10449062667503319,0.1238352328264946,0.11787318736635731,0.10920882430194145,0.11232021722907509
9,0.09025697541094672,0.13478889082371776,0.14526557033095566,0.08276282537088184,0.10400834384686343,0.10811424960485364,0.1215731373338673,0.09987378470875466,0.11335622256915909
10,0.0979949516203183,0.12377876651170397,0.12138030670915934,0.1215821419800521,0.10115320387862457,0.10855496286190616,0.10977512074546349,0.10490618299890431,0.11087436269386733
11,0.10877714277739853,0.11901721422338354,0.12212026975922026,0.12351041684329123,0.09894661561124797,0.10519396304462195,0.10610328584784862,0.09985217829734037,0.11647891359564781
12,0.0979949516203183,0.12377876651170397,0.12138030670915934,0.1215821419800521,0.10115320387862457,0.10855496286190616,0.10977512074546349,0.10490618299890431,0.11087436269386733
13,0.09662348055609615,0.12248651894376665,0.11257245279722317,0.10874504411702361,0.10483707343902773,0.11543856587821445,0.11096554509881343,0.11055743272880295,0.1177738864410314
14,0.12505621824974264,0.12705647494371422,0.12062440698069121,0.11233272172414864,0.10485963127339029,0.10620286890419368,0.1055692213404139,0.10814037223793677,0.09015808434576848
15,0.10691179909140419,0.12209549622496525,0.10551005415001102,0.09707440757278452,0.10917258734107743,0.11148935261302013,0.11901643612745985,0.10631431134645121,0.12241555553282635
16,0.12157210220729275,0.1253394166334198,0.12360301074865206,0.11249894965368817,0.10225478992573345,0.10254607265295476,0.10686717834825864,0.09926380664388822,0.10605467318611243
17,0.11151596058456542,0.11823807592196536,0.12543886790673964,0.10102958916571722,0.10146280242937064,0.10830172831049555,0.1102947472345987,0.10707659791958972,0.11664163052695778
18,0.12211282062327466,0.12865897128709416,0.12930008220114683,0.11241475336757056,0.09568503109429087,0.10112943154699508,0.10465902100313426,0.09474449472596906,0.11129539415052486
19,0.12505621824974264,0.12705647494371422,0.12062440698069121,0.11233272172414864,0.10485963127339029,0.10620286890419368,0.10556922134041384,0.10814037223793677,0.09015808434576848
20,0.12505621824974264,0.12705647494371422,0.12062440698069121,0.11233272172414864,0.10485963127339029,0.10620286890419368,0.10556922134041384,0.10814037223793677,0.09015808434576848
21,0.1261905520380457,0.09005436668015064,0.10703285061799142,0.14972383307596226,0.10978618382473357,0.10618618426710377,0.10982062171136876,0.1170204345989761,0.0841849731856681
22,0.13034036208769537,0.11676468101372867,0.09422005978686224,0.11918871372801329,0.11202660926444125,0.10577390015959408,0.09851783500987912,0.10793032873176144,0.11523751021802475
23,0.0979949516203183,0.12377876651170397,0.12138030670915934,0.1215821419800521,0.10115320387862457,0.10855496286190616,0.10977512074546349,0.10490618299890431,0.11087436269386733
24,0.09862180832329856,0.11372182612663904,0.09979969931153138,0.1090721507112366,0.10262768875529335,0.11579487483105022,0.11673745488182982,0.10273908463971243,0.14088541241940875
25,0.11957999522740793,0.10896244118131869,0.13668281754130743,0.10745788494179064,0.10272471739944192,0.10906425702227311,0.11576207082565862,0.10526155006336704,0.0945042657974349
26,0.09777389992937208,0.0925402342647624,0.10805796985835721,0.12831157243851588,0.11130358900941319,0.11211011559918416,0.12187240886431135,0.11103894891072469,0.11699126112535886
27,0.0979949516203183,0.12377876651170397,0.12138030670915934,0.1215821419800521,0.10115320387862457,0.10855496286190616,0.10977512074546349,0.10490618299890431,0.11087436269386733
28,0.0979949516203183,0.12377876651170397,0.12138030670915934,0.1215821419800521,0.10115320387862457,0.10855496286190616,0.10977512074546349,0.10490618299890431,0.11087436269386733
29,0.09662348055609615,0.12248651894376665,0.11257245279722317,0.10874504411702361,0.10483707343902773,0.11543856587821445,0.11096554509881343,0.11055743272880295,0.1177738864410314
30,0.09662348055609615,0.12248651894376665,0.11257245279722317,0.10874504411702361,0.10483707343902773,0.11543856587821445,0.11096554509881343,0.11055743272880295,0.1177738864410314
31,0.09862180832329856,0.11372182612663904,0.09979969931153138,0.1090721507112366,0.10262768875529335,0.11579487483105022,0.11673745488182982,0.10273908463971243,0.14088541241940875
32,0.10706031625311632,0.12920699715889164,0.13729711173711048,0.09859785408639997,0.10159388596344304,0.09985976738760807,0.1093429353726079,0.09966863120437255,0.11737250083645018
33,0.13034036208769537,0.11676468101372867,0.09422005978686224,0.11918871372801329,0.11202660926444125,0.10577390015959408,0.09851783500987912,0.10793032873176144,0.11523751021802475
34,0.0979949516203183,0.12377876651170397,0.12138030670915934,0.1215821419800521,0.10115320387862457,0.10855496286190616,0.10977512074546349,0.10490618299890431,0.11087436269386733
35,0.09832498693351353,0.14474018100218358,0.11665776539889845,0.1395928435774586,0.09046509845881849,0.10980272447570777,0.09898194411603581,0.10112442799142858,0.10031002804595517
36,0.09662348055609615,0.12248651894376665,0.11257245279722317,0.10874504411702361,0.10483707343902773,0.11543856587821445,0.11096554509881343,0.11055743272880295,0.1177738864410314
37,0.09028493773483777,0.12151023028951571,0.13677727254823324,0.11688074360365744,0.11021082030273378,0.11424753347895436,0.11886787344050276,0.10992588444477107,0.08129470415679378
38,0.10691179909140419,0.12209549622496525,0.10551005415001102,0.09707440757278452,0.10917258734107743,0.11148935261302013,0.11901643612745985,0.10631431134645121,0.12241555553282635
39,0.10449899078778281,0.133106868808527,0.13567966956977523,0.09548846438064619,0.10125188612160811,0.10042975010216226,0.11233448708887733,0.09823478568648678,0.11897509745413397
40,0.09777389992937208,0.0925402342647624,0.10805796985835721,0.12831157243851588,0.11130358900941319,0.11211011559918416,0.12187240886431135,0.11103894891072469,0.11699126112535886
41,0.11670292897508872,0.13002948556153648,0.12155103234258506,0.10189396376960917,0.10601915127218073,0.11485441378812182,0.11382753979619337,0.09621149597953693,0.09890998851514807
42,0.10706031625311632,0.12920699715889164,0.13729711173711048,0.09859785408639997,0.10159388596344304,0.09985976738760807,0.1093429353726079,0.09966863120437255,0.11737250083645018
43,0.0979949516203183,0.12377876651170397,0.12138030670915934,0.1215821419800521,0.10115320387862457,0.10855496286190616,0.10977512074546349,0.10490618299890431,0.11087436269386733
44,0.11670292897508872,0.13002948556153648,0.12155103234258506,0.10189396376960917,0.10601915127218073,0.11485441378812182,0.11382753979619337,0.09621149597953693,0.09890998851514807
45,0.12486526657375675,0.1319763184962586,0.11952260660185973,0.10323926378816754,0.10558042226707484,0.11485579922548346,0.11356491759644423,0.09645363542121048,0.08994177002974446
46,0.09778717053678412,0.12354197834297216,0.15066790749234021,0.09335927172789307,0.09921354049534166,0.10431175271290109,0.11018864516324454,0.105818044134361,0.1151116893941623
47,0.1067189297188635,0.1339867406029525,0.1358165979260683,0.09046543211355058,0.1021219790514438,0.10781614795651574,0.11742868083921613,0.08874947992420425,0.1168960118671853
48,0.11957999522740793,0.10896244118131869,0.13668281754130743,0.10745788494179064,0.10272471739944192,0.10906425702227311,0.11576207082565862,0.10526155006336704,0.0945042657974349
49,0.09268226627714667,0.12802746193471704,0.14438028495463232,0.08958206977308435,0.10289130995964675,0.11485833922074073,0.12680147697460387,0.0935710985641418,0.10720569234128649
50,0.13034036208769537,0.11676468101372867,0.09422005978686224,0.11918871372801329,0.11202660926444125,0.10577390015959408,0.09851783500987912,0.10793032873176144,0.11523751021802475
51,0.0979949516203183,0.12377876651170397,0.12138030670915934,0.1215821419800521,0.10115320387862457,0.10855496286190616,0.10977512074546349,0.10490618299890431,0.11087436269386733
52,0.13034036208769537,0.11676468101372867,0.09422005978686224,0.11918871372801329,0.11202660926444125,0.10577390015959408,0.09851783500987912,0.10793032873176144,0.11523751021802475
53,0.11957999522740793,0.10896244118131869,0.13668281754130743,0.10745788494179064,0.10272471739944192,0.10906425702227311,0.11576207082565862,0.10526155006336704,0.0945042657974349
54,0.10668657996196765,0.12959086553221758,0.13512829456964046,0.10169769233308897,0.09789863826750338,0.11037232972203317,0.11176798636988802,0.09196340153862703,0.11489421170503382
55,0.11957999522740793,0.10896244118131869,0.13668281754130743,0.10745788494179064,0.10272471739944192,0.10906425702227311,0.11576207082565862,0.10526155006336704,0.0945042657974349
56,0.1016097080142204,0.1234186296074433,0.14030759574326004,0.1019764358427098,0.10054017295215589,0.11059750491804617,0.11153806072804247,0.09762807561761305,0.11238381657650887
57,0.0979949516203183,0.12377876651170397,0.12138030670915934,0.1215821419800521,0.10115320387862457,0.10855496286190616,0.10977512074546349,0.10490618299890431,0.11087436269386733
58,0.12211282062327466,0.12865897128709416,0.12930008220114683,0.11241475336757056,0.09568503109429087,0.10112943154699508,0.10465902100313426,0.09474449472596906,0.11129539415052486
0,0.10910824731232528,0.09814719666038803,0.09839517049135259,0.09873451218124388,0.1220540273110719,0.11878347015470653,0.11370651138908497,0.1238175119459265,0.11725335255390058
1,0.1134091595821075,0.08475246392819691,0.13121568515773144,0.12005599904195978,0.10522352018875479,0.08729006017607559,0.12132137979093005,0.10661633032739484,0.13011540180684897
2,0.1134091595821075,0.08475246392819691,0.13121568515773144,0.12005599904195978,0.10522352018875479,0.08729006017607559,0.12132137979093005,0.10661633032739484,0.13011540180684897
3,0.14800264665450988,0.09385024196114586,0.10093630487468999,0.14035494174898686,0.10254402736801557,0.09178282573539219,0.11225546714499794,0.10539467725283298,0.10487886725942867
4,0.11328573024620311,0.11160658448011834,0.11718254734669528,0.11378748271583618,0.10763175439249285,0.10384744966253018,0.11249445450360222,0.10880292789116747,0.11136106876135425
5,0.1168450970173876,0.08396884572293747,0.12169876747710694,0.1306899872246317,0.10538352894664359,0.09051191867699522,0.10995431746712618,0.10973939610952589,0.13120814135764533
6,0.11172909253555471,0.0897562396363144,0.12640096326944988,0.12695322351417643,0.10562910497613864,0.08933007313337193,0.1236618445935699,0.10699873070350258,0.11954072763792131
7,0.10767079585321847,0.09812977628827074,0.0982306177790452,0.09857472645669692,0.11823827242566778,0.12477420071099427,0.11537437501868358,0.12077260264888817,0.11823463281853457
8,0.12225735707719772,0.0844579555776985,0.12138885397429454,0.12147074621109624,0.1089046880158501,0.0905876693874982,0.11622830696937436,0.1104857363235963,0.12421868646339422
9,0.15387455969727715,0.08264486008103357,0.14544763945042322,0.08229674909708459,0.11755585501311892,0.09849621499762347,0.11306908696412168,0.10125067499973431,0.10536435969958305
10,0.10450051007941845,0.11796891898569208,0.13353269658408326,0.12760384255568497,0.09475266283854707,0.09888181948955602,0.10504470508841086,0.10080524440198715,0.11690959997662029
11,0.11328573024620311,0.11160658448011834,0.11718254734669528,0.11378748271583618,0.10763175439249285,0.10384744966253018,0.11249445450360222,0.10880292789116747,0.11136106876135425
12,0.11328573024620311,0.11160658448011834,0.11718254734669528,0.11378748271583618,0.10763175439249285,0.10384744966253018,0.11249445450360222,0.10880292789116747,0.11136106876135425
13,0.10317209688797842,0.12370337269502076,0.10789905523394049,0.12679459189775028,0.10418209132000174,0.10971023574430291,0.10103984545195331,0.11236025188869349,0.11113845888035843
14,0.13758690016698227,0.09691032912857123,0.10025372445226528,0.10117746213750066,0.11497843321932114,0.11054395514694022,0.12498571361202385,0.10957795405379982,0.10398552808259555
15,0.1102985369874306,0.11416379369154958,0.11548539815436382,0.11107776135344885,0.10672835933259113,0.1084264713917254,0.11463036848022452,0.11101535242472842,0.1081739581839378
16,0.12225735707719772,0.0844579555776985,0.12138885397429454,0.12147074621109624,0.1089046880158501,0.0905876693874982,0.11622830696937436,0.1104857363235963,0.12421868646339422
17,0.10450051007941845,0.11796891898569208,0.13353269658408326,0.12760384255568497,0.09475266283854707,0.09888181948955602,0.10504470508841086,0.10080524440198715,0.11690959997662029
18,0.10287132922661514,0.12296024862853358,0.12193241320616552,0.12415192219731806,0.10079836891429199,0.09642990340175946,0.10714514347510759,0.10582954369328133,0.11788112725692738
19,0.13738165774692454,0.0800965081123634,0.10050683998469948,0.10358371746610753,0.1222861211142519,0.1066443539759739,0.11530949622349496,0.12400562380406857,0.1101856815721159
20,0.10668989272159517,0.12347389923215571,0.11137553854563634,0.11473339885217004,0.10716590912617925,0.1128134683443825,0.10266745313550243,0.1129679593277915,0.10811248071458716
21,0.13758690016698227,0.09691032912857123,0.10025372445226528,0.10117746213750066,0.11497843321932114,0.11054395514694022,0.12498571361202385,0.10957795405379982,0.10398552808259555
22,0.1134091595821075,0.08475246392819691,0.13121568515773144,0.12005599904195978,0.10522352018875479,0.08729006017607559,0.12132137979093005,0.10661633032739484,0.13011540180684897
23,0.1166549825533615,0.10578775300032543,0.14549746324316992,0.11846050715661088,0.09685168678633232,0.09899104466688936,0.10881685760605753,0.10255800819768549,0.10638169678956745
24,0.13738165774692454,0.0800965081123634,0.10050683998469948,0.10358371746610753,0.1222861211142519,0.1066443539759739,0.11530949622349496,0.12400562380406857,0.1101856815721159
25,0.13923501283102785,0.09309247453928385,0.13483585513902502,0.08954459233539959,0.11617027521028261,0.0993817413637892,0.11025248574112567,0.10052590580220984,0.11696165703785631
26,0.12225735707719772,0.0844579555776985,0.12138885397429454,0.12147074621109624,0.1089046880158501,0.0905876693874982,0.11622830696937436,0.1104857363235963,0.12421868646339422
27,0.10767079585321847,0.09812977628827074,0.0982306177790452,0.09857472645669692,0.11823827242566778,0.12477420071099427,0.11537437501868358,0.12077260264888817,0.11823463281853457
28,0.15387455969727715,0.08264486008103357,0.14544763945042322,0.08229674909708459,0.11755585501311892,0.09849621499762347,0.11306908696412168,0.10125067499973431,0.10536435969958305
29,0.1166549825533615,0.10578775300032543,0.14549746324316992,0.11846050715661088,0.09685168678633232,0.09899104466688936,0.10881685760605753,0.10255800819768549,0.10638169678956745
30,0.10614408064508579,0.09327285608153835,0.11947536252248943,0.11448526988614308,0.11132375673134198,0.10883982256375266,0.11517929181098907,0.11083828599296545,0.12044127376569437
31,0.1160513919377663,0.10494565706884493,0.0956317660729557,0.1007523612069211,0.11717188391419409,0.11250637983643809,0.12099193111325897,0.12813931636357165,0.10380931248604934
32,0.10668989272159517,0.12347389923215571,0.11137553854563634,0.11473339885217004,0.10716590912617925,0.1128134683443825,0.10266745313550243,0.1129679593277915,0.10811248071458716
33,0.10287132922661514,0.12296024862853358,0.12193241320616552,0.12415192219731806,0.10079836891429199,0.09642990340175946,0.10714514347510759,0.10582954369328133,0.11788112725692738
34,0.1101142937446742,0.10791871197020851,0.10259225933147723,0.10974097244599706,0.11089359302321875,0.11673410805921253,0.10031816675656398,0.11625014264148785,0.1254377520271599
35,0.1134091595821075,0.08475246392819691,0.13121568515773144,0.12005599904195978,0.10522352018875479,0.08729006017607559,0.12132137979093005,0.10661633032739484,0.13011540180684897
36,0.10668989272159517,0.12347389923215571,0.11137553854563634,0.11473339885217004,0.10716590912617925,0.1128134683443825,0.10266745313550243,0.1129679593277915,0.10811248071458716
