,Estim(XGBClassifier)_Imputer(IterativeImputer(<class 'sklearn.linear_model._bayes.BayesianRidge'>)),Estim(XGBClassifier)_Imputer(IterativeImputer(<class 'xgboost.sklearn.XGBRegressor'>)),Estim(XGBClassifier)_Imputer(IterativeImputer(<class 'sklearn.ensemble._forest.RandomForestRegressor'>)),Estim(XGBClassifier)_Imputer(KNNImputer),Estim(RandomForestClassifier)_Imputer(IterativeImputer(<class 'sklearn.linear_model._bayes.BayesianRidge'>)),Estim(RandomForestClassifier)_Imputer(IterativeImputer(<class 'xgboost.sklearn.XGBRegressor'>)),Estim(RandomForestClassifier)_Imputer(IterativeImputer(<class 'sklearn.ensemble._forest.RandomForestRegressor'>)),Estim(RandomForestClassifier)_Imputer(KNNImputer),Estim(<class 'new_base.ClassifierWithImputation'>)_Imputer(Identity)
0,0.11027996543209863,0.09892928812599401,0.11797346136351783,0.12263236033995034,0.10220970245608052,0.10722770082355872,0.10436388336372944,0.11321711622518676,0.1231665218698835
1,0.1108467707694906,0.11078089011025638,0.11097443607263612,0.11130074083566288,0.10650399039129134,0.10756005457844436,0.10579047338919885,0.10760516497441269,0.1286374788786072
2,0.1108467707694906,0.11078089011025638,0.11097443607263612,0.11130074083566288,0.10650399039129134,0.10756005457844436,0.10579047338919885,0.10760516497441269,0.1286374788786072
3,0.11576560207002214,0.10592835287995715,0.11508924707267551,0.10385747540105847,0.11480270143682736,0.1133461816271807,0.11900074214421061,0.1102859523883252,0.1019237449797428
4,0.12238543068616577,0.11975339518210223,0.11423945826389678,0.11479725113573967,0.1081140741275155,0.10673545113278544,0.10699506368265446,0.10656786795599432,0.10041200783314556
5,0.10224870158156162,0.1125109381034041,0.11450675475099654,0.10453011856938887,0.10838542367602444,0.11137356693040643,0.11140698644757337,0.11055103525212999,0.1244864746885146
6,0.12099082380975053,0.10651198595152911,0.11183039096271566,0.12410750364557421,0.10355236013494203,0.10165549101855618,0.10532332903899061,0.10673512023550649,0.11929299520243504
7,0.10821486241972346,0.12533378638378226,0.1125461376696429,0.11379899839522198,0.1010131141701607,0.10574337095439737,0.10214650897382198,0.10290062187590163,0.12830259915734765
8,0.11213317635042183,0.12492004011886387,0.09908182904402811,0.1255777267564382,0.11030181666538473,0.10353070178621687,0.09650551095585513,0.1077679776909866,0.12018122063180466
9,0.12233640876752933,0.10718494386154893,0.11319904087218828,0.12526590744982458,0.10349484019559951,0.09966233272043123,0.10423479388959549,0.10442702991749003,0.12019470232579249
10,0.11488406720566786,0.10464622485514782,0.11369623807164538,0.10305835890843215,0.11813087639868161,0.11263714394474461,0.11825633232636923,0.11257673845090398,0.10211401983840751
11,0.12233640876752933,0.10718494386154893,0.11319904087218828,0.12526590744982458,0.10349484019559951,0.09966233272043123,0.10423479388959549,0.10442702991749003,0.12019470232579249
12,0.11123633499575204,0.11117022280295243,0.11155063691394462,0.10447397425862764,0.10789930914294474,0.10878774483977607,0.10861503282283534,0.10640490301406585,0.12986184120910108
13,0.11754379526837287,0.11581786067894549,0.11450953986237176,0.11543498567095005,0.1114143301530619,0.1100599925407934,0.1095616916528995,0.10835077363354363,0.09730703053906138
14,0.11123633499575204,0.11117022280295243,0.11155063691394462,0.10447397425862764,0.10789930914294474,0.10878774483977607,0.10861503282283534,0.10640490301406585,0.12986184120910108
15,0.13125224213380962,0.13303374248971414,0.12171518591353148,0.12792229788310266,0.09524430092129532,0.10085697959197729,0.09374344237983877,0.1003132577459311,0.0959185509407996
16,0.12057958773746207,0.10062778431318153,0.10368918236696567,0.124965045482608,0.10880793737515335,0.10149987730973979,0.10491659097355091,0.10853237237968617,0.12638162206165263
17,0.11414635744322797,0.11732296183880608,0.11872049708422477,0.12074159532175043,0.09994430431741529,0.10567963526972472,0.10102969233080707,0.10228151343938523,0.1201334429546587
18,0.11123633499575204,0.11117022280295243,0.11155063691394462,0.10447397425862764,0.10789930914294474,0.10878774483977607,0.10861503282283534,0.10640490301406585,0.12986184120910108
19,0.12281115001158055,0.08635710638076673,0.12509990795781506,0.12407165450321259,0.10916771972373054,0.09916571457710614,0.11032150429651398,0.11009700340478554,0.11290823914448889
20,0.12485655993763127,0.114606559479298,0.1188679323252313,0.08426403198283998,0.11459018613527608,0.11410914585890769,0.11311927601696917,0.10012710422814486,0.11545920403570178
21,0.11835133602392131,0.08367458584150124,0.12671247874840727,0.12738249016585282,0.10886818304015489,0.09814148257366777,0.11229831548248478,0.1115318541648472,0.1130392739591628
22,0.11581281368017059,0.10293456726922558,0.11203194325785945,0.10325690012472252,0.11628507693802709,0.1094906202124268,0.11362835263214327,0.11380387422440787,0.11275585166101677
23,0.1155156527003568,0.10681725462876891,0.11574156556773164,0.10814127801632259,0.1113544684938126,0.11063971695743485,0.10826441305589612,0.10647195923663513,0.11705369134304154
24,0.1138703917751003,0.11295758577055534,0.12049477815623544,0.1161561331396631,0.1068922737365662,0.10368762856337739,0.10612571077635549,0.10488555213639272,0.11492994594575387
25,0.10993246101465584,0.1195299464292997,0.11284960863282964,0.1305809847586957,0.10578459731158774,0.09787598740267547,0.09569343310091624,0.10824338621696274,0.11950959513237695
26,0.11840853543125977,0.11599459782986318,0.11427172289694375,0.11551268060950368,0.11103175626239892,0.10840046378805845,0.11005890577826216,0.10826536612304412,0.09805597128066601
27,0.1155156527003568,0.10681725462876891,0.11574156556773164,0.10814127801632259,0.1113544684938126,0.11063971695743485,0.10826441305589612,0.10647195923663513,0.11705369134304154
28,0.09688228470184611,0.11257174159971467,0.09672155347321332,0.10957334174596246,0.11733160717905773,0.11886264306422602,0.11788727894861277,0.11959721513571984,0.11057233415164684
29,0.12194967086494109,0.11240993026078257,0.11636760026029144,0.09022154019348881,0.11407967792843358,0.11324929938504229,0.10995386402393753,0.10740373040652709,0.11436468667655586
30,0.10565253625938907,0.12040178448413438,0.10344912027444396,0.11822233193116835,0.10873239508909029,0.11126373247396207,0.11035072356530388,0.11028353653286023,0.1116438393896475
31,0.12085814644278906,0.13727614054148093,0.11175057103915267,0.11757908624210037,0.10061001020132786,0.10331730326732601,0.09848033692023567,0.10154065116263121,0.10858775418295624
32,0.11414635744322797,0.11732296183880608,0.11872049708422477,0.12074159532175043,0.09994430431741529,0.10567963526972472,0.10102969233080707,0.10228151343938523,0.1201334429546587
33,0.10821486241972346,0.12533378638378226,0.1125461376696429,0.11379899839522198,0.1010131141701607,0.10574337095439737,0.10214650897382198,0.10290062187590163,0.12830259915734765
34,0.10821486241972346,0.12533378638378226,0.1125461376696429,0.11379899839522198,0.1010131141701607,0.10574337095439737,0.10214650897382198,0.10290062187590163,0.12830259915734765
35,0.1114712228778978,0.1228861317239718,0.12439145025560404,0.11341359435366052,0.10300424873259789,0.10305489320169016,0.10389743806627708,0.10127605049138964,0.11660497029691108
36,0.12038537539087686,0.1004451514418724,0.10353674025123237,0.12460547204891244,0.1094617517173586,0.10268373511654924,0.10592303185684857,0.10703690703798814,0.12592183513836153
37,0.1121636011713223,0.11230367063349751,0.11493666760985402,0.12421897104306183,0.10680000276022818,0.09881547966738587,0.09887726703769226,0.10722120205248507,0.12466313802447294
38,0.11754379526837287,0.11581786067894549,0.11450953986237176,0.11543498567095005,0.1114143301530619,0.1100599925407934,0.1095616916528995,0.10835077363354363,0.09730703053906138
39,0.120534042903275,0.12044921649956197,0.10880029403028411,0.1217875075290096,0.10629566353812303,0.1036244815581342,0.10117817103342157,0.09939301897359436,0.11793760393459596
40,0.1155156527003568,0.10681725462876891,0.11574156556773164,0.10814127801632259,0.1113544684938126,0.11063971695743485,0.10826441305589612,0.10647195923663513,0.11705369134304154
41,0.10226876259348555,0.10226876259348555,0.10897842028677612,0.10270556199650181,0.11499413227650226,0.11378463674129988,0.117336778773538,0.11239626280284792,0.12526668193556265
42,0.11852768145534935,0.10939266425163124,0.11867427479779037,0.10161238250283722,0.11183162013232736,0.11171226271767822,0.10847327665282237,0.10140950976471118,0.11836632772485293
43,0.12233640876752933,0.10718494386154893,0.11319904087218828,0.12526590744982458,0.10349484019559951,0.09966233272043123,0.10423479388959549,0.10442702991749003,0.12019470232579249
44,0.10993246101465584,0.1195299464292997,0.11284960863282964,0.1305809847586957,0.10578459731158774,0.09787598740267547,0.09569343310091624,0.10824338621696274,0.11950959513237695
45,0.12194967086494109,0.11240993026078257,0.11636760026029144,0.09022154019348881,0.11407967792843358,0.11324929938504229,0.10995386402393753,0.10740373040652709,0.11436468667655586
46,0.11754379526837287,0.11581786067894549,0.11450953986237176,0.11543498567095005,0.1114143301530619,0.1100599925407934,0.1095616916528995,0.10835077363354363,0.09730703053906138
47,0.09787219490955171,0.09781402555850445,0.09798491703348822,0.09958632170091038,0.11782866108517134,0.11719183824632345,0.11782214363736979,0.11792281763701681,0.135977080191664
48,0.12624742716688844,0.12456909958755194,0.12024328564341367,0.08819918419515531,0.11198754254018262,0.10972257220341528,0.10998171320453862,0.09783224857964584,0.11121692687920824
49,0.10405322204542744,0.1242988398840488,0.11927120122244662,0.12550767721623732,0.10398251396717324,0.09802646336610911,0.09938957865085304,0.10702756792321355,0.11844293572449069
50,0.11698060181389595,0.12291057449371547,0.12329876133359229,0.1152590537887832,0.10364515862807372,0.09546022641877545,0.10149883400327778,0.10038145158942789,0.12056533793045841
51,0.10993246101465584,0.1195299464292997,0.11284960863282964,0.1305809847586957,0.10578459731158774,0.09787598740267547,0.09569343310091624,0.10824338621696274,0.11950959513237695
52,0.10224870158156162,0.1125109381034041,0.11450675475099654,0.10453011856938887,0.10838542367602444,0.11137356693040643,0.11140698644757337,0.11055103525212999,0.1244864746885146
53,0.11123633499575204,0.11117022280295243,0.11155063691394462,0.10447397425862764,0.10789930914294474,0.10878774483977607,0.10861503282283534,0.10640490301406585,0.12986184120910108
54,0.10470018829077149,0.1375092996308572,0.11129789661489572,0.11245204016326966,0.10307400979347543,0.10151811687945521,0.10451570947493125,0.10604820843707487,0.11888453071526954
55,0.12038537539087686,0.1004451514418724,0.10353674025123237,0.12460547204891244,0.1094617517173586,0.10268373511654924,0.10592303185684857,0.10703690703798814,0.12592183513836153
56,0.12230778333235912,0.10591295559550468,0.10841568338225879,0.11473950395576575,0.1109285501812206,0.10451438867688949,0.10271402895318443,0.10833177971242976,0.12213532621038771
57,0.12038537539087686,0.1004451514418724,0.10353674025123237,0.12460547204891244,0.1094617517173586,0.10268373511654924,0.10592303185684857,0.10703690703798814,0.12592183513836153
58,0.10821486241972346,0.12533378638378226,0.1125461376696429,0.11379899839522198,0.1010131141701607,0.10574337095439737,0.10214650897382198,0.10290062187590163,0.12830259915734765
59,0.10993246101465584,0.1195299464292997,0.11284960863282964,0.1305809847586957,0.10578459731158774,0.09787598740267547,0.09569343310091624,0.10824338621696274,0.11950959513237695
0,0.12808633932507757,0.11098153274334786,0.10201110398863343,0.11433729624203226,0.10738317451673036,0.10746859853673921,0.10275444297747899,0.10782775677632478,0.11914975489363543
1,0.10375969127902135,0.11249539297002116,0.11098788995356305,0.1021017332704266,0.11260735599786827,0.11146448098350105,0.11412954300242585,0.11789630732492694,0.1145576052182456
2,0.11710538948928671,0.11734534948059279,0.11748476311289135,0.11642238698184322,0.10297386420277742,0.10535584464564021,0.10450698611142856,0.10335227230954694,0.1154531436659926
3,0.12096040055783737,0.12071013137837966,0.1210435679129073,0.11258341531495648,0.10327211223808966,0.10387147911374561,0.10418990614545588,0.09661005127979196,0.11675893605883615
4,0.10381838817122131,0.11498427501066044,0.10967772717509058,0.10336415242459385,0.11654823061844952,0.10835609068379538,0.10969854557993396,0.11154699897373194,0.1220055913625228
5,0.10581657387541743,0.1088577498582996,0.1068516643326142,0.10699892495049597,0.11101432190334955,0.10996719448318484,0.114378153070908,0.10296185277906579,0.13315356474666457
6,0.11417207804810457,0.1142608266314154,0.11749045858367801,0.11974200126341157,0.10462478691034506,0.1047309289890323,0.10438558954747063,0.1055444786872295,0.11504885133931295
7,0.12127846551856553,0.12287485303685568,0.1217252486007052,0.1137963064340886,0.10118683509482018,0.10115769392565346,0.10128945063872401,0.09490972570476515,0.12178142104582253
8,0.12073737401352796,0.12048756627988214,0.12082038802479517,0.1123758342392619,0.10334218200582888,0.10394195554981822,0.1042605986331582,0.09667560086242122,0.11735850039130662
9,0.12073737401352796,0.12048756627988214,0.12082038802479517,0.1123758342392619,0.10334218200582888,0.10394195554981822,0.1042605986331582,0.09667560086242122,0.11735850039130662
10,0.11680545065173854,0.11209132344337933,0.1151488243271128,0.1072641804143672,0.10895422684205287,0.10831830064473238,0.10880870736406499,0.09840896965792571,0.12420001665462628
11,0.11592077743635092,0.11781551100698222,0.12327187846640254,0.11784246843657396,0.10080314710001179,0.10228032126185244,0.10381380777396439,0.10215481665769285,0.11609727186016874
12,0.1336625243061939,0.10840526955030497,0.09963743582634536,0.12274607193471034,0.1043185759305274,0.0950481133070282,0.09726660242770245,0.11101081533003404,0.12790459138715335
13,0.10554677178382924,0.11383099611742205,0.11161814556103608,0.1164331602524546,0.10919716121298206,0.1121081314626422,0.1158374795776709,0.10038970733766615,0.11503844669429687
14,0.11680545065173854,0.11209132344337933,0.1151488243271128,0.1072641804143672,0.10895422684205287,0.10831830064473238,0.10880870736406499,0.09840896965792571,0.12420001665462628
15,0.1084051730186603,0.1081065512427207,0.11129588808003887,0.11203230520627029,0.1078374360145037,0.10690140085911591,0.10779254842060301,0.10873638651813647,0.12889231063995044
16,0.10904985242422804,0.10912483058034411,0.1120347359155322,0.1035192804156819,0.10841532478691239,0.109999342276095,0.11125633837061581,0.10226694234703959,0.13433335288355103
17,0.10487004826346884,0.11601405265739148,0.10251284087391978,0.12923885267473761,0.1047788773431016,0.09891187641024976,0.10389281995221074,0.10782997077596097,0.13195066104895933
18,0.1336625243061939,0.10840526955030497,0.09963743582634536,0.12274607193471034,0.1043185759305274,0.0950481133070282,0.09726660242770245,0.11101081533003404,0.12790459138715335
19,0.10581657387541743,0.1088577498582996,0.1068516643326142,0.10699892495049597,0.11101432190334955,0.10996719448318484,0.114378153070908,0.10296185277906579,0.13315356474666457
20,0.12411905494752662,0.12418248528608579,0.12285881589287409,0.12225028415115555,0.098016112964384,0.09677275932085909,0.09676567535263304,0.09149484119313696,0.12353997089134491
21,0.10638666361673278,0.11822690778555503,0.10438923166492019,0.13119489883792865,0.10063783189804533,0.09831934087201984,0.1035381737527872,0.10302851246755246,0.1342784391044586
22,0.11498369753235675,0.11498369753235675,0.11501151767790513,0.11499511537125423,0.10592289926636142,0.10648933053651782,0.10663141100983313,0.10525341008327235,0.11572892099014279
23,0.12411905494752662,0.12418248528608579,0.12285881589287409,0.12225028415115555,0.098016112964384,0.09677275932085909,0.09676567535263304,0.09149484119313696,0.12353997089134491
24,0.10581657387541743,0.1088577498582996,0.1068516643326142,0.10699892495049597,0.11101432190334955,0.10996719448318484,0.114378153070908,0.10296185277906579,0.13315356474666457
25,0.12073737401352796,0.12048756627988214,0.12082038802479517,0.1123758342392619,0.10334218200582888,0.10394195554981822,0.1042605986331582,0.09667560086242122,0.11735850039130662
26,0.12016942438367861,0.10113335183976213,0.11118306383207296,0.1257199908203577,0.10773851603710699,0.10174479441800013,0.10722232090773046,0.10784544057993262,0.11724309718135846
27,0.10900440595967972,0.12175428789479033,0.11460554258459761,0.11889686527175762,0.10447807151214558,0.10820425073127254,0.09983062365385668,0.10161468069590653,0.12161127169599353
28,0.10904985242422804,0.10912483058034411,0.1120347359155322,0.1035192804156819,0.10841532478691239,0.109999342276095,0.11125633837061581,0.10226694234703959,0.13433335288355103
29,0.10784933289673873,0.12042529645942149,0.11355593944444609,0.11748625533490245,0.1049280502894127,0.10950031997987927,0.10144667718917247,0.10301962619190148,0.12178850221412563
30,0.10900440595967972,0.12175428789479033,0.11460554258459761,0.11889686527175762,0.10447807151214558,0.10820425073127254,0.09983062365385668,0.10161468069590653,0.12161127169599353
31,0.12127846551856553,0.12287485303685568,0.1217252486007052,0.1137963064340886,0.10118683509482018,0.10115769392565346,0.10128945063872401,0.09490972570476515,0.12178142104582253
32,0.10487004826346884,0.11601405265739148,0.10251284087391978,0.12923885267473761,0.1047788773431016,0.09891187641024976,0.10389281995221074,0.10782997077596097,0.13195066104895933
33,0.11592077743635092,0.11781551100698222,0.12327187846640254,0.11784246843657396,0.10080314710001179,0.10228032126185244,0.10381380777396439,0.10215481665769285,0.11609727186016874
34,0.10904985242422804,0.10912483058034411,0.1120347359155322,0.1035192804156819,0.10841532478691239,0.109999342276095,0.11125633837061581,0.10226694234703959,0.13433335288355103
35,0.1191955507857564,0.12015949411171757,0.11917222975492293,0.11910154337613414,0.10138676403019956,0.1000631529108897,0.10150052545172986,0.10027710485860783,0.11914363472004212
36,0.09664451180852436,0.09953736778231681,0.09760238234609103,0.12012618823659095,0.10777165662203317,0.10665366094010696,0.11027737589513517,0.11596719896262622,0.1454196574065756
37,0.10590335683196823,0.10584472519189742,0.10584472519189742,0.13002936060929932,0.10307771921966447,0.10139073729212963,0.10297722393902808,0.11887061656916707,0.1260615351549486
38,0.12073737401352796,0.12048756627988214,0.12082038802479517,0.1123758342392619,0.10334218200582888,0.10394195554981822,0.1042605986331582,0.09667560086242122,0.11735850039130662
39,0.1336625243061939,0.10840526955030497,0.09963743582634536,0.12274607193471034,0.1043185759305274,0.0950481133070282,0.09726660242770245,0.11101081533003404,0.12790459138715335
40,0.12096040055783737,0.12071013137837966,0.1210435679129073,0.11258341531495648,0.10327211223808966,0.10387147911374561,0.10418990614545588,0.09661005127979196,0.11675893605883615
41,0.12118934885945602,0.12086682820144813,0.12120069757823233,0.11268430892326585,0.10257249756871677,0.10337604153945201,0.10398138615649322,0.09621179159199526,0.11791709958094046
42,0.12127846551856553,0.12287485303685568,0.1217252486007052,0.1137963064340886,0.10118683509482018,0.10115769392565346,0.10128945063872401,0.09490972570476515,0.12178142104582253
43,0.10904985242422804,0.10912483058034411,0.1120347359155322,0.1035192804156819,0.10841532478691239,0.109999342276095,0.11125633837061581,0.10226694234703959,0.13433335288355103
44,0.11801868897707826,0.1176237331807094,0.11794864418463366,0.11868141879219649,0.10357350237505582,0.10288172015645866,0.1031679000004396,0.10385006697029285,0.11425432536313553
45,0.10927073667632661,0.10934586670329415,0.11226166615249844,0.10372896230267288,0.1083611002980203,0.10994432553261237,0.11120069293399508,0.10221579300362135,0.13367085639695897
46,0.11680545065173854,0.11209132344337933,0.1151488243271128,0.1072641804143672,0.10895422684205287,0.10831830064473238,0.10880870736406499,0.09840896965792571,0.12420001665462628
47,0.11058101894000966,0.09316804434329548,0.10504917752930279,0.11879302207991635,0.11036519557742182,0.10607246250428723,0.11063058173615345,0.11236988957340062,0.13297060771621239
48,0.13261116460943495,0.11589872868383404,0.105686129620554,0.11861379800833982,0.10181055428072149,0.10012068525833821,0.09768758400451331,0.10350954827137608,0.12406180726288797
49,0.11151946400710726,0.11041443679982266,0.11155107312628779,0.11146255960095591,0.11205887214393262,0.11024858744900143,0.11048235649536753,0.11092625600183663,0.11133639437568829
50,0.10622790936998103,0.10936828073234478,0.10725065859333337,0.10719404755718308,0.11047951408855956,0.11215697505735953,0.11317060805430924,0.10108521157560485,0.1330667949713244
51,0.11525636660673674,0.11516319537694193,0.11528124097640062,0.11489013024738128,0.1083546085795429,0.10745870594672353,0.10933730134997366,0.09912496404188473,0.11513348687441449
52,0.11151946400710726,0.11041443679982266,0.11155107312628779,0.11146255960095591,0.11205887214393262,0.11024858744900143,0.11048235649536753,0.11092625600183663,0.11133639437568829
53,0.11493713277469224,0.11677226623850913,0.12230800496156755,0.11656065224550127,0.10185184673896516,0.10232958787000519,0.10510594956091288,0.10055547651301089,0.11957908309683589
54,0.11151946400710726,0.11041443679982266,0.11155107312628779,0.11146255960095591,0.11205887214393262,0.11024858744900143,0.11048235649536753,0.11092625600183663,0.11133639437568829
55,0.10581657387541743,0.1088577498582996,0.1068516643326142,0.10699892495049597,0.11101432190334955,0.10996719448318484,0.114378153070908,0.10296185277906579,0.13315356474666457
56,0.12127846551856553,0.12287485303685568,0.1217252486007052,0.1137963064340886,0.10118683509482018,0.10115769392565346,0.10128945063872401,0.09490972570476515,0.12178142104582253
57,0.10330515970907808,0.12872473990856098,0.13559912464820068,0.10476701905702819,0.10092811116484061,0.10741783562888514,0.10879624568563033,0.100223966123701,0.11023779807407467
58,0.10098807440040963,0.11206620402939517,0.09895126275736998,0.12450960737874443,0.10683046172675217,0.10646475286485318,0.1087310772440672,0.11354747517465864,0.12791108442374968
59,0.1105987613496891,0.09307878024702569,0.10505676708745815,0.11879269502592774,0.11114233553049539,0.10495925223057577,0.11153189372385795,0.112180058364102,0.13265945644086835
0,0.09785364798897456,0.09868032743197372,0.10117262692363388,0.10887446563189403,0.11659371862186317,0.11659018487111485,0.11808862023538562,0.11914193347193629,0.12300447482322387
1,0.10687019116655275,0.10735245507111002,0.10854982310875862,0.11454299997683311,0.1049683288345302,0.10620577301706204,0.10748589101775638,0.10718707770408588,0.13683746010331077
2,0.12105895814620284,0.12125917766950285,0.12134947179420329,0.12052295220074373,0.10065260384752218,0.09997091108293858,0.099819420485332,0.09633217104929001,0.11903433372426445
3,0.12017001772244819,0.11441206109343789,0.12090427017867506,0.12251876415613491,0.10285643627065359,0.09617824201744422,0.10220136781288429,0.10716777178188844,0.11359106896643342
4,0.09132030844301517,0.11539201732530448,0.11661307702110837,0.12292132648370208,0.09352810104341544,0.10446607420786307,0.10180467921028669,0.10699279019343315,0.14696162607187144
5,0.12064849194470098,0.11829687756766664,0.12364972567924955,0.11965409468914909,0.1014491328207333,0.09861375034260146,0.10222679335445836,0.10321458149930583,0.11224655210213456
6,0.12582219044215187,0.12624751172782483,0.12024585131291966,0.10413993286152082,0.10158913171621897,0.10139085122884875,0.10337124587331811,0.09368433611136645,0.12350894872583025
7,0.12348994618600906,0.11972279047056568,0.12307587637568608,0.12065016786150777,0.10069099878555661,0.09691179108196543,0.09835735569076297,0.10384233750188542,0.11325873604606101
8,0.12064849194470098,0.11829687756766664,0.12364972567924955,0.11965409468914909,0.1014491328207333,0.09861375034260146,0.10222679335445836,0.10321458149930583,0.11224655210213456
9,0.10687019116655275,0.10735245507111002,0.10854982310875862,0.11454299997683311,0.1049683288345302,0.10620577301706204,0.10748589101775638,0.10718707770408588,0.13683746010331077
10,0.10102830443286297,0.09391235024189945,0.0958312487075397,0.11708002360982592,0.12236379800766371,0.11550992983068838,0.11861154703366932,0.12558419861046394,0.11007859952538651
11,0.08389614322904268,0.10642620081627414,0.10905243158201383,0.1172300400576898,0.10423490614944844,0.1150650242219334,0.11222213305502587,0.11932485588147364,0.1325482650070983
12,0.11212871572286902,0.11600599322087186,0.11600599322087186,0.09539025156546892,0.10907556650266043,0.10835081458330495,0.10907556650266043,0.10510562670668737,0.12886147197460524
13,0.11212871572286902,0.11600599322087186,0.11600599322087186,0.09539025156546892,0.10907556650266043,0.10835081458330495,0.10907556650266043,0.10510562670668737,0.12886147197460524
14,0.11315120523836261,0.10614899663123278,0.11919542745878521,0.12187342467611079,0.10744008255711082,0.10139920214264411,0.10655189285261386,0.1083944505534021,0.11584531788973765
15,0.12149010766927677,0.11507698551469651,0.1160332926303976,0.11655629544253142,0.10396111270112847,0.10161215525588736,0.10249532757585965,0.0996398469344553,0.12313487627576694
16,0.1144084840051912,0.10890253062488202,0.11421574737031293,0.1096610808868479,0.10534574267367273,0.10436911342900478,0.10656569199127666,0.1039879241902183,0.1325436848285936
17,0.1145697061575533,0.10344014164935121,0.1076806172903756,0.12900675177794468,0.11736108120620557,0.11157851146007983,0.11046521515647605,0.11596542396341203,0.08993255133860216
18,0.10942523754105796,0.10417639616789909,0.1093489239002955,0.10516062574179895,0.10913498281827988,0.11133792109413294,0.11261113800302572,0.11204823680617963,0.12675653792733022
19,0.08926642865409512,0.1107239843215918,0.12392626363839196,0.12582571378332463,0.09919406097243741,0.10873437234017176,0.11016893602136052,0.11856471794330915,0.11359552232531783
20,0.11187204186103548,0.11187204186103548,0.11187204186103548,0.11243214124369094,0.10253038238008652,0.10253038238008652,0.10319625855441975,0.10438486785977359,0.13930984199883614
21,0.11868615463624119,0.1142000876818038,0.11507121359406852,0.12409789158441747,0.10068919196259331,0.1001451797974899,0.09908687742711324,0.11109123003362871,0.11693217328264391
22,0.08530226960538645,0.11871246156657603,0.1252957675980616,0.1303652255307206,0.10216287004645157,0.11004265032125406,0.10965734471268107,0.11471941826332505,0.10374199235554377
23,0.11868615463624119,0.1142000876818038,0.11507121359406852,0.12409789158441747,0.10068919196259331,0.1001451797974899,0.09908687742711324,0.11109123003362871,0.11693217328264391
24,0.11297085639760894,0.10583337208712455,0.10982419358970853,0.11710805418675539,0.1107854537909149,0.10735356000870203,0.10964100937302415,0.12032932536959151,0.10615417519657014
25,0.10102830443286297,0.09391235024189945,0.0958312487075397,0.11708002360982592,0.12236379800766371,0.11550992983068838,0.11861154703366932,0.12558419861046394,0.11007859952538651
26,0.12135434593689709,0.1173989044310152,0.11852349471792531,0.10595910578307745,0.10790257380387225,0.10853825264334278,0.10890797993264821,0.10461367022465387,0.10680167252656786
27,0.12105895814620284,0.12125917766950285,0.12134947179420329,0.12052295220074373,0.10065260384752218,0.09997091108293858,0.099819420485332,0.09633217104929001,0.11903433372426445
28,0.11920946344531787,0.11958663236276852,0.11863860517085341,0.11843826520025784,0.10277439715055639,0.1020702329222677,0.10282197586489474,0.09903115738501285,0.11742927049807036
29,0.10942523754105796,0.10417639616789909,0.1093489239002955,0.10516062574179895,0.10913498281827988,0.11133792109413294,0.11261113800302572,0.11204823680617963,0.12675653792733022
30,0.1145697061575533,0.10344014164935121,0.1076806172903756,0.12900675177794468,0.11736108120620557,0.11157851146007983,0.11046521515647605,0.11596542396341203,0.08993255133860216
31,0.08389614322904268,0.10642620081627414,0.10905243158201383,0.1172300400576898,0.10423490614944844,0.1150650242219334,0.11222213305502587,0.11932485588147364,0.1325482650070983
32,0.09678851373837465,0.13021328051495534,0.1101181068889859,0.09995746915083024,0.10311708634168816,0.11049269647182175,0.10974504149619431,0.10397859716676786,0.1355892082303819
33,0.10687019116655275,0.10735245507111002,0.10854982310875862,0.11454299997683311,0.1049683288345302,0.10620577301706204,0.10748589101775638,0.10718707770408588,0.13683746010331077
34,0.10537190663669363,0.10857423818377743,0.09679687538676503,0.10243381470289364,0.11501198627552993,0.11555918714629479,0.1188912201174725,0.12190040203079348,0.11546036951977967
35,0.1154691888025112,0.1103513562138715,0.11188483233504758,0.11876666771070071,0.10105330000532846,0.09717860963032299,0.09821944475043044,0.09757393281654383,0.1495026677352434
36,0.11813773440457098,0.11693671114951754,0.11851896373544192,0.11838696045454215,0.10050361270963747,0.10210607954130459,0.10340366756746425,0.10314628564121353,0.11885998479630748
37,0.11682663466435315,0.11717752679457571,0.11673016672886843,0.11736222841114378,0.10146826661078795,0.10331191169690586,0.10334314832784426,0.10140026641939737,0.12237985034612327
38,0.09678851373837465,0.13021328051495534,0.1101181068889859,0.09995746915083024,0.10311708634168816,0.11049269647182175,0.10974504149619431,0.10397859716676786,0.1355892082303819
39,0.12066076880556509,0.12061151645323878,0.12069865171447602,0.12060898692295474,0.10044321785911862,0.09850734132997727,0.09996849953427864,0.09649940250697184,0.1220016148734186
40,0.11643040913734208,0.11645652882170578,0.11647836083527068,0.11613915330482405,0.10592862018785601,0.10593057730884044,0.1057144576226927,0.10194870768931487,0.11497318509215332
41,0.10083385239135541,0.1253223333174057,0.1251501071830555,0.1291222401322069,0.09799659324323658,0.10296850946249435,0.10200341426257255,0.10267060473609524,0.11393234527157788
42,0.11420859065840638,0.11416337149639741,0.11416242791977779,0.11380484655053574,0.10677297640715805,0.10562499646430408,0.11046633464211847,0.10595211900798161,0.11484433685332056
43,0.11682663466435315,0.11717752679457571,0.11673016672886843,0.11736222841114378,0.10146826661078795,0.10331191169690586,0.10334314832784426,0.10140026641939737,0.12237985034612327
44,0.11712656030561441,0.11747835327105724,0.11702984471078819,0.11709376448442113,0.1036457957441233,0.10552900581957872,0.10487977863592583,0.10178301149438611,0.11543388553410498
45,0.11755000575955074,0.11752885962978006,0.1175218966017179,0.11808891581375972,0.10072150067968436,0.10075508010950497,0.1014094267112688,0.1015226330646037,0.12490168163012964
46,0.12348994618600906,0.11972279047056568,0.12307587637568608,0.12065016786150777,0.10069099878555661,0.09691179108196543,0.09835735569076297,0.10384233750188542,0.11325873604606101
47,0.1260425702169232,0.12590969016237644,0.12038739012592373,0.09871885592438273,0.1037909521465791,0.10145933875979786,0.10591818723239423,0.0928417474278031,0.12493126800381947
48,0.10083385239135541,0.1253223333174057,0.1251501071830555,0.1291222401322069,0.09799659324323658,0.10296850946249435,0.10200341426257255,0.10267060473609524,0.11393234527157788
49,0.11742226123870629,0.11771203722381429,0.11770506334334761,0.11739124149203371,0.10350299350697578,0.10329947368433214,0.10329947368433214,0.10229237177378354,0.1173750840526746
50,0.1198492682580965,0.11976465072801579,0.1190185344340435,0.11971085001531889,0.10235373645493107,0.10203289927376179,0.10140224180025102,0.09705116373720514,0.11881665529837601
51,0.10774880780761885,0.10762441448017979,0.10977522680975212,0.11606538498606293,0.10154244594632789,0.10451704047867985,0.10505885379014528,0.1091982907115738,0.13846953498965953
52,0.12348994618600906,0.11972279047056568,0.12307587637568608,0.12065016786150777,0.10069099878555661,0.09691179108196543,0.09835735569076297,0.10384233750188542,0.11325873604606101
53,0.11643040913734208,0.11645652882170578,0.11647836083527068,0.11613915330482405,0.10592862018785601,0.10593057730884044,0.1057144576226927,0.10194870768931487,0.11497318509215332
54,0.09983278018521104,0.1240274937131282,0.12379757656527052,0.12736212852780274,0.10070448083885354,0.10377439809023824,0.10432660662948226,0.10387004174515069,0.11230449370486313
55,0.1145697061575533,0.10344014164935121,0.1076806172903756,0.12900675177794468,0.11736108120620557,0.11157851146007983,0.11046521515647605,0.11596542396341203,0.08993255133860216
56,0.08530226960538645,0.11871246156657603,0.1252957675980616,0.1303652255307206,0.10216287004645157,0.11004265032125406,0.10965734471268107,0.11471941826332505,0.10374199235554377
57,0.10687019116655275,0.10735245507111002,0.10854982310875862,0.11454299997683311,0.1049683288345302,0.10620577301706204,0.10748589101775638,0.10718707770408588,0.13683746010331077
58,0.1154691888025112,0.1103513562138715,0.11188483233504758,0.11876666771070071,0.10105330000532846,0.09717860963032299,0.09821944475043044,0.09757393281654383,0.1495026677352434
0,0.12009179437636398,0.09845428407888554,0.130948465389677,0.12759268876487023,0.10049369646322502,0.09612981238674015,0.10736638563880342,0.10196200413386604,0.11696086876756832
1,0.11590268356042992,0.1157957822247695,0.1159700600554021,0.11590934860739974,0.10703035390551259,0.10619082203322149,0.10673826833184144,0.10145494609649193,0.11500773518493121
2,0.10978310807791433,0.1223364555547009,0.10528892389417793,0.10773842750804087,0.11301480959718523,0.113236739791409,0.11059398620582117,0.1080566787573499,0.10995087061340066
3,0.09814873060643148,0.11783648122467431,0.10345153860018085,0.11075782653397084,0.11030039093125947,0.11421317928704043,0.10947521307992303,0.11587347724091625,0.11994316249560337
4,0.12373881162627591,0.11929013344303369,0.12635895696672425,0.11826605168509066,0.10474538402995469,0.1002322697848834,0.10328282464996699,0.10214266202386509,0.10194290579020543
5,0.12715894352500695,0.10252111878943565,0.13572592424603766,0.12399708173367484,0.10534286769766936,0.10229910978260683,0.1136971892307263,0.09592011272077076,0.0933376522740718
6,0.11643063326821096,0.11644642933931364,0.1164688801960929,0.11634942375770146,0.1031407382203687,0.10688120534669487,0.10557430505632753,0.1021169280117869,0.11659145680350282
7,0.1275041321629926,0.12514375971111127,0.13778334328402747,0.11691469876560986,0.10156970354931928,0.10069329663064834,0.10916119449602557,0.09203277329796682,0.08919709810229864
8,0.11427955507110735,0.09139108736191126,0.1210222276675666,0.13147033023682492,0.10863958587866225,0.10296690099596723,0.11366933541738296,0.11180840822214959,0.104752569148428
9,0.12312003567397041,0.09783405904804413,0.10919113831940722,0.12046406811410888,0.1088437254619054,0.10736053208193116,0.10343456097980222,0.10678339688945444,0.12296848343137634
10,0.11217429199587395,0.12647484618353289,0.10625570516976537,0.09931679307222106,0.11213716622313244,0.11144302241234745,0.10823018637580174,0.10383252563349654,0.12013546293382873
11,0.12914068386181274,0.1070381419090702,0.10459222156391612,0.11727928905913186,0.11261105116285187,0.1083379548089139,0.106236450701981,0.11151241431778751,0.10325179261453489
12,0.10713358446701976,0.1069646425833626,0.10697705445103359,0.10711026444933126,0.11353576123670453,0.11090870333954798,0.1115139047758981,0.10695149222391945,0.12890459247318264
13,0.1195588643533343,0.10197586133751835,0.10964140453168333,0.11716043247485879,0.1050894710526165,0.10293869387103953,0.1045526972076223,0.10397837102899081,0.13510420414233626
14,0.11606663288907623,0.11588360423669257,0.11589705103487077,0.11569377455192631,0.107001205371257,0.10559865718138536,0.10573340803804254,0.10179634406407422,0.11632932263267473
15,0.10978310807791433,0.1223364555547009,0.10528892389417793,0.10773842750804087,0.11301480959718523,0.113236739791409,0.11059398620582117,0.1080566787573499,0.10995087061340066
16,0.10762179892590933,0.10736614774942939,0.10747618626921651,0.10763416943060225,0.11256236706026539,0.10865557669485762,0.10993155103064536,0.10920306614594127,0.1295491366931331
17,0.11799299836206967,0.11782187290790173,0.11782187290790173,0.11785227702509572,0.10366982277457494,0.10369772977750613,0.10369772977750613,0.10069788669296076,0.11674780977448315
18,0.10978310807791433,0.1223364555547009,0.10528892389417793,0.10773842750804087,0.11301480959718523,0.113236739791409,0.11059398620582117,0.1080566787573499,0.10995087061340066
19,0.11303857843431817,0.11147801675066014,0.1143715367999296,0.11712969196724377,0.11088568750098629,0.1045152606427986,0.10840277365841464,0.10366476577693873,0.1165136884687099
20,0.10919669514291594,0.08907392304894719,0.11537547982171155,0.1345298296018548,0.11077244131415523,0.10734849790577468,0.11607959459402221,0.11777262802727137,0.0998509105433467
21,0.11533637996000834,0.12463715056022134,0.1129920708077137,0.10810606625292521,0.1103178006033086,0.10876712670508577,0.10836864532626345,0.10563762750338507,0.10583713228108843
22,0.09293430173028125,0.12960587443927513,0.1023196722524202,0.10704325783014865,0.10707894110445527,0.117797466862242,0.10985089195305577,0.11348043543662988,0.11988915839149213
23,0.12026550712452799,0.12030148294531688,0.12086794225350596,0.118228869588073,0.10199145689677167,0.10672317588765266,0.10596972124019682,0.09916794115274662,0.10648390291120867
24,0.12914068386181274,0.1070381419090702,0.10459222156391612,0.11727928905913186,0.11261105116285187,0.1083379548089139,0.106236450701981,0.11151241431778751,0.10325179261453489
25,0.1191435911918016,0.11868818677405572,0.11880982914143688,0.11879251983067614,0.10328506555566615,0.10075114717696429,0.10151045485554652,0.10102465637948678,0.11799454909436603
26,0.11749201709955522,0.10034422281781678,0.10803139172647154,0.11641586476989073,0.10432741383587278,0.10456185054870243,0.10676946134715133,0.1071067935816544,0.13495098427288496
27,0.11885616885806445,0.11849663582464776,0.1185103858314518,0.11846967839779964,0.10320314276282413,0.10187779596419677,0.10200779875634346,0.10095525333107151,0.11762314027360037
28,0.12914068386181274,0.1070381419090702,0.10459222156391612,0.11727928905913186,0.11261105116285187,0.1083379548089139,0.106236450701981,0.11151241431778751,0.10325179261453489
29,0.11735751290103792,0.10898023855167863,0.10879832917971634,0.10836343834455278,0.1161081697927871,0.11231970347816002,0.10749165809976506,0.10726208673120353,0.11331886292109855
30,0.10561832825721314,0.12598957410744516,0.11078245056742914,0.11235955869833378,0.11391730702748333,0.12142555187042946,0.11489485052160571,0.10580289107642658,0.08920948787363356
31,0.10713358446701976,0.1069646425833626,0.10697705445103359,0.10711026444933126,0.11353576123670453,0.11090870333954798,0.1115139047758981,0.10695149222391945,0.12890459247318264
32,0.11939139586076894,0.11997173063076082,0.12018589396864633,0.11905282665358165,0.10342297251782841,0.10692906263614213,0.10528994592112817,0.09973213588123342,0.10602403592991043
33,0.11749201709955522,0.10034422281781678,0.10803139172647154,0.11641586476989073,0.10432741383587278,0.10456185054870243,0.10676946134715133,0.1071067935816544,0.13495098427288496
34,0.10190628663220969,0.12251554841451986,0.10755048501330693,0.11509102977934371,0.10289901848289376,0.1096724983184028,0.10589706238975762,0.1102914990712163,0.12417657189834935
35,0.11533637996000834,0.12463715056022134,0.1129920708077137,0.10810606625292521,0.1103178006033086,0.10876712670508577,0.10836864532626345,0.10563762750338507,0.10583713228108843
36,0.12063652897990779,0.10290899821248026,0.11066601774877562,0.11822388895815329,0.10162705616281174,0.10315728424940522,0.10409023499091188,0.10239194288867821,0.1362980478088758
