,Estim(XGBClassifier)_Imputer(IterativeImputer(<class 'sklearn.linear_model._bayes.BayesianRidge'>)),Estim(XGBClassifier)_Imputer(IterativeImputer(<class 'xgboost.sklearn.XGBRegressor'>)),Estim(XGBClassifier)_Imputer(IterativeImputer(<class 'sklearn.ensemble._forest.RandomForestRegressor'>)),Estim(XGBClassifier)_Imputer(KNNImputer),Estim(RandomForestClassifier)_Imputer(IterativeImputer(<class 'sklearn.linear_model._bayes.BayesianRidge'>)),Estim(RandomForestClassifier)_Imputer(IterativeImputer(<class 'xgboost.sklearn.XGBRegressor'>)),Estim(RandomForestClassifier)_Imputer(IterativeImputer(<class 'sklearn.ensemble._forest.RandomForestRegressor'>)),Estim(RandomForestClassifier)_Imputer(KNNImputer),Estim(<class 'new_base.ClassifierWithImputation'>)_Imputer(Identity)
0,0.12119073238284853,0.12099068831859355,0.12209968186501836,0.12181765099971437,0.09855071124804432,0.0982915882737042,0.09893984109245096,0.09792139805607142,0.12019770776355411
1,0.12721495131708993,0.10638078193974995,0.09596863963559364,0.11713023158822605,0.11423580364616225,0.10967617437243538,0.10458106644499654,0.11269663236062116,0.11211571869512509
2,0.11307331026735046,0.11681009117936833,0.11103044394716792,0.10909305513055531,0.11058927644944822,0.10730483601146827,0.10461141855532066,0.10638950518889331,0.12109806327042735
3,0.10122846431346946,0.10787317693333309,0.10370483470210486,0.10340914890447503,0.11634262297807986,0.11924767993093144,0.11908576077646453,0.11831595458369615,0.11079235687744515
4,0.11820900852493217,0.11669802870463904,0.11652672328055284,0.11481978502635512,0.10428344207970057,0.10169572762337666,0.10069903966657075,0.10421845457529173,0.12284979051858098
5,0.12167880187813265,0.11162775656352855,0.12309894549943222,0.09710879202831856,0.10779172610171543,0.1072124108014524,0.1088865727383494,0.10431356645456165,0.11828142793450915
6,0.11959172672446847,0.11540883549839,0.11590408203627552,0.11959172672446847,0.10509298509543764,0.0990413537431937,0.10110133893684169,0.10518059908377536,0.11908735215714922
7,0.1257519871153482,0.12370290493799004,0.12642691148291355,0.12257547801212401,0.09241745427272031,0.09420666818129918,0.09561221282909763,0.09133434405944289,0.1279720391090645
8,0.12421675509848305,0.10641116037998377,0.10718990962379744,0.12154367960553022,0.10924855311632715,0.09909140629440691,0.09983924749471165,0.10657519157835599,0.1258840968084036
9,0.12028681183856782,0.11605080330743654,0.11654880468062988,0.11966278457683883,0.1048779666083468,0.09883871679247858,0.10101226621711439,0.10325872884652955,0.11946311713205741
10,0.11454059204314322,0.1051384590272029,0.10962080163910583,0.11048700480137696,0.11345365511956598,0.11049755402531938,0.11210723488193793,0.11051647534862306,0.11363822311372443
11,0.11308025892828005,0.11439445965545103,0.11298032997220797,0.11508971345176491,0.1067462619272751,0.10906439984458693,0.10751760990321624,0.10679944476528652,0.11432752155193143
12,0.11619092004890133,0.10009198914472786,0.09901476740522328,0.11400049979223796,0.11901327140427506,0.10879027226718938,0.10668702707466311,0.11460851542131759,0.12160273744146438
13,0.11550070709600938,0.10663517353162064,0.11104545086353174,0.11169064984030215,0.11193226866887687,0.11041100519455088,0.11019250114074815,0.10924876224978282,0.11334348141457755
14,0.12211732630105375,0.10509806846005687,0.10435849592214944,0.12007904199825903,0.11194795203249924,0.10318821739714494,0.10111913344492776,0.1089736147988748,0.12311814964503415
15,0.10122846431346946,0.10787317693333309,0.10370483470210486,0.10340914890447503,0.11634262297807986,0.11924767993093144,0.11908576077646453,0.11831595458369615,0.11079235687744515
16,0.11879141425140569,0.11805203487173443,0.12074468092395393,0.11967340574640409,0.10777750893582314,0.10537031430541742,0.10514298099955119,0.10813608718294528,0.09631157278276488
17,0.13162731861263852,0.10675054507192322,0.11772053774425488,0.10642086471069738,0.10959017837342747,0.10605810425475577,0.10771424126273321,0.10663681434773377,0.10748139562183572
18,0.12030620067286775,0.10855071992539643,0.10631796424577365,0.12417246839204762,0.10951220288674793,0.11156427723024266,0.10766568247734874,0.1093467283229064,0.10256375584666905
19,0.11686435616935975,0.11683535571886262,0.11683535571886262,0.11625808401816205,0.10467162900803066,0.10467162900803066,0.10467162900803066,0.1028496717651454,0.11634228958551585
20,0.12540144118981844,0.12307165482790512,0.12693466913185986,0.1261134837155361,0.0933191185714398,0.0928089326865049,0.09481484931542328,0.09097205843516215,0.1265637921263506
21,0.13162731861263852,0.10675054507192322,0.11772053774425488,0.10642086471069738,0.10959017837342747,0.10605810425475577,0.10771424126273321,0.10663681434773377,0.10748139562183572
22,0.13503989088685137,0.10951816165949206,0.12077256256285433,0.10917993399918026,0.10578521774420353,0.10237577690490517,0.10397441299258588,0.1029343942381833,0.11041964901174399
23,0.12483482462395845,0.12443824433047643,0.10692807209644137,0.10988695802593272,0.11094593637292112,0.10526486416801137,0.1012495584445116,0.10628112026953608,0.11017042166821073
24,0.10385302551638953,0.09298927356453142,0.09677716159991037,0.095187644408274,0.12672344611319283,0.12319233437470407,0.1217962512748198,0.12006885083659387,0.1194120123115843
25,0.12803686267887235,0.10487255750851017,0.09591765807137768,0.12119313517652988,0.11388956833165233,0.1070560020901229,0.10426772109736698,0.1116148537172027,0.11315164132836512
26,0.12191101819650788,0.12168643414280805,0.1228018048546141,0.11984042430343123,0.0984501340512857,0.09912536357591119,0.0997791153106827,0.09541596161983627,0.12098974394492296
27,0.1204763434448849,0.11544825298721717,0.11972663931360959,0.11475108451516475,0.10709251825562555,0.09875960918511983,0.09944919615549518,0.10410003104967297,0.12019632509320996
28,0.11590272692614283,0.10604603752043516,0.1072678116869723,0.11221707636133377,0.11305888616040516,0.11168421944848618,0.10942135136856421,0.11026918483672005,0.1141327056909405
29,0.11056604695112195,0.10188636673749207,0.10345452647324524,0.10306926967277905,0.12000690048712771,0.12001612203633585,0.11592475452544333,0.11496437460043124,0.11011163851602336
30,0.12017309582107698,0.12051433519177007,0.12244132674132001,0.11877368515111038,0.10566512246020762,0.10617465462572813,0.10410448033659715,0.10435629638698447,0.097797003285205
31,0.11550070709600938,0.10663517353162064,0.11104545086353174,0.11169064984030215,0.11193226866887687,0.11041100519455088,0.11019250114074815,0.10924876224978282,0.11334348141457755
32,0.1181662404410353,0.11847904565087412,0.12017445869221625,0.11941716995894476,0.1072042240737019,0.10740431851255519,0.10479308631588245,0.1077620202642412,0.09659943609054887
33,0.12540144118981844,0.12307165482790512,0.12693466913185986,0.1261134837155361,0.0933191185714398,0.0928089326865049,0.09481484931542328,0.09097205843516215,0.1265637921263506
34,0.1263892778314061,0.11258856056747835,0.11485576029546002,0.12874614810099574,0.10621484704472912,0.10292870614434083,0.10331429700214416,0.10525261323778437,0.09970978977566135
35,0.1046266714517455,0.10989153479188586,0.10457036612472027,0.11139409934318131,0.11157269384826178,0.11375953169670103,0.11148903944295337,0.11031658531274995,0.12237947798780097
36,0.12193381484092743,0.12199243421871346,0.12199243421871346,0.11879405752646591,0.09689169713494548,0.09937288909283568,0.09925702165804003,0.09718978914637155,0.12257586216298696
37,0.10122846431346946,0.10787317693333309,0.10370483470210486,0.10340914890447503,0.11634262297807986,0.11924767993093144,0.11908576077646453,0.11831595458369615,0.11079235687744515
38,0.12175324809972105,0.11658863808429476,0.11368660543385045,0.11648667040328789,0.1070495848382824,0.10086745733159021,0.09997994296415622,0.10459764310780414,0.11899020973701276
39,0.11166326330348111,0.10878993803941235,0.1032103021793819,0.1016453768363848,0.11936233460438066,0.11643487544249324,0.11188961333992509,0.11149420278863825,0.11551009346590241
40,0.11754699504165197,0.12287345655906554,0.10454969440332469,0.11442742061979227,0.10917187111613916,0.10893457684162955,0.10290497888431932,0.10892286874402436,0.1106681377900533
41,0.11282264226232738,0.11557846243468159,0.1096463617791565,0.1134334323861862,0.10750155650838515,0.10757528329963573,0.10503887390913366,0.10436507490904262,0.12403831251145114
42,0.11009381277691538,0.11501154419682141,0.11324955013398447,0.11759341890291128,0.10507617145889926,0.10548430392427346,0.1037937106338068,0.1111036343863492,0.1185938535860386
43,0.12519833584161055,0.10787460249578266,0.10853126364498236,0.12280927120769514,0.10773223378100542,0.09896664501459067,0.0980873170689222,0.10530252336735595,0.12549780757805507
44,0.11282264226232738,0.11557846243468159,0.1096463617791565,0.1134334323861862,0.10750155650838515,0.10757528329963573,0.10503887390913366,0.10436507490904262,0.12403831251145114
45,0.12017309582107698,0.12051433519177007,0.12244132674132001,0.11877368515111038,0.10566512246020762,0.10617465462572813,0.10410448033659715,0.10435629638698447,0.097797003285205
46,0.11531023023440785,0.09217331950215757,0.09284785592665594,0.10650420597385253,0.12763972195986806,0.11587428857414446,0.11331725154766227,0.12105214440684169,0.11528098187440973
47,0.1130686813172453,0.11778614616664079,0.10995709424602584,0.1103694888988948,0.10778763959731297,0.10726415742580113,0.10364200617926488,0.10330843988917279,0.1268163462796418
48,0.10452066744397966,0.09912385027201563,0.09624623061111758,0.09683079420549617,0.12364600771351753,0.12176448397102588,0.11838429485913238,0.1154376117141706,0.12404605920954426
49,0.12028681183856782,0.11605080330743654,0.11654880468062988,0.11966278457683883,0.1048779666083468,0.09883871679247858,0.10101226621711439,0.10325872884652955,0.11946311713205741
50,0.12540144118981844,0.12307165482790512,0.12693466913185986,0.1261134837155361,0.0933191185714398,0.0928089326865049,0.09481484931542328,0.09097205843516215,0.1265637921263506
51,0.11155496987668656,0.11108681386393993,0.10648685268168252,0.1116399479009052,0.10923172224834515,0.11109438114669448,0.10844299105024445,0.10555737814392697,0.12490494308757483
52,0.11686435616935975,0.11683535571886262,0.11683535571886262,0.11625808401816205,0.10467162900803066,0.10467162900803066,0.10467162900803066,0.1028496717651454,0.11634228958551585
53,0.1194964350076464,0.118439139831689,0.11943157183832842,0.11912260728259247,0.10195487985991658,0.09949203298809453,0.10151403124237453,0.10152741903028835,0.11902188291907
54,0.12377189781352693,0.12256048844462156,0.12522946647722455,0.12193876424829156,0.09513871462645353,0.09614090028071795,0.0977838565568302,0.09255764972230492,0.12487826183002906
55,0.1179129874738713,0.11908723994172903,0.1209625585729298,0.11998778676926125,0.10609059607850527,0.10704822224289166,0.10518535446633873,0.10820970066607513,0.09551555378839767
56,0.12017309582107698,0.12051433519177007,0.12244132674132001,0.11877368515111038,0.10566512246020762,0.10617465462572813,0.10410448033659715,0.10435629638698447,0.097797003285205
57,0.12540144118981844,0.12307165482790512,0.12693466913185986,0.1261134837155361,0.0933191185714398,0.0928089326865049,0.09481484931542328,0.09097205843516215,0.1265637921263506
58,0.1257519871153482,0.12370290493799004,0.12642691148291355,0.12257547801212401,0.09241745427272031,0.09420666818129918,0.09561221282909763,0.09133434405944289,0.1279720391090645
59,0.12134885916814013,0.11707544968274156,0.11757784805524378,0.1209726183591884,0.10311546601088561,0.0971777073065722,0.09919893006492886,0.10247804793863773,0.12105507341366158
0,0.11088225720929155,0.1083432524613645,0.11070778274677627,0.11381763997743559,0.1130738939992854,0.10628880416667315,0.1065020621328429,0.11894246469523825,0.11144184261109238
1,0.11509947023041682,0.10987471760282977,0.1260872279867717,0.10681324313952698,0.11364980104384664,0.1084163669219154,0.11480981574815326,0.10741675325032832,0.09783260407621144
2,0.11844820112677729,0.11947721041020956,0.12090054540154126,0.11881152068837027,0.10168686129694555,0.10209880370874007,0.10230553737353192,0.101760922496782,0.11451039749710228
3,0.13036221894576386,0.1272983966945432,0.10804113415118978,0.12177230272464722,0.10636164466963305,0.09763225089061744,0.09719107871184697,0.10571120931926739,0.1056297638924909
4,0.12012704658374378,0.12009738094836855,0.12005248704943584,0.12023681448922995,0.10233533553469855,0.10089933623748856,0.10247147686859195,0.10205429168464795,0.11172583060379467
5,0.13498579363657767,0.10657166060013645,0.12452894021664408,0.11055747292006862,0.104662700836077,0.09903163048170985,0.1047472086754356,0.1012327100249891,0.1136818826083615
6,0.11844820112677729,0.11947721041020956,0.12090054540154126,0.11881152068837027,0.10168686129694555,0.10209880370874007,0.10230553737353192,0.101760922496782,0.11451039749710228
7,0.11844820112677729,0.11947721041020956,0.12090054540154126,0.11881152068837027,0.10168686129694555,0.10209880370874007,0.10230553737353192,0.101760922496782,0.11451039749710228
8,0.11488879465327101,0.11146440980454363,0.11386424287218973,0.11486286836715077,0.11156413966048948,0.10309822333013662,0.1038339541581756,0.11138917245069548,0.11503419470334765
9,0.11488879465327101,0.11146440980454363,0.11386424287218973,0.11486286836715077,0.11156413966048948,0.10309822333013662,0.1038339541581756,0.11138917245069548,0.11503419470334765
10,0.11950313772356748,0.11609413849005569,0.11798855161355558,0.11959218473245392,0.10650812529517036,0.09689703692158412,0.0983235645581634,0.10538490298302748,0.11970835768242202
11,0.11509947023041682,0.10987471760282977,0.1260872279867717,0.10681324313952698,0.11364980104384664,0.1084163669219154,0.11480981574815326,0.10741675325032832,0.09783260407621144
12,0.12012189163228776,0.12156189159488466,0.10116275609453657,0.11489412482862532,0.10918097809670683,0.11250234298959536,0.10881806882674859,0.11432895630675885,0.09742898962985569
13,0.10456630790165944,0.11142068045888003,0.11142068045888003,0.11459480625851343,0.10930550027566459,0.10623387077741087,0.10568641126664047,0.1083612161645327,0.12841052643781847
14,0.12283048037956185,0.11603810203274693,0.11621067708166768,0.11799187326458119,0.10162541436524643,0.10167329365429237,0.10295389184313158,0.10009520145835807,0.12058106592041391
15,0.12007375677654494,0.11460624714841745,0.11453449107106055,0.1199132906838869,0.10549597681469884,0.0994549855356355,0.10332020408096883,0.1062426973654883,0.11635835052329879
16,0.1336574113188264,0.12443595379314734,0.10677443718536792,0.11933649662701708,0.10182904877498714,0.10089498455289027,0.1008666998052759,0.10035064240921591,0.11185432553327175
17,0.12625607712773967,0.12160281321169726,0.11267487415107882,0.10002592202620286,0.10719107972063059,0.10948620984766576,0.11057765544178055,0.11016502324658865,0.10202034522661586
18,0.12264069135981437,0.11994429852411909,0.12137319794781641,0.12553203389292755,0.098265269109994,0.09705746197965488,0.09595719553445346,0.09898030510703863,0.12024954654418185
19,0.11680194746043521,0.11684911908834464,0.11684911908834464,0.11686586968564783,0.10348980482152328,0.10458338358857293,0.10458338358857293,0.10484183715239902,0.1151355355261594
20,0.11346179360932383,0.11528129239422696,0.113424693750306,0.11247608347562857,0.10626502520772986,0.10317340403716117,0.10670871986805193,0.10475930297634234,0.12444968468122929
21,0.12215319394970339,0.11135621650794607,0.11340471626343061,0.11883179319781852,0.10882673048002221,0.10972439909985879,0.10920301463502838,0.10978431027756057,0.09671562558863168
22,0.11906501838456235,0.10837901967085099,0.11304465820682641,0.11561932238678564,0.11297364117244672,0.11090505460319994,0.11467426097875905,0.11074804451532182,0.0945909800812469
23,0.11678492407393397,0.1106185684012642,0.11654738242636084,0.11648339386094583,0.10792454615833186,0.09873720756464643,0.10106526023311267,0.10849176870519373,0.12334694857621052
24,0.1139007254164815,0.1139007254164815,0.1139007254164815,0.1139007254164815,0.10809463431133132,0.10804960426227996,0.10804960426227996,0.10779978456365923,0.11240347093452353
25,0.11626157570777121,0.11686537755840432,0.11566048324933131,0.11566192628083755,0.10315696642226715,0.10466348312209668,0.10450797169332911,0.10426060997345256,0.11896160599250998
26,0.11346179360932383,0.11528129239422696,0.113424693750306,0.11247608347562857,0.10626502520772986,0.10317340403716117,0.10670871986805193,0.10475930297634234,0.12444968468122929
27,0.12215319394970339,0.11135621650794607,0.11340471626343061,0.11883179319781852,0.10882673048002221,0.10972439909985879,0.10920301463502838,0.10978431027756057,0.09671562558863168
28,0.1139007254164815,0.1139007254164815,0.1139007254164815,0.1139007254164815,0.10809463431133132,0.10804960426227996,0.10804960426227996,0.10779978456365923,0.11240347093452353
29,0.1139007254164815,0.1139007254164815,0.1139007254164815,0.1139007254164815,0.10809463431133132,0.10804960426227996,0.10804960426227996,0.10779978456365923,0.11240347093452353
30,0.11850680406157808,0.11907417716415977,0.11784650989931104,0.11783108883966853,0.10164873406844224,0.10205480922141379,0.10190317382078308,0.10141136279139923,0.11972334013324443
31,0.12259517074116519,0.12259651040944534,0.12163128677425035,0.12148633875183765,0.0992249506733091,0.09921653451345935,0.09961541001510538,0.09926247872866704,0.1143713193927604
32,0.11388739443756268,0.11383499692878508,0.1157560917240821,0.11262324013410395,0.10670794604842308,0.10687244055593753,0.1114794829149238,0.10664689906158008,0.11219150819460183
33,0.11911593331229861,0.107525892614218,0.10768580807175374,0.11110682394750306,0.10617659835832957,0.10976973591423213,0.10876480528457835,0.10691691092514401,0.12293749157194242
34,0.13459504541963296,0.12800994722712705,0.10673217278265816,0.12061957347073778,0.10220454370190588,0.1007107247742601,0.10018222240811542,0.10011696033414627,0.10682880988141644
35,0.11911593331229861,0.107525892614218,0.10768580807175374,0.11110682394750306,0.10617659835832957,0.10976973591423213,0.10876480528457835,0.10691691092514401,0.12293749157194242
36,0.1178206399048191,0.1191441083769233,0.11071363321213594,0.09714022648614588,0.11164070258090426,0.1148367044221608,0.11496777919766465,0.11678226602378174,0.09695393979546453
37,0.10456630790165944,0.11142068045888003,0.11142068045888003,0.11459480625851343,0.10930550027566459,0.10623387077741087,0.10568641126664047,0.1083612161645327,0.12841052643781847
38,0.12790748746367497,0.12182637456436492,0.10671423876119843,0.11900811972237234,0.10808919298111574,0.09926317371445768,0.09960020687033966,0.10832676660470884,0.10926443931776725
39,0.11836062855340437,0.11492531765801332,0.1173350322494988,0.11852414029425117,0.10750659581529581,0.09812794892048383,0.09966646026911524,0.10699488689966612,0.11855898934027123
40,0.11608526992629839,0.11087264534836445,0.11097906279328618,0.11434686088827574,0.10672587915198448,0.10823978535219017,0.10805965283339967,0.11039242922489934,0.11429841448130165
41,0.11304678693631479,0.1139990657504227,0.11536492694726924,0.1133698401261216,0.10811603837355462,0.10948849512419737,0.10880606673324875,0.10834240104709518,0.10946637896177602
42,0.11575874192016708,0.11550310565445207,0.11547647710012783,0.11564094711598108,0.1076582631517831,0.10608918048827602,0.10774218552661943,0.10716640954176393,0.10896468950082937
43,0.1139007254164815,0.1139007254164815,0.1139007254164815,0.1139007254164815,0.10809463431133132,0.10804960426227996,0.10804960426227996,0.10779978456365923,0.11240347093452353
44,0.1282814229135019,0.1169671597864801,0.1187278983124648,0.11983260789764143,0.09968425288218866,0.09680799467742131,0.09820629792515657,0.09644258236278035,0.12504978324236463
45,0.11911593331229861,0.107525892614218,0.10768580807175374,0.11110682394750306,0.10617659835832957,0.10976973591423213,0.10876480528457835,0.10691691092514401,0.12293749157194242
46,0.11509947023041682,0.10987471760282977,0.1260872279867717,0.10681324313952698,0.11364980104384664,0.1084163669219154,0.11480981574815326,0.10741675325032832,0.09783260407621144
47,0.11722641016497752,0.11733452768066685,0.11733452768066685,0.11730896449351999,0.10403976010410414,0.10382979093204409,0.10403976010410414,0.1032744966414022,0.11561176219851428
48,0.11723545204463591,0.11737981967964899,0.11733222603595345,0.1166173055564489,0.10412672910817329,0.10384235746986893,0.10503807457213987,0.10185564854376261,0.11657238698936835
49,0.11911593331229861,0.107525892614218,0.10768580807175374,0.11110682394750306,0.10617659835832957,0.10976973591423213,0.10876480528457835,0.10691691092514401,0.12293749157194242
50,0.11699329559506084,0.11590434259341985,0.11646702143109557,0.11702594237167194,0.10310380979281665,0.10211613671238626,0.10583504585361934,0.10555780929222991,0.11699659635769981
51,0.11526789385705644,0.11700843918904257,0.11512402494442431,0.11418607981813172,0.1041883118456755,0.10136167388677479,0.10462333548156626,0.10347311108467196,0.12476712989265651
52,0.11388739443756268,0.11383499692878508,0.1157560917240821,0.11262324013410395,0.10670794604842308,0.10687244055593753,0.1114794829149238,0.10664689906158008,0.11219150819460183
53,0.12688127380994735,0.12713207898471351,0.12611307125302698,0.125976759055147,0.09406678610195197,0.09411057653998978,0.09448892480231987,0.09427463809152338,0.11695589136138032
54,0.12010211659655794,0.10881197035443635,0.10792245027839899,0.1121167357238423,0.10492164494353025,0.10904240402020415,0.10670405575162972,0.10628903409227287,0.12408958823912723
55,0.11388739443756268,0.11383499692878508,0.1157560917240821,0.11262324013410395,0.10670794604842308,0.10687244055593753,0.1114794829149238,0.10664689906158008,0.11219150819460183
56,0.1139007254164815,0.1139007254164815,0.1139007254164815,0.1139007254164815,0.10809463431133132,0.10804960426227996,0.10804960426227996,0.10779978456365923,0.11240347093452353
57,0.11798320031752615,0.114313759790171,0.11439051369453021,0.12023662990163538,0.10422403298380015,0.10346933260818104,0.10124834051621873,0.10458671062004786,0.11954747956788925
58,0.11699329559506084,0.11590434259341985,0.11646702143109557,0.11702594237167194,0.10310380979281665,0.10211613671238626,0.10583504585361934,0.10555780929222991,0.11699659635769981
59,0.1125701830428362,0.1124852060960307,0.11520825151932922,0.11209333414045965,0.10808673164344407,0.10769412251048317,0.11188585772523546,0.10718210069658489,0.1127942126255967
0,0.11894681687350342,0.11803541251766435,0.12488224777550232,0.1128549013084658,0.10093141664455683,0.10519715743784976,0.11497505853805359,0.10280550481081593,0.10137148409358787
1,0.12068757497303845,0.10152949498346882,0.1216248165664062,0.11349965653255645,0.11216732698511601,0.10687279509363337,0.11057361816579116,0.1098056253400503,0.10323909135993929
2,0.11474860725057166,0.1061008089066952,0.10745948019851126,0.1081346427408714,0.11302521484637601,0.10684803059520787,0.11030666010416347,0.10886659309598881,0.12450996226161465
3,0.11485437279863187,0.10506841486250912,0.10567548650825026,0.10823431209658572,0.11559211090045454,0.10861513573633706,0.11395238329308416,0.11108704740588213,0.11692073639826538
4,0.1292626135144735,0.12369421189924593,0.1214767364864382,0.12219137804615249,0.10324225286343237,0.10270741393092628,0.1020687970552639,0.09750002880556928,0.09785656739849809
5,0.12197029292629463,0.11932420344474468,0.11893973941018175,0.11978369496947792,0.10626279331508327,0.10451397414393977,0.10349325835868485,0.1002169998226976,0.10549504360889549
6,0.11538320768246721,0.11496087027961592,0.12099168061694524,0.1147865013395269,0.10604265329515261,0.1081433727393697,0.10829171439724071,0.10522207859319346,0.10617792105648793
7,0.11517159028291425,0.11462545426090615,0.11842565460592544,0.11517159028291425,0.10393795493276534,0.10284774443421515,0.10792593078246562,0.10470844261735694,0.11718563780053688
8,0.10745563079666166,0.10650311816522294,0.10651641574427913,0.1064038035497843,0.11707414861436591,0.11476496538974494,0.11619254123135453,0.11538615592696079,0.10970322058162572
9,0.11132658911116264,0.11969639630859363,0.1255762279934388,0.11968644043344653,0.10202147295155409,0.10790626796714564,0.107502377230709,0.10481359277902319,0.1014706352249264
10,0.1099080265291532,0.11010383001734943,0.11432546508153506,0.1099880808549254,0.11068402044514274,0.11157035643084064,0.11339351626207442,0.11201669125253104,0.10801001312644844
11,0.1073121526157666,0.1060256012574137,0.10496716476676225,0.10520702389560835,0.11904489937053045,0.11737317574308823,0.11737317574308823,0.11800988303394533,0.10468692357379683
12,0.11329742690566488,0.09904721847864947,0.12276136570074796,0.09624214517355248,0.11747301509526242,0.11120880805300891,0.12195525213299015,0.1122472054829559,0.10576756297716805
13,0.10700496290356601,0.1056904988002989,0.1108823204657643,0.10693246331899689,0.1187888184306734,0.11752696129788774,0.11793803833441727,0.11579788758300082,0.09943804886539444
14,0.11703733930078161,0.12444079703489204,0.10744216563362226,0.11873278394639714,0.11082434432301215,0.11148168931691416,0.10301529768881415,0.10532903653899096,0.10169654621657553
15,0.11171117938027628,0.11285649344982514,0.1180923303570109,0.1112186772660718,0.11463816151949131,0.11216174369232315,0.11188249366008149,0.10894078640269221,0.09849813427222777
16,0.12748856172504155,0.12358044694385532,0.12115438795217424,0.11272509629612466,0.10823077133233315,0.09885883416133157,0.10798289858190716,0.0950960509795882,0.104882952027644
17,0.11224660758963122,0.11665352142786821,0.12687008032316296,0.12039115661689626,0.10250214581856171,0.10070340156196761,0.10687036373578858,0.09723701688792194,0.11652570603820114
18,0.11485698937115962,0.10477246384837852,0.11025502762777122,0.12113097490162121,0.1107800956099504,0.10885694093148382,0.10844949184750254,0.1141039813284454,0.10679403453368708
19,0.11790043757560995,0.11124180121866557,0.12098439964053936,0.11621357483284056,0.11241585293352246,0.10535308992976394,0.1106712352207503,0.09874688087342004,0.10647272777488784
20,0.11775800977815223,0.11286389206592377,0.13973175410635566,0.1126279091339142,0.10362145647100725,0.09871139348788645,0.10879110478565768,0.09342594909886301,0.11246853107223972
21,0.10617830850503439,0.09699936957728642,0.09658589537410663,0.09809549385101726,0.1274926938807964,0.11777556134874889,0.12407656571810405,0.11976372219320654,0.11303238955169934
22,0.10748735537325983,0.10756752281392384,0.11091690761853153,0.10741115101863741,0.11369844641458104,0.11362740708767408,0.11784790506346252,0.11388295414879737,0.10756035046113248
23,0.11485698937115962,0.10477246384837852,0.11025502762777122,0.12113097490162121,0.11078009560995035,0.10885694093148382,0.10844949184750254,0.1141039813284454,0.10679403453368708
24,0.09633705739064717,0.1186413019942035,0.11918869627017599,0.1176662117826909,0.10398031308863585,0.11278932600747034,0.10992999418770928,0.11252645771239483,0.10894064156607221
25,0.1132772860220594,0.12105715249663314,0.12779704374657702,0.1201947007966469,0.09998360768468373,0.10605815399579943,0.10620363533225075,0.10328009386338186,0.10214832606196776
26,0.11665611174129695,0.09921036356601622,0.10408386232747048,0.1153482490225216,0.11715580530691747,0.1106782459311033,0.11026397974343165,0.1159154555886221,0.11068792677262039
27,0.11665611174129695,0.09921036356601622,0.10408386232747048,0.1153482490225216,0.11715580530691747,0.1106782459311033,0.11026397974343165,0.11591545558862204,0.11068792677262039
28,0.11538320768246721,0.11496087027961592,0.12099168061694524,0.1147865013395269,0.10604265329515261,0.1081433727393697,0.10829171439724071,0.10522207859319346,0.10617792105648793
29,0.09635621207946436,0.1160606473709628,0.11376345761984163,0.11388177565812653,0.10526713714046117,0.11241054280568817,0.11180329847029145,0.11200631412168434,0.11845061473347938
30,0.10068397578816601,0.11998280205687711,0.11842973553305597,0.11899668631245254,0.10205427863598394,0.10981802358395545,0.10703401750525901,0.10956208024561004,0.11343840033864003
31,0.1073121526157666,0.1060256012574137,0.10496716476676225,0.10520702389560835,0.11904489937053045,0.11737317574308823,0.11737317574308823,0.11800988303394533,0.10468692357379683
32,0.1250984110507359,0.11265714504314842,0.1363001768667648,0.11004767739919025,0.10434697771746261,0.10228903762179023,0.106730149008141,0.09738757156971578,0.10514285372305103
33,0.11577383616673273,0.12784690126898873,0.1095162918313213,0.11752810510511434,0.1080740325323125,0.11307383637920375,0.10450582293699993,0.10179939078723718,0.10188178299208928
34,0.11758664953798897,0.11283189259315128,0.1181568950508524,0.10391258933518924,0.11889210546877703,0.11232279304834093,0.11571014817134888,0.10229608008605612,0.0982908467082948
35,0.12172995563158817,0.10962368868236058,0.1328361842066987,0.10713778888420752,0.10722318971511179,0.10587943834576076,0.1100211986691929,0.10213067295625425,0.10341788290882535
36,0.11872647428516574,0.1207802775830518,0.12020183582388122,0.11834841306827416,0.1002229366101847,0.10105029460223737,0.10135710664437583,0.10023510361489477,0.11907755776793422
37,0.11224660758963122,0.11665352142786821,0.12687008032316296,0.12039115661689626,0.10250214581856171,0.10070340156196761,0.10687036373578858,0.09723701688792194,0.11652570603820114
38,0.1202231534249072,0.11712792919802878,0.12176545349732508,0.0938820879549425,0.11486747642828678,0.10944710359667076,0.11524775085842062,0.10135226390487839,0.10608678113653984
39,0.11872647428516574,0.1207802775830518,0.12020183582388122,0.11834841306827416,0.1002229366101847,0.10105029460223737,0.10135710664437583,0.10023510361489477,0.11907755776793422
40,0.11248322187922784,0.1112819880223251,0.12148334040908895,0.10729851847146224,0.11299291312593093,0.1061639071373727,0.11200040804046121,0.1015686238381675,0.11472707907596394
41,0.10748735537325983,0.10756752281392384,0.11091690761853153,0.10741115101863741,0.11369844641458104,0.11362740708767408,0.11784790506346252,0.11388295414879737,0.10756035046113248
42,0.12055033865343742,0.12172291555525519,0.113501691234224,0.11871606050945964,0.1123670039786387,0.11118246085929324,0.10560983910128109,0.105091418964652,0.09125827114375856
43,0.12197029292629463,0.11932420344474468,0.11893973941018175,0.11978369496947792,0.10626279331508327,0.10451397414393977,0.10349325835868485,0.1002169998226976,0.10549504360889549
44,0.1215070139647923,0.12051673813732038,0.11119709846458131,0.10498791278388517,0.1055703018084964,0.10917264767411408,0.11625174564273948,0.1074336088016234,0.10336293272244743
45,0.12343341905237387,0.12654213669075368,0.11713901782513343,0.10741335316406009,0.10872191373938478,0.10849429094901714,0.10534152827608201,0.1042739781765828,0.0986403621266124
46,0.11824073296127537,0.12559612007430954,0.12770261382849432,0.12506575458557645,0.09056568487037311,0.09686297097236422,0.10147670783515762,0.0969413500038853,0.11754806486856412
47,0.11577383616673273,0.12784690126898873,0.1095162918313213,0.11752810510511434,0.1080740325323125,0.11307383637920375,0.10450582293699993,0.10179939078723718,0.10188178299208928
48,0.1099080265291532,0.11010383001734943,0.11432546508153506,0.1099880808549254,0.11068402044514274,0.11157035643084064,0.11339351626207442,0.11201669125253104,0.10801001312644844
49,0.11095443285368294,0.11103718614946655,0.11449460763047219,0.11084192582523196,0.10941819537010813,0.1098333218275641,0.1143017046016332,0.10968477063378215,0.10943385510805878
50,0.10004274973387922,0.1127074938958013,0.11388172425546772,0.11514933701921451,0.1083488589765803,0.10997699768560187,0.11292358165116502,0.11193548916580169,0.11503376761648806
51,0.11883859773983352,0.1149935906202064,0.10930700303313322,0.11440775283963356,0.10719631741601252,0.106342138954595,0.10488438818501745,0.10630492021954945,0.11772529099201903
52,0.11485698937115962,0.10477246384837852,0.11025502762777122,0.12113097490162121,0.1107800956099504,0.10885694093148382,0.10844949184750254,0.1141039813284454,0.10679403453368708
53,0.1180897523445989,0.10453289392092796,0.10402113981992096,0.10768265496155428,0.11522711682123098,0.107924542366061,0.11141801814552502,0.11010309104839747,0.12100079057178312
54,0.11656524877864666,0.12492667784876492,0.11537974470514373,0.11674452356301294,0.10638290425205935,0.10979830922264097,0.1042621794685155,0.10280812633778538,0.10313228582343083
55,0.11803718753992053,0.11421810994136664,0.10856987091596998,0.11363622286689243,0.10801478350791617,0.10715408321698103,0.10568520221826776,0.10679850398164052,0.11788603581104475
56,0.11396285344571573,0.11396298234817692,0.11759901658839503,0.11379731342060656,0.10630492044780045,0.10593539527149479,0.11018455016553956,0.10613825774773536,0.11211471056453577
57,0.10004274973387922,0.1127074938958013,0.11388172425546772,0.11514933701921451,0.1083488589765803,0.10997699768560187,0.11292358165116502,0.11193548916580169,0.11503376761648806
58,0.11097373665726415,0.10261042385484499,0.10320329354799943,0.10457735091153378,0.11703618013164056,0.10965588914411617,0.11552249023444444,0.1121408484265076,0.12427978709164887
0,0.09429189896213279,0.11887823335016777,0.09621129212891365,0.11717959773516703,0.11102688095751477,0.12394984304625566,0.11486667711218977,0.11425284920302317,0.10934272750463582
1,0.10692091473584224,0.11096257467587758,0.10672509953970967,0.10177240873882992,0.11903777435462527,0.11958066914789446,0.11696631176719638,0.11734258988906257,0.10069165715096211
2,0.12270767770128718,0.11784976322452366,0.12134842291447755,0.12221253054037043,0.09564561569673757,0.10135211206505995,0.10312341455601591,0.09527971570214212,0.1204807475993855
3,0.12270767770128718,0.11784976322452366,0.12134842291447755,0.12221253054037043,0.09564561569673757,0.10135211206505995,0.10312341455601591,0.09527971570214212,0.1204807475993855
4,0.10961287389540766,0.10931386356099615,0.10949752570363176,0.1080106293739563,0.11477300725086059,0.11540863089155746,0.11495794178364278,0.11325775937053678,0.10516776816941045
5,0.11837640753392366,0.12025016872767594,0.12259538207706151,0.11936446250026853,0.09578209758423238,0.10331158516985157,0.10640225681698351,0.0924834427403381,0.12143419684966462
6,0.12588585701605665,0.11669477594982898,0.12305209809013934,0.1250007482995335,0.0988143842571534,0.09936839023277659,0.09804404715376863,0.09753058081592601,0.11560911818481681
7,0.11215290289816854,0.11218790053864011,0.11246610001105606,0.1108273415543882,0.10511818995155277,0.11082341901630795,0.1105590380143759,0.10575637697151485,0.12010873104399561
8,0.12086688139558177,0.11336569719284276,0.11095756707913898,0.11673546844467866,0.10699102813025102,0.10644750727427327,0.10246102516512166,0.10656031455325139,0.1156145107648608
9,0.11450871321902406,0.11814217578089778,0.11348661149882257,0.10970171252052541,0.11137151419404728,0.10747445309755141,0.10758418833147655,0.11174331346640982,0.10598731789124506
10,0.11450871321902406,0.11814217578089778,0.11348661149882257,0.10970171252052541,0.11137151419404728,0.10747445309755141,0.10758418833147655,0.11174331346640982,0.10598731789124506
11,0.10692091473584224,0.11096257467587758,0.10672509953970967,0.10177240873882992,0.11903777435462527,0.11958066914789446,0.11696631176719638,0.11734258988906257,0.10069165715096211
12,0.1310132177093596,0.13757705833658265,0.11724432218932597,0.10507511349973143,0.10789232721835887,0.10577523478771829,0.09819479900116945,0.09527524408158618,0.10195268317616736
13,0.12602557118538557,0.12087637149689456,0.12575841395654708,0.1250411115837996,0.09567800389409352,0.10187306387177102,0.10301075834133144,0.09623755719121432,0.10549914847896304
14,0.12570474812156657,0.12305308936026864,0.12975906132640913,0.12579111440684415,0.09794989715325436,0.09903514702852916,0.09820528876515985,0.09816512573068105,0.10233652810728695
15,0.11215290289816854,0.11218790053864011,0.11246610001105606,0.1108273415543882,0.10511818995155277,0.11082341901630795,0.1105590380143759,0.10575637697151485,0.12010873104399561
16,0.13465754826411674,0.13540758925008423,0.12308435556160954,0.11538048041247297,0.10241351373606196,0.09922458319391737,0.09399413625739643,0.0873613954431175,0.10847639788122342
17,0.11572938167199265,0.11837522707138165,0.11502881369402942,0.1184219070973369,0.1036073315039453,0.10292868526295845,0.10103950856110655,0.10304230719964477,0.12182683793760414
18,0.12499922831511755,0.11794584055902853,0.11979725067670967,0.12164127942743581,0.09587763977552136,0.10117683152229022,0.10069683226356468,0.09525917433314958,0.12260592312718259
19,0.12103578866040429,0.11839432321708263,0.12368881777072992,0.12224435961048608,0.10020040127669948,0.09995393452868505,0.09899623300595076,0.10169739229011654,0.11378874963984527
20,0.11037432524735828,0.12340885833996257,0.11949763968546252,0.12496782887625353,0.10184533284066631,0.10136389183211433,0.10077520071747667,0.10179375006555692,0.11597317239514886
21,0.12103578866040429,0.11839432321708263,0.12368881777072992,0.12224435961048608,0.10020040127669948,0.09995393452868505,0.0989962330059508,0.10169739229011654,0.11378874963984527
22,0.10892234244732077,0.11221889505654048,0.10775240446708521,0.10426765105023124,0.1193779100704365,0.11401583600792171,0.11331157921847039,0.11778491035948063,0.10234847132251289
23,0.10692091473584224,0.11096257467587758,0.10672509953970967,0.10177240873882992,0.11903777435462527,0.11958066914789446,0.11696631176719638,0.11734258988906257,0.10069165715096211
24,0.11276141240889988,0.12709291289989205,0.1234561395707164,0.11551875850054871,0.10620452726428015,0.0987108673970683,0.1033373065674171,0.1075407273190827,0.10537734807209448
25,0.12520310111042546,0.1153530943194671,0.11640362558179072,0.12163254903331579,0.1017880011870313,0.10093051697328585,0.09946038756850599,0.10079897164278619,0.11842975258339153
26,0.12270767770128718,0.11784976322452366,0.12134842291447755,0.12221253054037043,0.09564561569673757,0.10135211206505995,0.10312341455601591,0.09527971570214212,0.1204807475993855
27,0.12720226302994417,0.12746106894870185,0.12864991179896906,0.12028655267456001,0.09865245844773458,0.09865365962994907,0.0995986260301678,0.09055103279917492,0.10894442664079847
28,0.1176529191092351,0.116594511867771,0.118106732684081,0.11548859522695357,0.10584809124724925,0.10461994750365422,0.10540413958695914,0.10141074266732455,0.11487432010677216
29,0.1176529191092351,0.116594511867771,0.118106732684081,0.11548859522695357,0.10584809124724925,0.10461994750365422,0.10540413958695914,0.10141074266732455,0.11487432010677216
30,0.11213370400775066,0.12522808965912843,0.11711504409562566,0.1267877956723527,0.10145644425067073,0.10076340344877861,0.0975723067900757,0.10113946229666143,0.1178037497789559
31,0.1267315591542432,0.12514460459933818,0.13038485207325215,0.12454986814508777,0.09668709283412832,0.09996481021597976,0.100033993961119,0.09332563728297591,0.10317758173387574
32,0.1370494366232814,0.13760314260927362,0.1258109430907892,0.11594832870605062,0.10157977530920287,0.09830027383040602,0.09327180113086779,0.0828922503208871,0.10754404837924134
33,0.1267315591542432,0.12514460459933818,0.13038485207325215,0.12454986814508777,0.09668709283412832,0.09996481021597976,0.100033993961119,0.09332563728297591,0.10317758173387574
34,0.12148637685349692,0.12174263475405368,0.1225583665802627,0.11479965420444532,0.10727643116378731,0.10589438348415439,0.10614188315549473,0.09621242065232838,0.10388784915197656
35,0.12270767770128718,0.11784976322452366,0.12134842291447755,0.12221253054037043,0.09564561569673757,0.10135211206505995,0.10312341455601591,0.09527971570214212,0.1204807475993855
36,0.12570474812156657,0.12305308936026864,0.12975906132640913,0.12579111440684415,0.09794989715325436,0.09903514702852916,0.09820528876515985,0.09816512573068105,0.10233652810728695
