,Estim(XGBClassifier)_Imputer(IterativeImputer(<class 'sklearn.linear_model._bayes.BayesianRidge'>)),Estim(XGBClassifier)_Imputer(IterativeImputer(<class 'xgboost.sklearn.XGBRegressor'>)),Estim(XGBClassifier)_Imputer(IterativeImputer(<class 'sklearn.ensemble._forest.RandomForestRegressor'>)),Estim(XGBClassifier)_Imputer(KNNImputer),Estim(RandomForestClassifier)_Imputer(IterativeImputer(<class 'sklearn.linear_model._bayes.BayesianRidge'>)),Estim(RandomForestClassifier)_Imputer(IterativeImputer(<class 'xgboost.sklearn.XGBRegressor'>)),Estim(RandomForestClassifier)_Imputer(IterativeImputer(<class 'sklearn.ensemble._forest.RandomForestRegressor'>)),Estim(RandomForestClassifier)_Imputer(KNNImputer),Estim(<class 'new_base.ClassifierWithImputation'>)_Imputer(Identity)
0,0.11506676037045507,0.11086238334263232,0.11578229805528255,0.11609106366961774,0.1072001560687506,0.10363213829952299,0.107622028216129,0.10946183864618224,0.11428133333142765
1,0.10806991051639264,0.1077609306712059,0.1131296468885404,0.11106150853066744,0.11053408759612794,0.1080102168722332,0.11131983884229239,0.1129310524484075,0.11718280763413297
2,0.12061141979404752,0.10808077465686944,0.09159405861558442,0.1194702480596609,0.1155347445159575,0.10823669732850213,0.1061735527854236,0.10972065541563733,0.12057784882831729
3,0.11662445965091257,0.11403110053362067,0.11388591999377616,0.11740254410284112,0.10597106807490114,0.10621062244216765,0.10560600676429663,0.1058435973583688,0.11442468107911483
4,0.12042151678612809,0.10545591164222717,0.12520973179772907,0.10923554959940943,0.10609795460925121,0.10613296450167245,0.1094946640431826,0.11340362773680591,0.10454807928359443
5,0.11563003766513553,0.11597503882407502,0.11539002965115194,0.11594429304791694,0.10449314520340049,0.10574593963086083,0.10450327836332307,0.10510424234852431,0.11721399526561205
6,0.1132761988179561,0.11630156949898053,0.1162749852098379,0.11675572241787742,0.1006753183001453,0.10808497505299243,0.10829261004566847,0.11077966902546098,0.10955895163108087
7,0.11401890972471934,0.11325046883528309,0.11382545154822998,0.1294008446331646,0.10115642239439775,0.10089374401994206,0.10253447740824495,0.10631043565144592,0.11860924578457226
8,0.11892687898092566,0.12169743701163974,0.12196087952589968,0.12291014389606929,0.09542566072329463,0.09859978485807841,0.10024307490198156,0.10030974129460404,0.11992639880750713
9,0.12131486296167776,0.12237730817103756,0.12158853647014015,0.12476484389690325,0.09875202141055292,0.09521649872275795,0.09531073570839464,0.09699352956068667,0.12368166309784939
10,0.11563003766513553,0.11597503882407502,0.11539002965115194,0.11594429304791694,0.10449314520340049,0.10574593963086083,0.10450327836332307,0.10510424234852431,0.11721399526561205
11,0.11755874694241289,0.11589354113083235,0.1154785786043786,0.1161625980845071,0.10783460438251309,0.10269249618872357,0.10357844081666676,0.10409269038451137,0.11670830346545422
12,0.12237264368656454,0.12292452870101885,0.12213222994045121,0.12570155166597022,0.09613731674429599,0.09532027028328573,0.09469368327777372,0.09484918528928069,0.12586859041135903
13,0.11139449270632926,0.10564852663042244,0.11566941769436094,0.1148887637696777,0.10933748780090287,0.1033783514102091,0.11015719065825744,0.1147940301950682,0.11473173913477192
14,0.11340215456190497,0.11385516758037838,0.11341834942272835,0.11392469554201347,0.10781896832395149,0.10813121975130519,0.10733676715941869,0.10760440725857695,0.11450827039972297
15,0.1114740904130708,0.11269328638558367,0.11269328638558367,0.11246972370021796,0.10851825364732677,0.10970515618952383,0.10915799944035855,0.10649411086828614,0.11679409297004902
16,0.11637759818083263,0.11647662390508813,0.11644178678267593,0.11662763418744775,0.10647256178448185,0.10641728241796634,0.10578533001496988,0.10543988546416902,0.10996129726236863
17,0.12699400426552673,0.1235842389913732,0.11932802869952151,0.10988574407852067,0.10762017081775628,0.10183240557943377,0.10164106438538578,0.10234593373965055,0.10676840944283165
18,0.1279064076938475,0.11629677813602847,0.11582043218076339,0.11313105064425472,0.10900920516368802,0.10365770933774861,0.10518781640217499,0.1047580281531714,0.10423257228832278
19,0.11379854793681765,0.10930608208870801,0.10073355107425802,0.12347601256123807,0.10756608986116184,0.10103903974114203,0.1012055753794032,0.10448128218714559,0.13839381917012547
20,0.11600037215556093,0.11174681147303452,0.11672896565858285,0.11658602079810508,0.1065414589493831,0.10281792298519607,0.10672470734000039,0.10763050494602838,0.11522323569410885
21,0.11340215456190497,0.11385516758037838,0.11341834942272835,0.11392469554201347,0.10781896832395149,0.10813121975130519,0.10733676715941869,0.10760440725857695,0.11450827039972297
22,0.11374995313995513,0.11258104125973557,0.11010548511399644,0.11047992869192665,0.11209022374212185,0.11058134598622306,0.11191779772798824,0.11052325215218231,0.10797097218587101
23,0.11299424716757968,0.11223271208533521,0.11299424716757968,0.1264358996124716,0.10447434234790073,0.1042030481505508,0.10481280339207526,0.10828806188577159,0.11356463819073559
24,0.11670834022258468,0.11236946838735999,0.11929385293164652,0.11918797631511345,0.10679351647102146,0.10414278725064782,0.10693760572538658,0.10819561099309645,0.10637084170314305
25,0.11717865052392026,0.11302535743322763,0.11264745450608647,0.11527956454305863,0.11234699014460042,0.1047634319713994,0.10554712806804961,0.10640204753784768,0.11280937527180987
26,0.09321366021045677,0.10858050894173718,0.11934168830390693,0.12096715662310005,0.10481495666590672,0.10866254005764203,0.10959040643291176,0.11133987854693285,0.12348920421740595
27,0.12237264368656454,0.12292452870101885,0.12213222994045121,0.12570155166597022,0.09613731674429599,0.09532027028328573,0.09469368327777372,0.09484918528928069,0.12586859041135903
28,0.11139449270632926,0.10564852663042244,0.11566941769436094,0.1148887637696777,0.10933748780090287,0.1033783514102091,0.11015719065825744,0.1147940301950682,0.11473173913477192
29,0.11118912742624593,0.11483738114772409,0.11632264730215801,0.11471782582977304,0.10970337222835234,0.10939787041711077,0.11023080511967732,0.1088552759070338,0.104745694621925
30,0.11637759818083263,0.11647662390508813,0.11644178678267593,0.11662763418744775,0.10647256178448185,0.10641728241796634,0.10578533001496988,0.10543988546416902,0.10996129726236863
31,0.11958772515337371,0.11724021216611462,0.11308259903853497,0.113823022704746,0.1090337899117825,0.10631929020985216,0.10536576619019827,0.10370883798813738,0.11183875663726048
32,0.11637759818083263,0.11647662390508813,0.11644178678267593,0.11662763418744775,0.10647256178448185,0.10641728241796634,0.10578533001496988,0.10543988546416902,0.10996129726236863
33,0.1279064076938475,0.11629677813602847,0.11582043218076339,0.11313105064425472,0.10900920516368802,0.10365770933774861,0.10518781640217499,0.1047580281531714,0.10423257228832278
34,0.1191702423670189,0.1191702423670189,0.1191702423670189,0.12079218997409093,0.09940585553189671,0.10068849405054642,0.09999118564668671,0.09953040050256373,0.12208114719315884
35,0.12131486296167776,0.12237730817103756,0.12158853647014015,0.12476484389690325,0.09875202141055292,0.09521649872275795,0.09531073570839464,0.09699352956068667,0.12368166309784939
36,0.11401890972471934,0.11325046883528309,0.11382545154822998,0.1294008446331646,0.10115642239439775,0.10089374401994206,0.10253447740824495,0.10631043565144592,0.11860924578457226
37,0.10810155686493272,0.11071775244504678,0.11071775244504678,0.10949282125258089,0.11063227959062419,0.11244723285863614,0.11188639994502836,0.10843064169022774,0.1175735629078765
38,0.10810155686493272,0.11071775244504678,0.11071775244504678,0.10949282125258089,0.11063227959062419,0.11244723285863614,0.11188639994502836,0.10843064169022774,0.1175735629078765
39,0.12131486296167776,0.12237730817103756,0.12158853647014015,0.12476484389690325,0.09875202141055292,0.09521649872275795,0.09531073570839464,0.09699352956068667,0.12368166309784939
40,0.11401890972471934,0.11325046883528309,0.11382545154822998,0.1294008446331646,0.10115642239439775,0.10089374401994206,0.10253447740824495,0.10631043565144592,0.11860924578457226
41,0.10003702324364279,0.11288193425899469,0.12248523774732237,0.12748776990183602,0.09612166827417118,0.10300561360963797,0.10305467558232805,0.10645437134600226,0.12847170603606495
42,0.10006716245292384,0.11210011627063657,0.11343611371726564,0.13263193679265295,0.1020173741767598,0.1057822064938118,0.10654962259657703,0.1101803787277585,0.11723508877161383
43,0.09533227325686483,0.11110269391112185,0.11311338207370306,0.11556383219402312,0.10663766331024968,0.11395650051247834,0.11509387430087561,0.11322989908909986,0.11596988135158322
44,0.10955480118668735,0.11328530528257942,0.10250896290614792,0.11754190403253056,0.10627002374274372,0.10339541657761546,0.10312074976987554,0.10602578634402927,0.13829705015779103
45,0.11637759818083263,0.11647662390508813,0.11644178678267593,0.11662763418744775,0.10647256178448185,0.10641728241796634,0.10578533001496988,0.10543988546416902,0.10996129726236863
46,0.12237264368656454,0.12292452870101885,0.12213222994045121,0.12570155166597022,0.09613731674429599,0.09532027028328573,0.09469368327777372,0.09484918528928069,0.12586859041135903
47,0.11637759818083263,0.11647662390508813,0.11644178678267593,0.11662763418744775,0.10647256178448185,0.10641728241796634,0.10578533001496988,0.10543988546416902,0.10996129726236863
48,0.09533227325686483,0.11110269391112185,0.11311338207370306,0.11556383219402312,0.10663766331024968,0.11395650051247834,0.11509387430087561,0.11322989908909986,0.11596988135158322
49,0.11931534651640881,0.1216280094364131,0.1208440672716954,0.12325689840581626,0.09894156215275576,0.09612208866914729,0.09693911599215338,0.10076155495322825,0.12219135660238181
50,0.12409931714209069,0.11238596481770763,0.11195226195895867,0.10898736571689985,0.1135536398189749,0.10917274596720705,0.11087090833465753,0.10831983727746318,0.10065795896604039
51,0.12131486296167776,0.12237730817103756,0.12158853647014015,0.12476484389690325,0.09875202141055292,0.09521649872275795,0.09531073570839464,0.09699352956068667,0.12368166309784939
52,0.11139449270632926,0.10564852663042244,0.11566941769436094,0.1148887637696777,0.10933748780090287,0.1033783514102091,0.11015719065825744,0.1147940301950682,0.11473173913477192
53,0.11753905181338556,0.11848311861615946,0.11873122869073267,0.11863673029030665,0.10595878281054256,0.10269708591139412,0.10436684650955805,0.10393561594791507,0.10965153941000602
54,0.09596900413026159,0.11179008835795629,0.1138132166858352,0.11627882778691691,0.10824708263570945,0.1122206536851208,0.11323281024232436,0.11150512024619123,0.11694319622968428
55,0.11342799450021127,0.1134249898724962,0.11363271162328793,0.11325803775590669,0.10903034834300329,0.10801169851569452,0.10844047794053356,0.10717450332157956,0.11359923812728676
56,0.11722206602177201,0.11299912361542666,0.11779755565894189,0.11767288880073573,0.10454003335836538,0.10209534108251116,0.10504136255164777,0.10627706056939407,0.11635456834120536
57,0.11340215456190497,0.11385516758037838,0.11341834942272835,0.11392469554201347,0.10781896832395149,0.10813121975130519,0.10733676715941869,0.10760440725857695,0.11450827039972297
58,0.11401890972471934,0.11325046883528309,0.11382545154822998,0.1294008446331646,0.10115642239439775,0.10089374401994206,0.10253447740824495,0.10631043565144592,0.11860924578457226
59,0.11692605466263706,0.12091024861266927,0.12117198707386029,0.1213823982368622,0.09557557592594533,0.09950294574767693,0.10192027628085326,0.10417036528052522,0.11844014817897025
0,0.11810798810785564,0.11755358218543069,0.11597481941307392,0.11699185763487349,0.10311034348048947,0.1025561581907864,0.10260997873780338,0.10371337209926879,0.1193819001504182
1,0.09782567625337454,0.10115128062854288,0.11092236387362292,0.10283176867182067,0.12093521764867707,0.11201280941792663,0.11795150583580637,0.1205463276428098,0.11582305002741936
2,0.11752930036126054,0.11559491757375451,0.1212103584740426,0.1137235253397599,0.10554433659898538,0.10200430190621479,0.10638737859660245,0.10446948244924616,0.11353639870013352
3,0.1159112834890498,0.12843928052575332,0.10597532974006836,0.13435528623145532,0.09537466385408616,0.0976348035229065,0.09677791529851652,0.09604034833691402,0.12949108900125011
4,0.11752930036126054,0.11559491757375451,0.1212103584740426,0.1137235253397599,0.10554433659898538,0.10200430190621479,0.10638737859660245,0.10446948244924616,0.11353639870013352
5,0.11964090521787808,0.099535767286231,0.11684364994374359,0.1275122604047655,0.107494026789094,0.09678211727673205,0.10344102593858125,0.10661038271094046,0.12213986443203374
6,0.11868544902882641,0.11843231106075303,0.11884195498581943,0.11921013314145047,0.10235787255064602,0.10269005668494262,0.10169569047307149,0.10238368766283809,0.11570284441165236
7,0.0982521684456852,0.0972261022618125,0.11036084365282854,0.10850672339254447,0.12469774005789339,0.11972960718707368,0.12514818294064534,0.12655755140681393,0.08952108065470286
8,0.11726931903473843,0.11722467435120934,0.11722467435120934,0.11136051626134902,0.10556974634578917,0.10692664933134909,0.10692664933134909,0.1053721858619077,0.11212558513109874
9,0.10530012923435969,0.1090739020982335,0.11195961958803768,0.11315498033969698,0.11306477184011936,0.1138828538307314,0.11392741770692562,0.11308807056327726,0.10654825479861833
10,0.12560134462965294,0.11944197575062915,0.10047190810439886,0.12462442223156399,0.10425983879202029,0.10365718244720032,0.10127394682084169,0.10483137778058103,0.1158380034431118
11,0.1213243211305041,0.1222462616736921,0.11957700254992991,0.12160517177189854,0.0999771100378521,0.09985117503424427,0.09885337912036787,0.09937682355301102,0.11718875512850022
12,0.11868544902882641,0.11843231106075303,0.11884195498581943,0.11921013314145047,0.10235787255064602,0.10269005668494262,0.10169569047307149,0.10238368766283809,0.11570284441165236
13,0.11726931903473843,0.11722467435120934,0.11722467435120934,0.11136051626134902,0.10556974634578917,0.10692664933134909,0.10692664933134909,0.1053721858619077,0.11212558513109874
14,0.11447042250517651,0.11940256992965967,0.11808564281492788,0.11228321607870434,0.10505484377949463,0.10692858578481981,0.1069336828831068,0.10419462441016604,0.11264641181394408
15,0.11104864643536427,0.11305026345732871,0.11375091558662616,0.12166333041911885,0.10296688416936774,0.10373057581804229,0.10483837708025778,0.10660649070421342,0.12234451632968067
16,0.11518082943102279,0.11986137501502532,0.11885411312641724,0.11379310192855638,0.10314360217663551,0.10700345950291393,0.10465079078088438,0.1038374576613573,0.11367527037718748
17,0.11752930036126054,0.11559491757375451,0.1212103584740426,0.1137235253397599,0.10554433659898538,0.10200430190621479,0.10638737859660245,0.10446948244924616,0.11353639870013352
18,0.11985539531556165,0.11903565549524703,0.11781204978939233,0.11914810564184429,0.10226430670284481,0.10208770624179483,0.10131267845670212,0.10160272992924875,0.11688137242736424
19,0.11964090521787808,0.099535767286231,0.11684364994374359,0.1275122604047655,0.107494026789094,0.09678211727673205,0.1034410259385812,0.10661038271094046,0.12213986443203374
20,0.12172421535075013,0.1148364998692906,0.10997625601456082,0.1204941621210287,0.10646338066682781,0.10521807419960984,0.10464453728482383,0.10708601912604544,0.10955685536706267
21,0.09779545294091556,0.09677415632439698,0.10984784216682497,0.10800234060151705,0.12292353097653011,0.11802608508410099,0.123367564923139,0.12475688078586421,0.0985061461967113
22,0.11547475519187608,0.11866801869187192,0.11611502550910192,0.11829291366877999,0.1033287981338792,0.10409332711009099,0.10291271787514628,0.1036699969890809,0.11744444683017247
23,0.11868544902882641,0.11843231106075303,0.11884195498581943,0.11921013314145047,0.10235787255064602,0.10269005668494262,0.10169569047307149,0.10238368766283809,0.11570284441165236
24,0.11785682665159185,0.09737283736225845,0.11456858222352298,0.12514359451310797,0.10877581735114554,0.10088583357474361,0.10765808265132319,0.10774416111552641,0.11999426455677979
25,0.11493938030010224,0.1143510821143579,0.11434338642033791,0.11509290535081185,0.10653263189329626,0.10644462604517012,0.1062777849727001,0.10695702799457964,0.11506117490864398
26,0.10714650751464455,0.1105426791961568,0.1137170049345855,0.11497705130861784,0.11083907384103346,0.11233862227752657,0.11165950174968547,0.11175269092301962,0.10702686825473019
27,0.11447042250517651,0.11940256992965967,0.11808564281492788,0.11228321607870434,0.10505484377949463,0.10692858578481981,0.1069336828831068,0.10419462441016604,0.11264641181394408
28,0.09899053368520427,0.09899369552587113,0.09899369552587113,0.09899369552587113,0.12413327616813208,0.12413327616813208,0.12413327616813208,0.12413327616813208,0.10749527506465392
29,0.11551417443044205,0.11367633853751569,0.1156281431345368,0.1153516088765791,0.10617686560419165,0.10649567129638257,0.10622486599469633,0.10666065666982727,0.11427167545582874
30,0.10530012923435969,0.1090739020982335,0.11195961958803768,0.11315498033969698,0.11306477184011936,0.1138828538307314,0.11392741770692562,0.11308807056327726,0.10654825479861833
31,0.11803473707135263,0.11152225978096293,0.11750865217685881,0.11614942332456465,0.10703643313196767,0.10105324184985406,0.106337533336603,0.10669922613079133,0.11565849319704481
32,0.11810798810785564,0.11755358218543069,0.11597481941307392,0.11699185763487349,0.10311034348048947,0.1025561581907864,0.10260997873780338,0.10371337209926879,0.1193819001504182
33,0.1109755520211605,0.11087194422352675,0.11087194422352675,0.1053805048540634,0.11318721157098041,0.11464202292199765,0.11464202292199765,0.11297539596034219,0.10645340130240465
34,0.12087438497410416,0.11399366727051936,0.10941639042819903,0.12001360719671622,0.10675412873202146,0.10616782338921421,0.10677477673526999,0.10722014139608109,0.1087850798778746
35,0.1034515803361482,0.11907777379739796,0.11104342816257148,0.12724742512078258,0.10214158486796351,0.10444226543005122,0.1057491314257437,0.10438590313155509,0.12246090772778609
36,0.11798074273960617,0.1153716429688481,0.12243482086057914,0.11462060394117758,0.10408310001350872,0.10228787327419903,0.10600951220030035,0.10370166401009043,0.11351003999169024
37,0.1213243211305041,0.1222462616736921,0.11957700254992991,0.12160517177189854,0.0999771100378521,0.09985117503424427,0.09885337912036787,0.09937682355301102,0.11718875512850022
38,0.1171050465748599,0.11576570221716803,0.11677181982541646,0.11665857964787402,0.10466350852729418,0.10515937017994698,0.10418983871331522,0.10482194287209429,0.11486419144203106
39,0.0982521684456852,0.0972261022618125,0.11036084365282854,0.10850672339254447,0.12469774005789339,0.11972960718707368,0.12514818294064534,0.12655755140681393,0.08952108065470286
40,0.10919240839335087,0.10915083860718151,0.10915083860718151,0.10369057372032292,0.11291335367557374,0.11436464509205704,0.11436464509205704,0.11270205055549463,0.11447064625678076
41,0.11785682665159185,0.09737283736225845,0.11456858222352298,0.12514359451310797,0.10877581735114554,0.10088583357474361,0.10765808265132319,0.10774416111552641,0.11999426455677979
42,0.1213243211305041,0.1222462616736921,0.11957700254992991,0.12160517177189854,0.0999771100378521,0.09985117503424427,0.09885337912036787,0.09937682355301102,0.11718875512850022
43,0.11868544902882641,0.11843231106075303,0.11884195498581943,0.11921013314145047,0.10235787255064602,0.10269005668494262,0.10169569047307149,0.10238368766283809,0.11570284441165236
44,0.10922067776905298,0.10985494856281687,0.108312462405789,0.10991223420917104,0.1125903512966165,0.11365233448298523,0.11307839814643768,0.11365233448298523,0.10972625864414513
45,0.1086304445866591,0.12018461493152689,0.11675177841898918,0.12794024968173587,0.10302988277070851,0.10349563304316467,0.10566431054064039,0.10406639442793963,0.11023669159863576
46,0.09782567625337454,0.10115128062854288,0.11092236387362292,0.10283176867182067,0.12093521764867707,0.11201280941792663,0.11795150583580637,0.1205463276428098,0.11582305002741936
47,0.11725424420474177,0.11988219805003326,0.11715683568632614,0.11940359163409042,0.10202104543771834,0.10301322394930303,0.10136104239016726,0.10196705048635635,0.11794076816126381
48,0.11547475519187608,0.11866801869187192,0.11611502550910192,0.11829291366877999,0.1033287981338792,0.10409332711009099,0.10291271787514628,0.1036699969890809,0.11744444683017247
49,0.11810798810785564,0.11755358218543069,0.11597481941307392,0.11699185763487349,0.10311034348048947,0.1025561581907864,0.10260997873780338,0.10371337209926879,0.1193819001504182
50,0.11583997596586447,0.1165339449203983,0.11664644740825149,0.11769039487693923,0.10319438121403847,0.10386656958663357,0.10395120424321473,0.10364972943769324,0.11862735234696689
51,0.12172421535075013,0.1148364998692906,0.10997625601456082,0.1204941621210287,0.10646338066682781,0.10521807419960984,0.10464453728482383,0.10708601912604544,0.10955685536706267
52,0.11691418039544423,0.11894307598618277,0.11833746130746259,0.11704247349246492,0.10131484379883916,0.10254400499840163,0.1025915111757873,0.10480877443340467,0.11750367441201265
53,0.10922067776905298,0.10985494856281687,0.108312462405789,0.10991223420917104,0.1125903512966165,0.11365233448298523,0.11307839814643768,0.11365233448298523,0.10972625864414513
54,0.11691418039544423,0.11894307598618277,0.11833746130746259,0.11704247349246492,0.10131484379883916,0.10254400499840163,0.1025915111757873,0.10480877443340467,0.11750367441201265
55,0.11810798810785564,0.11755358218543069,0.11597481941307392,0.11699185763487349,0.10311034348048947,0.1025561581907864,0.10260997873780338,0.10371337209926879,0.1193819001504182
56,0.11785682665159185,0.09737283736225845,0.11456858222352298,0.12514359451310797,0.10877581735114554,0.10088583357474361,0.10765808265132319,0.10774416111552641,0.11999426455677979
57,0.1098114928059703,0.11381904622006866,0.11488540905512637,0.1175897378849281,0.1084449857313415,0.10920495930897152,0.10872312217149317,0.10846733247701038,0.1090539143450903
58,0.1146708343645995,0.11369492963821531,0.11475330674472684,0.11446320471587237,0.10700591609395152,0.10666734062388518,0.10821196781406305,0.10653760705070695,0.11399489295397942
59,0.11691418039544423,0.11894307598618277,0.11833746130746259,0.11704247349246492,0.10131484379883916,0.10254400499840163,0.1025915111757873,0.10480877443340467,0.11750367441201265
0,0.11200655394681655,0.1191016356064458,0.1111658802398174,0.10989566931836442,0.1116037700520668,0.10822755885307975,0.11014560226138619,0.10457741103110149,0.11327591869092157
1,0.1116956704909175,0.11255182940754416,0.11355138084937003,0.11193386851488578,0.10915355319040326,0.10886599999911348,0.10970673363226756,0.10917697309271125,0.1133639908227873
2,0.11557656260869881,0.11587202792708065,0.11737343267644369,0.1158955187765064,0.10492524071527369,0.10493688448394589,0.10381159242382262,0.10414877056521676,0.11745996982301113
3,0.11342507563079947,0.11089627521587442,0.11307510566098793,0.11048684468164553,0.11049982998081205,0.1105841630511052,0.11098986974494363,0.10890223129326612,0.1111406047405658
4,0.10271097304028644,0.10486825641996393,0.11333316683352779,0.10666562967236033,0.1128826408282039,0.11502935878128559,0.1177052888886164,0.11755578014099576,0.10924890539475997
5,0.11338724768235084,0.11316221132674362,0.1132422387104705,0.11329409051865874,0.1087526551103876,0.10933479111644549,0.10626432224156598,0.10925890816301312,0.11330353513036454
6,0.1106802325466921,0.11230989987456148,0.11633995624535307,0.11150028130673942,0.10695216667634767,0.11060833922656452,0.10667192842046047,0.10898308232844968,0.11595411337483162
7,0.10428440153162298,0.12505000566286584,0.12381187185085998,0.12907655010191568,0.09907931633670478,0.1019234463919246,0.10235251966322097,0.10704101175565611,0.1073808767052291
8,0.1192694682824304,0.11809538802930822,0.11531500108833727,0.11570635188463751,0.1046852606667642,0.09907282388367324,0.10681318874281391,0.10479336288244785,0.11624915453958726
9,0.11545340898494093,0.11580940955397005,0.11733318034379252,0.11692843221350921,0.10516396605755952,0.10340494045926109,0.10277804743129781,0.10665474412223087,0.11647387083343766
10,0.11747504127417367,0.11815963984269065,0.12011908515674043,0.12058315822974887,0.1015582024310246,0.09906308562910635,0.09885543826732117,0.10278000977799204,0.12140633939120245
11,0.1192694682824304,0.11809538802930822,0.11531500108833727,0.11570635188463751,0.1046852606667642,0.09907282388367324,0.10681318874281391,0.10479336288244785,0.11624915453958726
12,0.10700560721432982,0.11174945723190557,0.10708506391703468,0.11419230009595417,0.11338268754199299,0.11046408571433135,0.11031289542689708,0.1069804357849954,0.11882746707255852
13,0.11577112724043805,0.1157864714491966,0.11357652868470541,0.11691719171404659,0.1073098721804454,0.10474541174905111,0.10548151722233431,0.10255277800999366,0.11785910174978882
14,0.11200655394681655,0.1191016356064458,0.1111658802398174,0.10989566931836442,0.1116037700520668,0.10822755885307975,0.11014560226138619,0.10457741103110149,0.11327591869092157
15,0.11958190738565505,0.11966835605839063,0.11981599773463847,0.1191104695696415,0.1011133106123871,0.09921157208599715,0.0997865163706232,0.10104955005718472,0.12066232012548227
16,0.11338690354772518,0.10792119369849358,0.11342895937913809,0.10974937771561677,0.11304584679077459,0.11021034563915476,0.11141520833681061,0.10947823611918646,0.1113639287730998
17,0.11409715949581452,0.11495170108217964,0.11449898327868566,0.113984643496248,0.10771896584855406,0.1053000728124316,0.10651413978601315,0.10872416206046001,0.11421017213961321
18,0.1123308196255083,0.11495297644932442,0.11449130349494391,0.11545345367541539,0.10676238750242158,0.10886099468657405,0.10581026143913784,0.10711849300486448,0.11421931012181008
19,0.10931877296710227,0.11154088011947202,0.10688519275909038,0.11241589034859409,0.11266682536508268,0.11251670303505623,0.11138146968547524,0.10851184333151777,0.11476242238860929
20,0.11200655394681655,0.1191016356064458,0.1111658802398174,0.10989566931836442,0.1116037700520668,0.10822755885307975,0.11014560226138619,0.10457741103110149,0.11327591869092157
21,0.11557656260869881,0.11587202792708065,0.11737343267644369,0.1158955187765064,0.10492524071527369,0.10493688448394589,0.10381159242382262,0.10414877056521676,0.11745996982301113
22,0.11469488050743078,0.11626072543504677,0.12034744197510193,0.11563968220855154,0.10152629002103593,0.10445315714721956,0.10394395051090324,0.10351000359908236,0.1196238685956279
23,0.11767929548730499,0.11687371363494861,0.11787460734862347,0.11779311287940776,0.1017228388640682,0.10122447697029437,0.10445533499570124,0.10589679719603458,0.11647982262361682
24,0.11545340898494093,0.11580940955397005,0.11733318034379252,0.11692843221350921,0.10516396605755952,0.10340494045926109,0.10277804743129781,0.10665474412223087,0.11647387083343766
25,0.11595304597535737,0.11627570257632959,0.11778957759733699,0.11632226454836081,0.10519846159655746,0.10311923635131469,0.10239881936900806,0.10507497023180094,0.11786792175393407
26,0.11767929548730499,0.11687371363494861,0.11787460734862347,0.11779311287940776,0.1017228388640682,0.10122447697029437,0.10445533499570124,0.10589679719603458,0.11647982262361682
27,0.11846927160085381,0.11767809942693438,0.11891729996950835,0.11859182076262476,0.1017249858871579,0.10180095551733913,0.10200454984029539,0.10307656274469287,0.11773645425059359
28,0.11545340898494093,0.11580940955397005,0.11733318034379252,0.11692843221350921,0.10516396605755952,0.10340494045926109,0.10277804743129781,0.10665474412223087,0.11647387083343766
29,0.1123308196255083,0.11495297644932442,0.11449130349494391,0.11545345367541539,0.10676238750242158,0.10886099468657405,0.10581026143913784,0.10711849300486448,0.11421931012181008
30,0.11888623062885365,0.11788677716386282,0.11489032011723205,0.11542558589429386,0.10407806854002569,0.1028108899725377,0.10543339035624846,0.10455148134039521,0.11603725598655044
31,0.12568961414402866,0.1022780704720867,0.10034426338466375,0.11699647236057295,0.1119979691438397,0.1054331272162832,0.10457123924191387,0.10309263958456523,0.12959660445204593
32,0.106127089948608,0.11220096906744126,0.10958248585922996,0.11487962549042399,0.10671298195385262,0.11095881141351664,0.11249141440009637,0.11075725714677578,0.11628936472005545
33,0.1125356926163499,0.11158976103860216,0.10893689085283167,0.1062370767068019,0.11426656724551729,0.11352594135477621,0.11571887062205084,0.11402404013928674,0.10316515942378289
34,0.11901390658204662,0.09881438290898417,0.09651473391264882,0.11302947598190861,0.1179960970975143,0.1109316630299513,0.11126065449441042,0.10898389791551452,0.12345518807702105
35,0.11760585366380706,0.11730342445568101,0.11722075657670633,0.11746154859986883,0.10267875877038482,0.10368133488984371,0.10376696361769175,0.10291367645208145,0.117367682973935
36,0.11408806152910489,0.12073491852114841,0.11271090323776999,0.11192311444305902,0.10826638242601984,0.10855344865710691,0.10823930762552143,0.10408801215628327,0.11139585140398638
37,0.10821628427300395,0.10433645460760538,0.10315591194623851,0.10994407606852696,0.1142700802220436,0.1149992332332371,0.11239026965018913,0.11434801581853365,0.11833967418062176
38,0.11409444913713496,0.11482001817753593,0.114118488103709,0.11349723344493469,0.10716746459341482,0.10676906781713284,0.1073778030236884,0.10753397734284262,0.11462149835960685
39,0.11106987653846505,0.10007328996153438,0.11106987653846505,0.11106987653846505,0.11582401172491945,0.1154100578970633,0.11621375640753256,0.11563413787935341,0.10363511651420156
40,0.12021651605774382,0.11667446964901544,0.12045067332110124,0.1193514286968199,0.10247519172606255,0.09695327888062866,0.10221712408326382,0.10145377197906436,0.12020754560630013
41,0.11124436425387912,0.11288425494045368,0.10975802365802691,0.10669475197202052,0.11372176525324185,0.11478597942540122,0.11318313289549195,0.11309464967306626,0.10463307792841853
42,0.106127089948608,0.11220096906744126,0.10958248585922996,0.11487962549042399,0.10671298195385262,0.11095881141351664,0.11249141440009637,0.11075725714677578,0.11628936472005545
43,0.10538791921913926,0.11286413736067814,0.12261644688643292,0.1127550751706157,0.10653114148859133,0.1098274595621617,0.10955847131524711,0.1124137299436729,0.10804561905346129
44,0.11342507563079947,0.11089627521587442,0.11307510566098793,0.11048684468164553,0.11049982998081205,0.1105841630511052,0.11098986974494363,0.10890223129326612,0.1111406047405658
45,0.11760585366380706,0.11730342445568101,0.11722075657670633,0.11746154859986883,0.10267875877038482,0.10368133488984371,0.10376696361769175,0.10291367645208145,0.117367682973935
46,0.11469488050743078,0.11626072543504677,0.12034744197510193,0.11563968220855154,0.10152629002103593,0.10445315714721956,0.10394395051090324,0.10351000359908236,0.1196238685956279
47,0.11209444728677159,0.11115222464688239,0.10850975619723882,0.1058205278516334,0.11528838576471066,0.11349041352664635,0.11616441313026551,0.11450322670917282,0.10297660488667858
48,0.11283486969121702,0.11045258382032909,0.11276587168499436,0.10979650728525911,0.1121734957911747,0.10953039824983432,0.111685050579126,0.10997023229483519,0.11079099060323012
49,0.10902092664987145,0.10185118650903635,0.09870121291900699,0.10291903197889325,0.12094309331416465,0.11889752443223928,0.12120157936157266,0.11986288084523772,0.1066025639899775
50,0.1192694682824304,0.11809538802930822,0.11531500108833727,0.11570635188463751,0.1046852606667642,0.09907282388367324,0.10681318874281391,0.10479336288244785,0.11624915453958726
51,0.11128524498888476,0.1177867138580608,0.1099227742097009,0.10993364343237146,0.11176053841578723,0.11185891590154395,0.11242786031863387,0.10641153324286153,0.1086127756321555
52,0.1106802325466921,0.11230989987456148,0.11633995624535307,0.11150028130673942,0.10695216667634767,0.11060833922656452,0.10667192842046047,0.10898308232844968,0.11595411337483162
53,0.12041192604415968,0.09808703761015052,0.09815640395520007,0.11220033414205341,0.11774126592974578,0.11210964796472633,0.10884540003536407,0.11106570268707495,0.12138228163152534
54,0.10538412839127112,0.11273346873027058,0.1222074834455207,0.11227155138846578,0.10598442698642108,0.11135825381357933,0.1104454701403792,0.11118179798137506,0.10843341912271724
55,0.11200655394681655,0.1191016356064458,0.1111658802398174,0.10989566931836442,0.1116037700520668,0.10822755885307975,0.11014560226138619,0.10457741103110149,0.11327591869092157
56,0.10271097304028644,0.10486825641996393,0.11333316683352779,0.10666562967236033,0.1128826408282039,0.11502935878128559,0.1177052888886164,0.11755578014099576,0.10924890539475997
57,0.11290432628977816,0.11395834641406985,0.1132507643894271,0.11268701666727263,0.10885142066551176,0.10845879831469028,0.10790747694482779,0.1090758434992782,0.11290600681514419
58,0.11557656260869881,0.11587202792708065,0.11737343267644369,0.1158955187765064,0.10492524071527369,0.10493688448394589,0.10381159242382262,0.10414877056521676,0.11745996982301113
0,0.12230205162180198,0.101888080019297,0.10120970886783225,0.12449354191810401,0.11173872212415221,0.10645048683967692,0.10004675407505496,0.1093274380874388,0.12254321644664203
1,0.10978948675150862,0.11963930043220598,0.12418289383748302,0.10828649042767294,0.11030823215080435,0.1147517442462253,0.11332956018166038,0.10699613143192026,0.09271616054051947
2,0.10446485658467486,0.11176476018934792,0.1041186250477496,0.11167693800703125,0.11626046480881888,0.11804276886049507,0.11657380808932614,0.11644417896310266,0.10065359944945346
3,0.11113413094630976,0.11861266129815855,0.11511683242153567,0.10340578206704476,0.11136586229701913,0.11198604866681666,0.11156545987191055,0.11075316955408553,0.10606005287711943
4,0.11563754865913023,0.11345189940813713,0.11238079163850842,0.11439712888936686,0.10925950983398494,0.10595140369362259,0.10651934804782895,0.10666010610145106,0.11574226372797015
5,0.10350011423548859,0.11542973577765447,0.1077550979458055,0.10827211388401276,0.10848621149171503,0.11259003352970326,0.11094696903035722,0.10846667168804774,0.12455305241721554
6,0.11869931244042846,0.11617356603320197,0.12064803574235923,0.11615583048331096,0.10907914395256703,0.10876163345875561,0.10852183195609581,0.10277010546398037,0.09919054046930088
7,0.1106748594706183,0.11825141798711447,0.11869246090851551,0.11928845633278704,0.10350528977050286,0.10574211492361844,0.10623885581966827,0.10606193853199497,0.11154460625518026
8,0.1116197614402803,0.1086707401327382,0.10225805707731589,0.10510851281225567,0.11589093930290977,0.11362432887267342,0.1110445142760043,0.11321749664923828,0.11856564943658414
9,0.1030270970106493,0.10580108420365561,0.10863596584557622,0.1017087796601209,0.11267353948482149,0.11506969694817272,0.11546415547610485,0.11283125953384687,0.12478842183705172
10,0.1030270970106493,0.10580108420365561,0.10863596584557622,0.1017087796601209,0.11267353948482149,0.11506969694817272,0.11546415547610485,0.11283125953384687,0.12478842183705172
11,0.11861457790870913,0.12697148284795823,0.12151304836869199,0.11954817111396651,0.10080408510432529,0.10000995103078708,0.09435065181340992,0.09870541970580021,0.11948261210635135
12,0.1140812873468381,0.11449416247949867,0.11278400624225406,0.11288070082310854,0.11034875537363527,0.1115437401945386,0.10366300836305765,0.10921380453499088,0.11099053464207805
13,0.11869931244042846,0.11617356603320197,0.12064803574235923,0.11615583048331096,0.10907914395256703,0.10876163345875561,0.10852183195609581,0.10277010546398037,0.09919054046930088
14,0.12633634080950504,0.11942907677185242,0.12352062192532647,0.11868713231885075,0.1061304590089588,0.10416596708220281,0.10441663693231931,0.09980168742324771,0.0975120777277366
15,0.11226826031369376,0.11801404718940656,0.11899223738713212,0.11654507324087449,0.10365302570695993,0.10817035683301615,0.10872820820591429,0.10816605053189075,0.105462740591112
16,0.11963068273003817,0.12335335416522224,0.11695744059636773,0.11587770779914706,0.09970203463380507,0.10543591340849379,0.09424692550378716,0.1026462516070725,0.12214968955606623
17,0.11330722103947283,0.11315198258097772,0.11306734975057516,0.11308672251739171,0.10892606901549937,0.10779479580822897,0.10713285077849827,0.11101089133366553,0.11252211717569036
18,0.10912234175760484,0.10790209800028482,0.09614441808270284,0.10241769381534804,0.11870998115738235,0.11677669754925395,0.11545698786142788,0.11566645123367253,0.11780333054232238
19,0.12633634080950504,0.11942907677185242,0.12352062192532647,0.11868713231885075,0.1061304590089588,0.10416596708220281,0.10441663693231931,0.09980168742324771,0.0975120777277366
20,0.10890816700750676,0.11352871400622268,0.10479797262613992,0.11502833829880764,0.1118478751233878,0.11065021723140733,0.1121825600183998,0.11016212609573015,0.11289402959239811
21,0.11352576696992361,0.10530235248696518,0.10454706537952388,0.1164737981929038,0.11340130557393442,0.1127143930645281,0.10485212594848745,0.11422958403372874,0.11495360835000484
22,0.12633634080950504,0.11942907677185242,0.12352062192532647,0.11868713231885075,0.1061304590089588,0.10416596708220281,0.10441663693231931,0.09980168742324771,0.0975120777277366
23,0.11330722103947283,0.11315198258097772,0.11306734975057516,0.11308672251739171,0.10892606901549937,0.10779479580822897,0.10713285077849827,0.11101089133366553,0.11252211717569036
24,0.12447109619288338,0.10410830470330402,0.10340608712074288,0.12732439884407784,0.10788962363297679,0.10492986770513525,0.0977244976313531,0.10733526118030834,0.12281086298921859
25,0.11869931244042846,0.11617356603320197,0.12064803574235923,0.11615583048331096,0.10907914395256703,0.10876163345875561,0.10852183195609581,0.10277010546398037,0.09919054046930088
26,0.12716076421428116,0.11497912330180737,0.12153121615933077,0.11523156911191458,0.10209747890014463,0.10110911215016545,0.09896847557866909,0.1006306885210286,0.11829157206265815
27,0.12633634080950504,0.11942907677185242,0.12352062192532647,0.11868713231885075,0.1061304590089588,0.10416596708220281,0.10441663693231931,0.09980168742324771,0.0975120777277366
28,0.12011093638849038,0.11752980938560013,0.12205651533063927,0.11594076584189941,0.10949101963609637,0.10731327075414797,0.10968978831154974,0.10126141275688462,0.09660648159469207
29,0.11861457790870913,0.12697148284795823,0.12151304836869199,0.11954817111396651,0.10080408510432529,0.10000995103078708,0.09435065181340992,0.09870541970580021,0.11948261210635135
30,0.11330722103947283,0.11315198258097772,0.11306734975057516,0.11308672251739171,0.10892606901549937,0.10779479580822897,0.10713285077849827,0.11101089133366553,0.11252211717569036
31,0.11177263871173307,0.11268286172641075,0.11962751598856945,0.12829949146198547,0.10483555249754456,0.10596404569338043,0.10285342615788529,0.10568806430437676,0.10827640345811403
32,0.12062629796423999,0.12106252646259126,0.12250702509200102,0.11540545832947255,0.10268235999727413,0.10040575500893409,0.09902938165787462,0.09631072122491183,0.12197047426270051
33,0.12447109619288338,0.10410830470330402,0.10340608712074288,0.12732439884407784,0.10788962363297679,0.10492986770513525,0.0977244976313531,0.10733526118030834,0.12281086298921859
34,0.12058716152620322,0.11220446215183243,0.11950145945651686,0.11246421092096356,0.10485510687447036,0.10109259479855698,0.10422592719281445,0.10413817686413042,0.12093090021451199
35,0.1212609931438582,0.10782335538812853,0.10730534577343025,0.10584094856320844,0.11285443052722614,0.10922016443825035,0.10994011487608876,0.10857049830384496,0.1171841489859642
36,0.1167810105270561,0.11736208201038456,0.11736208201038456,0.1184261838221383,0.1041745982817335,0.1014304459283837,0.1002324054709493,0.10381776517230022,0.12041342677666966
