,Estim(XGBClassifier)_Imputer(IterativeImputer(<class 'sklearn.linear_model._bayes.BayesianRidge'>)),Estim(XGBClassifier)_Imputer(IterativeImputer(<class 'xgboost.sklearn.XGBRegressor'>)),Estim(XGBClassifier)_Imputer(IterativeImputer(<class 'sklearn.ensemble._forest.RandomForestRegressor'>)),Estim(XGBClassifier)_Imputer(KNNImputer),Estim(RandomForestClassifier)_Imputer(IterativeImputer(<class 'sklearn.linear_model._bayes.BayesianRidge'>)),Estim(RandomForestClassifier)_Imputer(IterativeImputer(<class 'xgboost.sklearn.XGBRegressor'>)),Estim(RandomForestClassifier)_Imputer(IterativeImputer(<class 'sklearn.ensemble._forest.RandomForestRegressor'>)),Estim(RandomForestClassifier)_Imputer(KNNImputer),Estim(<class 'new_base.ClassifierWithImputation'>)_Imputer(Identity)
0,0.09695611919235324,0.1360742620337674,0.1386436133523911,0.10419719842227115,0.09414349714799121,0.10705782343686537,0.1084981692047495,0.09379568494335859,0.12063363226625252
1,0.11528503183922788,0.08730753913374191,0.12157186938201126,0.13296483552579755,0.10510256777611385,0.10448236272636666,0.1066104066870081,0.1084102641056658,0.11826512282406727
2,0.11329544843951361,0.10976743801536643,0.11184881832274834,0.116718938556526,0.09893730110824542,0.1052533232407815,0.10558101173009621,0.1032809093486122,0.13531681123811057
3,0.10811193894706943,0.12571648716013167,0.10964999106347045,0.10811372716456465,0.11155644397925747,0.11829655888279632,0.11285323125950185,0.1087996122703591,0.09690200927284945
4,0.08941410050929743,0.12961388790366654,0.13500453597066936,0.08841447722302355,0.10713681812343373,0.11658992987431817,0.11902715497986639,0.10587991869427675,0.10891917672144813
5,0.1248853443981273,0.11710887946589893,0.12386641259230811,0.12603060352372242,0.09589874844572754,0.09477271046362491,0.09648669733357838,0.09462193653864262,0.12632866723836972
6,0.1162954847837943,0.11143560809046553,0.09810429250571441,0.1177533896826308,0.11689384913903962,0.10750962046532662,0.10903701938160235,0.11161504768959676,0.11135568826183
7,0.10251864103902394,0.14742320663535954,0.11401635806432561,0.09616066904754064,0.10856800181896795,0.11267998603651941,0.10357626063832708,0.10631460958361752,0.10874226713631811
8,0.11484638339581305,0.11256186511370822,0.11486248041378536,0.11469168849148917,0.10746829635251319,0.10085928124047971,0.11043372075078003,0.1107250257031248,0.11355125853830635
9,0.11484638339581305,0.11256186511370822,0.11486248041378536,0.11469168849148917,0.10746829635251319,0.10085928124047971,0.11043372075078003,0.1107250257031248,0.11355125853830635
10,0.11484638339581305,0.11256186511370822,0.11486248041378536,0.11469168849148917,0.10746829635251319,0.10085928124047971,0.11043372075078003,0.1107250257031248,0.11355125853830635
11,0.11798323427185042,0.08613200740019149,0.1194792251381026,0.13446629416556213,0.10696229253040507,0.10368541481543368,0.10543221389241908,0.10934749626591067,0.11651182152012465
12,0.11707627480706588,0.08540462947380796,0.1184738208557202,0.13336648162751746,0.10667459556776936,0.10586180684126495,0.10763071657623485,0.10987887515444512,0.11563279909617416
13,0.09695611919235324,0.1360742620337674,0.1386436133523911,0.10419719842227115,0.09414349714799121,0.10705782343686537,0.1084981692047495,0.09379568494335859,0.12063363226625252
14,0.1186930245537671,0.12339736962898888,0.1237167710813631,0.12115236888194707,0.09321459530788054,0.10170450774864517,0.10079298281232571,0.09201349291202968,0.1253148870730527
15,0.10811193894706943,0.12571648716013167,0.10964999106347045,0.10811372716456465,0.11155644397925747,0.11829655888279632,0.11285323125950185,0.1087996122703591,0.09690200927284945
16,0.11453183755313188,0.10863116439810111,0.1099061072716669,0.1163596400189476,0.10394412335214387,0.10558396304718387,0.10559312944191107,0.10500448634840022,0.13044554856851334
17,0.11707627480706588,0.08540462947380796,0.1184738208557202,0.13336648162751746,0.10667459556776936,0.10586180684126495,0.10763071657623485,0.10987887515444512,0.11563279909617416
18,0.11856711992338911,0.12092984629294269,0.1212445109920768,0.11954738215167632,0.09933313231611864,0.10315195993601427,0.10224408593693109,0.09665124012892476,0.11833072232192647
19,0.12339869347698275,0.1208933898418153,0.09065538486002821,0.1264498614674462,0.10719004422694312,0.10671063368611083,0.09723221077252815,0.1099756687850296,0.11749411288311583
20,0.1189230809380043,0.0987300201065985,0.10906874584078032,0.09873634677180625,0.11687048265613866,0.11362809772953587,0.1115214182522289,0.11383501283836613,0.11868679486654114
21,0.12321509960326886,0.11517738187172272,0.12349199454227268,0.12228293711011579,0.10023238278051555,0.09719984882806577,0.10033909741333476,0.09719466069397145,0.12086659715673229
22,0.10831232228736792,0.10504138999324114,0.1381308514877861,0.10695683670663798,0.11099274417326348,0.10305662363906234,0.11380507858658802,0.10682911442686205,0.106875038699191
23,0.10001349959017594,0.13769062326640846,0.10730709536485207,0.09221376560148759,0.11686969198483425,0.11909472582170864,0.11033503146407667,0.11472348050282886,0.10175208640362755
24,0.11026869808032456,0.1189855836081339,0.11725882513374757,0.1146580008315398,0.106391889488398,0.10987874318451275,0.10775377144156306,0.107104546324389,0.10769994190739153
25,0.10756754917199239,0.10481873642412962,0.1347607431135997,0.10671375388896774,0.11177130305071374,0.10481389126706102,0.11328835707320373,0.10863123239004162,0.10763443362029067
26,0.1317755328915845,0.10802775963584389,0.10857484298450827,0.11019607582329337,0.10538368566967801,0.10101101293386244,0.099824907157182,0.10019440512088229,0.1350117777831655
27,0.11269614983478196,0.13253207981895637,0.10023398772903795,0.10772991457366347,0.11095333210487442,0.11198862829775798,0.10176609581818777,0.10813989901538158,0.1139599128073583
28,0.11226383352462121,0.10918753770138016,0.1414491015966919,0.11044174160879984,0.10484454038684111,0.10013246081457103,0.1092721095112072,0.10087211731493811,0.1115365575409492
29,0.11039916903199681,0.11493708732749011,0.12458066689064722,0.11064397285902079,0.09922941819665194,0.10681034168329269,0.10659718041386163,0.09851026417023545,0.12829189942680302
30,0.1012517444897273,0.14280938990981723,0.10885688970589803,0.09871066128350693,0.10743924245692765,0.1141528118423223,0.10383816144508906,0.10324151462653702,0.11969958424017443
31,0.11587245661144514,0.1204109476362303,0.11955713335180321,0.11857340425425449,0.09691666945947028,0.10412605934085482,0.10381189831033531,0.09726526646973442,0.12346616456587238
32,0.11453183755313188,0.10863116439810111,0.1099061072716669,0.1163596400189476,0.10394412335214387,0.10558396304718387,0.10559312944191107,0.10500448634840022,0.13044554856851334
33,0.12043278307187028,0.119777551569539,0.12053701021885785,0.1201215405228189,0.0972697544411584,0.10164945539587805,0.10172202817118192,0.09949729402420361,0.11899258258449193
34,0.10836739653331097,0.10831516354003927,0.11603653096760493,0.12812763185449405,0.10389301661987384,0.10844727464102377,0.10783900185751528,0.10634028992411826,0.1126336940620197
35,0.14399564750801203,0.10754234199636394,0.0789421893542728,0.12774830093103398,0.10975350959627302,0.10708356742637293,0.08891192033556225,0.11076346860113129,0.12525905425097797
36,0.1094672967222316,0.10381314412193346,0.09796172179035084,0.10733937579585609,0.1176183039663262,0.11564284182725004,0.11583549041087361,0.1170674915555593,0.1152543338096189
37,0.11798323427185042,0.08613200740019149,0.1194792251381026,0.13446629416556213,0.10696229253040507,0.10368541481543368,0.10543221389241908,0.10934749626591067,0.11651182152012465
38,0.11773285208204123,0.12065406233183402,0.11826732731693199,0.11925645785381861,0.10001378044128173,0.10489394202528966,0.10176344958895937,0.09826582328289983,0.11915230507694367
39,0.12339869347698275,0.1208933898418153,0.09065538486002821,0.1264498614674462,0.10719004422694306,0.10671063368611083,0.0972322107725282,0.1099756687850296,0.11749411288311583
40,0.10952863344281331,0.11831454855812046,0.08419273726050781,0.102130724607922,0.12369663473712483,0.11988370602454387,0.10908376433656794,0.12057038942937681,0.11259886160302336
41,0.11732346182141136,0.11743729968478896,0.12355315203334935,0.11980601418922518,0.09950915824289433,0.10073142765875327,0.10144248107418799,0.09994938723797954,0.12024761805741027
42,0.09694608130738355,0.11824790461640207,0.1276114284783168,0.09646300389114568,0.11287480982316324,0.11413784292456693,0.11614341688042978,0.11262545492108711,0.10495005715750474
43,0.13078866877492484,0.10707582448188807,0.10761808695975504,0.10850936536399987,0.11050849065229094,0.10662541956178645,0.10438287916579615,0.10535291947043142,0.1191383455691269
44,0.1162954847837943,0.11143560809046553,0.09810429250571441,0.1177533896826308,0.11689384913903962,0.10750962046532662,0.10903701938160235,0.11161504768959676,0.11135568826183
45,0.11190315154910274,0.11586738349805592,0.1256220385574953,0.11085437547471465,0.10462173878205103,0.10959145233442062,0.10850766289535761,0.10267924771461193,0.11035294919419042
46,0.11969132541870908,0.11331871347737794,0.11576630772557955,0.11975693723081748,0.0952347798139775,0.10096764638894519,0.10037425399806511,0.0948069321174082,0.14008310382911976
47,0.10001349959017594,0.13769062326640846,0.10730709536485207,0.09221376560148759,0.11686969198483425,0.11909472582170864,0.11033503146407667,0.11472348050282886,0.10175208640362755
48,0.11732346182141136,0.11743729968478896,0.12355315203334935,0.11980601418922518,0.09950915824289433,0.10073142765875327,0.10144248107418799,0.09994938723797954,0.12024761805741027
49,0.14399564750801203,0.10754234199636394,0.0789421893542728,0.12774830093103398,0.10975350959627302,0.10708356742637293,0.08891192033556225,0.11076346860113129,0.12525905425097797
50,0.11908507445919844,0.12599059308599633,0.12659359693391842,0.12523096269292616,0.09437355797788899,0.09958678682508343,0.09992114917779221,0.09617712072761259,0.11304115811958322
51,0.1162954847837943,0.11143560809046553,0.09810429250571441,0.1177533896826308,0.11689384913903962,0.10750962046532662,0.10903701938160235,0.11161504768959676,0.11135568826183
52,0.1176215451599345,0.11543745408497483,0.11560447350191524,0.11725117202762536,0.10389880549080231,0.10263593638462438,0.10387350082979421,0.10531136207031304,0.11836575045001611
53,0.10836739653331097,0.10831516354003927,0.11603653096760493,0.12812763185449405,0.10389301661987384,0.10844727464102377,0.10783900185751528,0.10634028992411826,0.1126336940620197
54,0.1189230809380043,0.0987300201065985,0.10906874584078032,0.09873634677180625,0.11687048265613866,0.11362809772953587,0.1115214182522289,0.11383501283836613,0.11868679486654114
55,0.11053612482038908,0.11416402448488742,0.12223840646109464,0.10957407817703932,0.10438599433295478,0.10705384417390752,0.10680854528156732,0.10192313528044367,0.12331584698771646
56,0.11587245661144514,0.1204109476362303,0.11955713335180321,0.11857340425425449,0.09691666945947028,0.10412605934085482,0.10381189831033531,0.09726526646973442,0.12346616456587238
57,0.10795480183728937,0.12666887637927013,0.12790581934195006,0.11402979777106007,0.09699425724750886,0.10580586358689019,0.10620592449916545,0.09936183241834784,0.11507282691851817
58,0.11337270179126802,0.11216061446516488,0.12741877892290798,0.11305704906851978,0.10184065653507743,0.10269863381000163,0.10686875946979758,0.09993936918198489,0.12264343675527789
59,0.12339869347698275,0.1208933898418153,0.09065538486002821,0.1264498614674462,0.10719004422694312,0.10671063368611083,0.0972322107725282,0.1099756687850296,0.11749411288311583
0,0.12131956351696907,0.10499827578307458,0.11987099777483279,0.12195703527963243,0.10478377311841623,0.09765346513318222,0.102710158421441,0.10393066103070135,0.12277606994175062
1,0.11684812895264016,0.11755406873094337,0.11541641646358773,0.1167466671705491,0.10529223781214514,0.10483571905072314,0.1023346773451489,0.1032124969629738,0.1177595875112889
2,0.11593774854418357,0.11651248506916971,0.11671547950466198,0.1163863206055198,0.10279777805739347,0.10560523962524865,0.10648054362688876,0.103888001985677,0.1156764029812571
3,0.125389140232571,0.12122573897307622,0.11425284441330248,0.12169402144447578,0.1029435595018941,0.10138793632872514,0.10296612429678961,0.09917867721635526,0.11096195759281038
4,0.12043949492087855,0.11636837065489472,0.11634620534844176,0.1196864977189443,0.10487991884752369,0.1033835249756775,0.10294674982524164,0.10360676162195308,0.11234247608644467
5,0.12264943693660708,0.11814611214272742,0.10879950124881853,0.12268903345788379,0.10319308103507287,0.10059232118407271,0.101558672371744,0.10472344965646425,0.11764839196660927
6,0.11796111067300627,0.11780287409195478,0.11556164883091191,0.11782963104774132,0.1042043105980887,0.10393719895910633,0.10158420636655884,0.1031345446584601,0.11798447477417157
7,0.11593774854418357,0.11651248506916971,0.11671547950466198,0.1163863206055198,0.10279777805739347,0.10560523962524865,0.10648054362688876,0.103888001985677,0.1156764029812571
8,0.11858209591391433,0.121389697376256,0.12143936401418577,0.11661331631682856,0.09946545375077726,0.10415965116583499,0.10471955549386167,0.0946735555726169,0.11895731039572452
9,0.11350663800774276,0.11155252549201691,0.1122650908450476,0.11673358430780395,0.11216479328569619,0.10620813941598121,0.1116533906887621,0.11172891490013097,0.10418692305681815
10,0.11385368012285871,0.11153943539653699,0.11239480563539055,0.11696316895232339,0.11231053530295813,0.10522408649120067,0.11173273148508453,0.11057858481079345,0.10540297180285386
11,0.125389140232571,0.12122573897307622,0.11425284441330248,0.12169402144447578,0.1029435595018941,0.10138793632872514,0.10296612429678961,0.09917867721635526,0.11096195759281038
12,0.125389140232571,0.12122573897307622,0.11425284441330248,0.12169402144447578,0.1029435595018941,0.10138793632872514,0.10296612429678961,0.09917867721635526,0.11096195759281038
13,0.125389140232571,0.12122573897307622,0.11425284441330248,0.12169402144447578,0.1029435595018941,0.10138793632872514,0.10296612429678961,0.09917867721635526,0.11096195759281038
14,0.11604777582890237,0.11402093806761374,0.10892891635940162,0.12061990060227017,0.10458894247795159,0.1061349996944144,0.10545063708828264,0.1051159742165977,0.11909191566456577
15,0.10557834688318457,0.1266478634934515,0.11004045511330876,0.10506806497276851,0.11049626765984143,0.10816347804828817,0.10782203463600423,0.11082567814416185,0.11535781104899114
16,0.12051495542721216,0.11969869730115791,0.12051258565107585,0.11746018988347537,0.10202294350918042,0.09866778517803215,0.10464882399527936,0.09734262079200223,0.11913139826258486
17,0.11232252880900792,0.0994467649496749,0.11403814450695779,0.11488898262115918,0.11048617317703169,0.10935480217781612,0.1122037915585759,0.11007132274962937,0.11718748945014702
18,0.11738356331189544,0.1181316712305515,0.11782057278374966,0.11795536616779922,0.10222862647527123,0.10132103802540444,0.10519518795248507,0.10398932146642999,0.1159746525864132
19,0.12264943693660708,0.11814611214272742,0.10879950124881853,0.12268903345788379,0.10319308103507287,0.10059232118407271,0.101558672371744,0.10472344965646425,0.11764839196660927
20,0.10191474253192832,0.1220237051252585,0.12284557178370675,0.11322595389267386,0.1004102213167338,0.11082791411526204,0.11220210480526013,0.10479833917005604,0.11175144725912026
21,0.10478762561842984,0.12149683711474148,0.12357974477244306,0.12102673291062735,0.0994541834037515,0.10637374060678426,0.10721074465432702,0.10068679681004095,0.11538359410885421
22,0.11106115280983606,0.10530001864665368,0.11137845343026491,0.11156570284912631,0.11199584380629665,0.10842165889084224,0.10743685748702618,0.11110416617881491,0.1217361459011392
23,0.11371579967013476,0.11342321238593099,0.10746652259042414,0.11982942412657419,0.10802370830639396,0.10601698502219345,0.10449894280517537,0.10845250715486698,0.1185728979383058
24,0.1094002191074644,0.12640969276966543,0.11541651850748279,0.13017955048920524,0.09636674672234508,0.10434208404367733,0.10445862775439715,0.10004939758382737,0.11337716302193535
25,0.12051495542721216,0.11969869730115791,0.12051258565107585,0.11746018988347537,0.10202294350918042,0.09866778517803215,0.10464882399527936,0.09734262079200223,0.11913139826258486
26,0.1111929328242589,0.1102533035625613,0.11904122149308086,0.12063566334193514,0.10599619555889972,0.10294247494587187,0.10870993500414519,0.10693527874488061,0.11429299452436663
27,0.12342065434529596,0.1190427009228456,0.10857047405573424,0.12747308760327858,0.10210502068167562,0.09984149067266707,0.09999668195031713,0.10230469728048158,0.11724519248770425
28,0.12264943693660708,0.11814611214272742,0.10879950124881853,0.12268903345788379,0.10319308103507287,0.10059232118407271,0.101558672371744,0.10472344965646425,0.11764839196660927
29,0.11265613673423897,0.11315954738712213,0.1132920197970567,0.11637965430307133,0.10906835882274372,0.11103767757778388,0.11216339690129681,0.1079078920174086,0.10433531645927777
30,0.11385368012285871,0.11153943539653699,0.11239480563539055,0.11696316895232339,0.11231053530295813,0.10522408649120071,0.11173273148508453,0.11057858481079345,0.10540297180285386
31,0.11813512605316115,0.10958573693134598,0.11883135057913245,0.11694397217336791,0.11094699484492256,0.10511706233322082,0.11069741451397444,0.1088177084994421,0.10092463407143244
32,0.11435387845022264,0.09683737884487449,0.11830504607423416,0.11529622219295568,0.10741439635598281,0.10441996553810665,0.11151997845223965,0.11076848446496246,0.12108464962642136
33,0.11642074223136183,0.11587624547196791,0.10980126739627767,0.12085927443812375,0.10436971211475941,0.10699363809513723,0.10443688652020298,0.10421839718036818,0.11702383655180112
34,0.12131956351696907,0.10499827578307458,0.11987099777483279,0.12195703527963243,0.10478377311841623,0.09765346513318222,0.102710158421441,0.10393066103070135,0.12277606994175062
35,0.11642074223136183,0.11587624547196791,0.10980126739627767,0.12085927443812375,0.10436971211475941,0.10699363809513723,0.10443688652020298,0.10421839718036818,0.11702383655180112
36,0.1250329808052195,0.10891520201457013,0.11717385811852289,0.12398602171322581,0.10191075722758687,0.10100611279197805,0.10301170150536255,0.0955715191048931,0.12339184671864101
37,0.1218003602312538,0.11973318067744686,0.12394047367850296,0.11586581253663916,0.10367312319378619,0.09391500303071665,0.10212634966553207,0.10414274481863123,0.11480295216749137
38,0.125389140232571,0.12122573897307622,0.11425284441330248,0.12169402144447578,0.1029435595018941,0.10138793632872514,0.10296612429678961,0.09917867721635526,0.11096195759281038
39,0.10874252013268239,0.1261583975060865,0.11611121012071982,0.12520280152754043,0.09735153417979589,0.10483431798197185,0.10618807146059717,0.10103941220353496,0.11437173488707086
40,0.10471338789793383,0.12516237971597813,0.10869685684826538,0.10400871620558816,0.1118005203427189,0.1098568322846299,0.10944229332412798,0.11036997187513067,0.11594904150562688
41,0.1173224674707093,0.11697976190874972,0.11696389848324282,0.11711906747212003,0.1056740119464068,0.10417912218693652,0.10381595654550343,0.10351991214625134,0.11442580184007999
42,0.1173224674707093,0.11697976190874972,0.11696389848324282,0.11711906747212003,0.1056740119464068,0.10417912218693652,0.10381595654550343,0.10351991214625134,0.11442580184007999
43,0.1094002191074644,0.12640969276966543,0.11541651850748279,0.13017955048920524,0.09636674672234508,0.10434208404367733,0.10445862775439715,0.10004939758382737,0.11337716302193535
44,0.11923156919753043,0.11715570489851218,0.113630879796843,0.11704518436561301,0.10289902561958782,0.10410356476053627,0.1048521504563216,0.10502705495683493,0.11605486594822076
45,0.10096603896578757,0.11432814646368977,0.10847646791113047,0.10102702418316702,0.11246817519561118,0.11312067504186463,0.11564857904113598,0.11580123257081325,0.11816366062679959
46,0.11233234097290631,0.09928791991215116,0.11392099518237737,0.11502518206124375,0.10978585060065882,0.109056553798109,0.11208359098864427,0.11009950859675403,0.11840805788715555
47,0.10478762561842984,0.12149683711474148,0.12357974477244306,0.12102673291062735,0.0994541834037515,0.10637374060678426,0.10721074465432702,0.10068679681004095,0.11538359410885421
48,0.10541412672432862,0.1265400106336023,0.11016412195487738,0.10486346355693678,0.11067434842587438,0.10860239527957559,0.10804838767108399,0.11035072302344788,0.11534242273027322
49,0.10729709004943778,0.11361829477944327,0.11063309581630218,0.10762636283516554,0.11085199038419259,0.11355709680142015,0.11129783487949733,0.11097988460900281,0.11413834984553843
50,0.11435387845022264,0.09683737884487449,0.11830504607423416,0.11529622219295568,0.10741439635598281,0.10441996553810665,0.11151997845223965,0.11076848446496246,0.12108464962642136
51,0.11593774854418357,0.11651248506916971,0.11671547950466198,0.1163863206055198,0.10279777805739347,0.10560523962524865,0.10648054362688876,0.103888001985677,0.1156764029812571
52,0.10666976614603826,0.1130293423346084,0.11000995149451795,0.1072356521421257,0.11053474919363374,0.11517113049889487,0.11133379615635905,0.1125883462795215,0.11342726575430083
53,0.11991723534581027,0.11662838415771996,0.11266249513422084,0.12528601987100144,0.10245841336903928,0.09703274881753997,0.10247781038229165,0.10252089146862568,0.12101600145375091
54,0.10666976614603826,0.1130293423346084,0.11000995149451795,0.1072356521421257,0.11053474919363374,0.11517113049889487,0.11133379615635905,0.1125883462795215,0.11342726575430083
55,0.11028351590192333,0.10459441511126866,0.11404522878882842,0.11099701536060368,0.10917482815158497,0.11085097583750297,0.11163390951444088,0.11201040034890283,0.1164097109849439
56,0.1094002191074644,0.12640969276966543,0.11541651850748279,0.13017955048920524,0.09636674672234508,0.10434208404367733,0.10445862775439715,0.10004939758382737,0.11337716302193535
57,0.12051495542721216,0.11969869730115791,0.12051258565107585,0.11746018988347537,0.10202294350918042,0.09866778517803215,0.10464882399527936,0.09734262079200223,0.11913139826258486
58,0.11855548337397716,0.11459687103154934,0.1146031598230972,0.11767249794158215,0.10651387894989242,0.10541558569856734,0.1053374289573989,0.10482943081824665,0.11247566340568908
59,0.11235257964583312,0.10647037186474817,0.11253081385687778,0.11282573656249079,0.1108436039632416,0.10608444842875323,0.10699418615480301,0.10873755754569082,0.12316070197756183
0,0.1137456947541459,0.11285041570696153,0.11310993158100649,0.11202523401634469,0.10934233018630442,0.11109610395040459,0.10682207754955522,0.10643485549832368,0.11457335675695372
1,0.0988559564861174,0.13151128585723695,0.11830743092423987,0.11069970135851133,0.103948804677442,0.11290528277514175,0.11163992951317456,0.1053852793954859,0.10674632901265042
2,0.11360292732629995,0.1215825303216537,0.10561365000646583,0.11520451733527463,0.10817600625799086,0.11093876440849225,0.10834165005441677,0.1082464724948944,0.1082934817945117
3,0.11938247029694077,0.12229762990812024,0.10599538426151013,0.10025892431381976,0.11076373642579304,0.11752807957320245,0.11327518024551456,0.11041728415071271,0.10008131082438655
4,0.11508114553500498,0.09902486543637777,0.10165959115801297,0.1190745878505047,0.10983073511229091,0.11233635821940613,0.10900986111346464,0.1114659113039351,0.1225169442710027
5,0.13111403135007033,0.12615162060541452,0.10134646984622968,0.11886746769656435,0.10551805758515773,0.10834467512892801,0.09501236960921487,0.10563383571042513,0.10801147246799515
6,0.11709270798280601,0.12025880260465154,0.11508498494281252,0.10594896429501012,0.10488775232033325,0.10752912929824203,0.10551487866517063,0.10406969751371047,0.11961308237726315
7,0.12693507612392654,0.1185416206633396,0.09862365126521765,0.1241929979908768,0.10708407080136302,0.10589421275662013,0.10196374200071473,0.10696989664815999,0.1097947317497818
8,0.11208038165896309,0.11232636305076812,0.11237427909601921,0.11198192381728732,0.11050318848140517,0.11117009751620814,0.10992278649146413,0.10715523795236365,0.11248574193552129
9,0.12337396253075751,0.12640864447070535,0.11706078723664212,0.11259631190847677,0.10106624057159462,0.10161922122472244,0.09553232533091767,0.10083858256864366,0.12150392415753977
10,0.12337396253075751,0.12640864447070535,0.11706078723664212,0.11259631190847677,0.10106624057159462,0.10161922122472244,0.09553232533091767,0.10083858256864366,0.12150392415753977
11,0.12693507612392654,0.1185416206633396,0.09862365126521765,0.1241929979908768,0.10708407080136302,0.10589421275662013,0.10196374200071473,0.10696989664815999,0.1097947317497818
12,0.11311583902355946,0.11320058011997358,0.11344111390311376,0.11339400648350857,0.105822311767296,0.10712461392944986,0.10619331871022525,0.10569501941033627,0.1220131966525372
13,0.10764454646678023,0.11784354614808033,0.1288736958538724,0.10816996773577917,0.1093803054383924,0.10956534195326224,0.11502969523513373,0.10222540253066416,0.1012674986380352
14,0.11544740650564468,0.10927448921608593,0.09820767943667674,0.12086942931157234,0.10945012696834167,0.10691889130827216,0.10474319461106357,0.11565932288724975,0.1194294597550933
15,0.1177617562302698,0.11044252500157302,0.11713380535922013,0.11746080373748329,0.10735539500242178,0.10301680854055073,0.1061319504042078,0.1055134330675744,0.11518352265669919
16,0.10663996270492378,0.13203464467633666,0.11623759542424049,0.11556579835762038,0.10236719931865605,0.10445644374545142,0.1044955467131208,0.10276544942262848,0.11543735963702212
17,0.11709270798280601,0.12025880260465154,0.11508498494281252,0.10594896429501012,0.10488775232033325,0.10752912929824203,0.10551487866517059,0.10406969751371047,0.11961308237726315
18,0.11596474227454731,0.11258763064152634,0.10783576664452163,0.11771456085760029,0.10700044708915596,0.10814422184767333,0.1025635817614646,0.10935566955228877,0.1188333793312217
19,0.11080684687905688,0.12191692488517175,0.1331742674069807,0.11177051434498678,0.10355030030253928,0.10575549318382635,0.1107254680073454,0.09986945323498392,0.10243073175510913
20,0.12091292962886174,0.10546859545598054,0.10423270263614728,0.1252471556001884,0.10285620651357563,0.10386074485754944,0.10085367119975744,0.10466020393991794,0.13190779016802184
21,0.12620664115022884,0.12687140501289204,0.09721921567917545,0.12288191897619646,0.10783271324232137,0.10560547798428639,0.10027456624836827,0.1075877937741855,0.10552026793234591
22,0.11709270798280601,0.12025880260465154,0.11508498494281252,0.10594896429501012,0.10488775232033325,0.10752912929824203,0.10551487866517063,0.10406969751371047,0.11961308237726315
23,0.0988559564861174,0.13151128585723695,0.11830743092423987,0.11069970135851133,0.103948804677442,0.11290528277514175,0.11163992951317456,0.1053852793954859,0.10674632901265042
24,0.12459201890984611,0.11928518307808414,0.11077812450338463,0.12651238111755722,0.10185897020865749,0.09990214098674831,0.09193197536573727,0.10226591928605404,0.12287328654393087
25,0.1134217495717265,0.11190968252124125,0.11654875766264308,0.11737820199520754,0.1057721945982843,0.10605127247156056,0.10509998108730581,0.10804882354077026,0.11576933655126055
26,0.10966463618050716,0.11884873441007997,0.1094866807636637,0.10913320639988995,0.1118766400964347,0.11353772019720307,0.1111213666790855,0.11068549220697543,0.10564552306616062
27,0.10966463618050716,0.11884873441007997,0.1094866807636637,0.10913320639988995,0.1118766400964347,0.11353772019720307,0.1111213666790855,0.11068549220697543,0.10564552306616062
28,0.11208038165896309,0.11232636305076812,0.11237427909601921,0.11198192381728732,0.11050318848140517,0.11117009751620814,0.10992278649146413,0.10715523795236365,0.11248574193552129
29,0.11831928774397707,0.11070772083163265,0.11767725375092253,0.11747136931433438,0.10890407474647763,0.10233490722965598,0.10669074953191987,0.10587570780562436,0.1120189290454553
30,0.11842272215034771,0.11221633170078958,0.11240646897340573,0.12193542906372595,0.1043189930896445,0.10439887617340456,0.10034982612149461,0.10373408304157263,0.12221726968561476
31,0.12012739768378188,0.12114230882525774,0.0927262234802815,0.1175323804479843,0.11055231659503938,0.11067508407140529,0.10373253652795224,0.11147529929889038,0.11203645306940713
32,0.1098516202999879,0.11742786647171441,0.12842370547518603,0.11232774184950894,0.10723523988873715,0.10727614628139641,0.11252348248649782,0.10412904296508244,0.10080515428188835
33,0.11518981983291343,0.11076748808838445,0.11445707969545837,0.11476895880242066,0.10814650969410693,0.10632685731524173,0.1075238599275419,0.10741752716146942,0.11540189948246285
34,0.11749610532637982,0.10841895340619671,0.1184612206988266,0.11755314123908482,0.10798334365382085,0.1050113462175638,0.10995457644587854,0.10697509361587869,0.10814621939636998
35,0.11837768580350966,0.12172663456744796,0.12101429024506606,0.1120329083081454,0.09795427881939762,0.10716858445047506,0.10173961277622137,0.10143163636586411,0.11855436866387303
36,0.09961944970192252,0.128036440226351,0.13091582156185239,0.0931560414695427,0.10521826671026556,0.11774436439476364,0.11805876838549055,0.10624983248377994,0.10100101506603158
37,0.12505238811684458,0.11805098472052214,0.11417048953580441,0.1302812245496865,0.09925952445620169,0.09813963902522893,0.09003126626572797,0.10048091132794659,0.12453357200203712
38,0.11261251889095714,0.10447369577464792,0.12688537306690223,0.12432667194380538,0.10454059185198243,0.10331490671671666,0.11103293618976388,0.10251776730798808,0.1102955382572363
39,0.09961944970192252,0.128036440226351,0.13091582156185239,0.0931560414695427,0.10521826671026556,0.11774436439476364,0.11805876838549055,0.10624983248377994,0.10100101506603158
40,0.11122210410005669,0.11030047847626344,0.11096227936078915,0.11080797848592576,0.11426334318107127,0.11135737937155309,0.11260673123149915,0.11186553948136171,0.10661416631147959
41,0.10663996270492378,0.13203464467633666,0.11623759542424049,0.11556579835762038,0.10236719931865605,0.10445644374545142,0.1044955467131208,0.10276544942262848,0.11543735963702212
42,0.11261251889095714,0.10447369577464792,0.12688537306690223,0.12432667194380538,0.10454059185198243,0.10331490671671666,0.11103293618976388,0.10251776730798808,0.1102955382572363
43,0.1177617562302698,0.11044252500157302,0.11713380535922013,0.11746080373748329,0.10735539500242178,0.10301680854055073,0.1061319504042078,0.1055134330675744,0.11518352265669919
44,0.10663996270492378,0.13203464467633666,0.11623759542424049,0.11556579835762038,0.10236719931865605,0.10445644374545142,0.1044955467131208,0.10276544942262848,0.11543735963702212
45,0.1058313282706709,0.13160970796373545,0.11573363402816267,0.11519303114603363,0.101520064772929,0.10514351527707123,0.10438239549343421,0.10210558983269116,0.11848073321527178
46,0.10663996270492378,0.13203464467633666,0.11623759542424049,0.11556579835762038,0.10236719931865605,0.10445644374545142,0.1044955467131208,0.10276544942262848,0.11543735963702212
47,0.1058313282706709,0.13160970796373545,0.11573363402816267,0.11519303114603363,0.101520064772929,0.10514351527707123,0.10438239549343421,0.10210558983269116,0.11848073321527178
48,0.1225163525527257,0.1184869853968174,0.11464399347918705,0.12060998779120737,0.10123253387095578,0.09954774947878522,0.09487245563649271,0.10130287768938978,0.12678706410443868
49,0.11518981983291343,0.11076748808838445,0.11445707969545837,0.11476895880242066,0.10814650969410693,0.10632685731524173,0.1075238599275419,0.10741752716146942,0.11540189948246285
50,0.1177617562302698,0.11044252500157302,0.11713380535922013,0.11746080373748329,0.10735539500242178,0.10301680854055073,0.1061319504042078,0.1055134330675744,0.11518352265669919
51,0.11222907322738708,0.11601111178241262,0.1145305264252768,0.11768760423598036,0.10378667284569167,0.10471133806148995,0.10243778561512866,0.10663659457837325,0.12196929322825965
52,0.0988559564861174,0.13151128585723695,0.11830743092423987,0.11069970135851133,0.103948804677442,0.11290528277514175,0.11163992951317456,0.1053852793954859,0.10674632901265042
53,0.1166559504767077,0.11586740980497605,0.11586596547547603,0.1160645875669295,0.1079683346250958,0.10599209421953314,0.10563378108163245,0.1053936875219,0.11055818922774895
54,0.1162293392912167,0.10942303665826138,0.11316178410563921,0.11260970608620278,0.10693354652896356,0.105942484559698,0.10620209642547376,0.10512383698101327,0.12437416936353143
55,0.12091292962886174,0.10546859545598054,0.10423270263614728,0.1252471556001884,0.10285620651357563,0.10386074485754944,0.10085367119975744,0.10466020393991794,0.13190779016802184
56,0.10663996270492378,0.13203464467633666,0.11623759542424049,0.11556579835762038,0.10236719931865605,0.10445644374545142,0.1044955467131208,0.10276544942262848,0.11543735963702212
57,0.11360292732629995,0.1215825303216537,0.10561365000646583,0.11520451733527463,0.10817600625799086,0.11093876440849225,0.10834165005441682,0.1082464724948944,0.1082934817945117
58,0.10966463618050716,0.11884873441007997,0.1094866807636637,0.10913320639988995,0.1118766400964347,0.11353772019720307,0.1111213666790855,0.11068549220697543,0.10564552306616062
0,0.10459607300879017,0.1093746185650814,0.10856012051102314,0.10500367454072229,0.11051462898508423,0.11591996429581461,0.11233378066936972,0.11239773673177071,0.12129940269234346
1,0.12957084197284222,0.07008661950076664,0.09619642588309599,0.13885141409637608,0.1190273967426885,0.09803329004695534,0.10466844673021479,0.12062641252741385,0.12293915249964665
2,0.11037332601271639,0.10778433305837914,0.10120507270060795,0.10495732038584543,0.12158576005629175,0.1188251079483324,0.11968059417639669,0.1222445885960523,0.09334389706537803
3,0.10817061258894896,0.08516536620385222,0.11850824402571417,0.08711761265898622,0.12106323921369609,0.11613012056063649,0.13243989603523296,0.11157414131261394,0.11983076740031891
4,0.11006009791042132,0.1102634717867486,0.10975454840668439,0.11023108921462652,0.112231000184152,0.11477640902527864,0.1126915306680386,0.11263075399265991,0.10736109881139004
5,0.09515342402083067,0.0921738767877944,0.12813377802643108,0.09817671895057639,0.12102414875181683,0.12027557888605306,0.13033432932215744,0.11843669431246037,0.09629145094187948
6,0.12957084197284222,0.07008661950076664,0.09619642588309599,0.13885141409637608,0.1190273967426885,0.09803329004695534,0.10466844673021479,0.12062641252741385,0.12293915249964665
7,0.1019708721788766,0.1077070621590672,0.10576864839505755,0.10879290572929409,0.11164697432905368,0.11419649561924318,0.1108189917674942,0.11262697176961906,0.12647107805229452
8,0.11213544110909227,0.11343598533961619,0.11281788127826335,0.11249161849921852,0.10787909597714858,0.11408446147041876,0.1116581760644374,0.10853434578460774,0.10696299447719676
9,0.11538203661157466,0.10602963067510861,0.10482554116978998,0.11071682783250732,0.10866797419215808,0.10863173593386029,0.10437667848848492,0.10925753106736251,0.13211204402915358
10,0.11259803796586629,0.103394844363909,0.10231910040336542,0.1079572660654975,0.11211945068409099,0.11311520140260353,0.1074152666473417,0.11198560948168151,0.12909522298564452
11,0.11037332601271639,0.10778433305837914,0.10120507270060795,0.10495732038584543,0.12158576005629175,0.1188251079483324,0.11968059417639669,0.1222445885960523,0.09334389706537803
12,0.1073388371211181,0.10069110469309318,0.10904735512672811,0.10677113962959808,0.11276814956425134,0.1106420222446568,0.11291592646123982,0.1134223514052164,0.12640311375409796
13,0.12740744452163127,0.08971152428560901,0.11171147661225177,0.1282734652584939,0.10961357025027876,0.09826990766356297,0.10334277516082707,0.10982756975301984,0.12184226649432546
14,0.09851618255886245,0.09433323827377119,0.12625764465204412,0.09567240019251595,0.12084591034159754,0.1204828322756793,0.130080734371728,0.11836153262201667,0.09544952471178483
15,0.0888607593510268,0.12064021641214298,0.12495428012684823,0.08780429998973883,0.11190828601195921,0.12587281840718337,0.13131646781911926,0.11149211398212434,0.09715075789985711
16,0.10143173122782802,0.1133069433188956,0.12248669211775738,0.12417606156264373,0.1037160043753899,0.10317723075223885,0.10949418544045098,0.1084519881836258,0.1137591630211697
17,0.11037332601271639,0.10778433305837914,0.10120507270060795,0.10495732038584543,0.12158576005629175,0.1188251079483324,0.11968059417639669,0.1222445885960523,0.09334389706537803
18,0.09265972521050621,0.12554892658779582,0.1133840398248245,0.11173445100118735,0.1027848429682422,0.1148168256719455,0.11261934343280022,0.10701580068654079,0.11943604461615762
19,0.11840477191518824,0.083022815350058,0.08713209362523366,0.14197416062679255,0.11511235727744792,0.10267880580713086,0.10182700011932416,0.12050123116681215,0.12934676411201232
20,0.12206021797655818,0.10115871977800381,0.12372652182701123,0.12272894100800247,0.10433490982679651,0.10038814461295718,0.10653686520696473,0.10500019644591,0.1140654833177958
21,0.11483233885487129,0.10483497672606923,0.09736496736524179,0.11610745909901293,0.1128518448411544,0.10675149547051166,0.1040513907651179,0.113740699600575,0.1294648272774458
22,0.11538203661157466,0.10602963067510861,0.10482554116978998,0.11071682783250732,0.10866797419215808,0.10863173593386029,0.10437667848848492,0.10925753106736251,0.13211204402915358
23,0.11037332601271639,0.10778433305837914,0.10120507270060795,0.10495732038584543,0.12158576005629175,0.1188251079483324,0.11968059417639669,0.1222445885960523,0.09334389706537803
24,0.09572047312408984,0.1196932995439603,0.12285684566105433,0.11766452474865355,0.10400998186073507,0.11072941352466494,0.10947842371580271,0.10813708018751775,0.11170995763352162
25,0.1086897094973726,0.12189059252817526,0.11001376902308697,0.10795442068021271,0.10654174480060502,0.11469179001083801,0.11098541016661252,0.1048296081066449,0.11440295518645228
26,0.11207634761322156,0.10317980313036879,0.1309767034338143,0.09641061127413032,0.11391634923814871,0.11099150543856803,0.12116693618529607,0.11216712181394109,0.09911462187251101
27,0.10260326155302654,0.11551046936529061,0.10779646897926738,0.10361380255438532,0.11633224150473961,0.121363314366831,0.11442646812399816,0.11322860678016194,0.10512536677229943
28,0.10933435615870245,0.11111084906640419,0.11035695123106865,0.10998271048940292,0.1106322367614048,0.11553994545227829,0.11400290103477538,0.11077273079761932,0.10826731900834415
29,0.11098850564216237,0.11983426357867485,0.10168600329453034,0.10385951725515312,0.1165872801152846,0.1184916889949232,0.11426285247327146,0.11442752714774422,0.09986236149825566
30,0.11711490571959404,0.09620988471584403,0.0954900004380529,0.12264814770289247,0.11354261801302384,0.10670709581887548,0.10329508408333661,0.11656899928808032,0.12842326422030062
31,0.10829513266834323,0.10788003544282462,0.08775491934607518,0.1067574788991528,0.11950160651588444,0.12755908222761797,0.11330833816386482,0.1207404964451376,0.10820291029109912
32,0.10829513266834323,0.10788003544282462,0.08775491934607518,0.1067574788991528,0.11950160651588444,0.12755908222761797,0.11330833816386482,0.1207404964451376,0.10820291029109912
33,0.1142838964464225,0.1109377193797817,0.09073651068114097,0.11033824483321744,0.11462725022889966,0.11691206770316566,0.1041754452243569,0.11412612444172508,0.12386274106129017
34,0.11001307164172897,0.11070192558067266,0.11070653099755366,0.11038126410180395,0.11148516975032154,0.1120935807258372,0.11320371496272581,0.11403932377480086,0.10737541846455548
35,0.10419655401524326,0.0742157508931362,0.13367553339155044,0.08797690929957618,0.12715504845933992,0.11867205122273104,0.13808275808084625,0.11581352580133245,0.10021186883624433
36,0.09515342402083067,0.0921738767877944,0.12813377802643108,0.09817671895057639,0.12102414875181683,0.12027557888605306,0.13033432932215744,0.11843669431246037,0.09629145094187948
