,Estim(XGBClassifier)_Imputer(IterativeImputer(<class 'sklearn.linear_model._bayes.BayesianRidge'>)),Estim(XGBClassifier)_Imputer(IterativeImputer(<class 'xgboost.sklearn.XGBRegressor'>)),Estim(XGBClassifier)_Imputer(IterativeImputer(<class 'sklearn.ensemble._forest.RandomForestRegressor'>)),Estim(XGBClassifier)_Imputer(KNNImputer),Estim(RandomForestClassifier)_Imputer(IterativeImputer(<class 'sklearn.linear_model._bayes.BayesianRidge'>)),Estim(RandomForestClassifier)_Imputer(IterativeImputer(<class 'xgboost.sklearn.XGBRegressor'>)),Estim(RandomForestClassifier)_Imputer(IterativeImputer(<class 'sklearn.ensemble._forest.RandomForestRegressor'>)),Estim(RandomForestClassifier)_Imputer(KNNImputer),Estim(<class 'new_base.ClassifierWithImputation'>)_Imputer(Identity)
0,0.10964208108387363,0.1086477583374915,0.11256152546587059,0.11030561839999575,0.1109520476159807,0.1112339153919848,0.11741680525779057,0.11137766160737396,0.10786258683963829
1,0.11518752243349335,0.09471271946225242,0.12281267076734513,0.11942324778575668,0.10373451736038247,0.1073171771123339,0.1077612702231745,0.10928034110194833,0.11977053375331322
2,0.10730774256589246,0.12025019735064664,0.11936906580293724,0.10956489063579797,0.10599142631220217,0.1113898750669137,0.111851294049807,0.10417540842657629,0.11010009978922669
3,0.11453483165289526,0.1260753691216162,0.12351059354667938,0.11779188395915398,0.10144690806122422,0.10435220246007908,0.10114799550796663,0.10063392074724917,0.11050629494313638
4,0.12502273020384538,0.10833751692843767,0.1267113470719309,0.12672289365138747,0.09625118213978136,0.09307544170296572,0.09857008108760427,0.09953435608016414,0.12577445113388322
5,0.12047596723340488,0.08822195914514476,0.1235355806586028,0.12867712126701036,0.10349537913314172,0.09820079494308978,0.10280997667682587,0.10955196415828032,0.12503125678449933
6,0.1075416468184223,0.10501538364890964,0.11107648252014563,0.11035710318796609,0.1165426572664278,0.10711639219679155,0.10945391715489301,0.11240626124684902,0.12049015595959456
7,0.11146200913995695,0.09691202921778162,0.11371681187030357,0.1127835711521769,0.11247009819062155,0.10250374195207312,0.10999455860253296,0.11477468600678313,0.1253824938677699
8,0.11030706302194826,0.12887425116788684,0.12173337431323171,0.10086353056032346,0.10563472255032126,0.10733520408177274,0.11486038027308933,0.10702679256905576,0.10336468146237053
9,0.11030706302194826,0.12887425116788684,0.12173337431323171,0.10086353056032346,0.10563472255032126,0.10733520408177274,0.11486038027308933,0.10702679256905576,0.10336468146237053
10,0.12047596723340488,0.08822195914514476,0.1235355806586028,0.12867712126701036,0.10349537913314172,0.09820079494308978,0.10280997667682587,0.10955196415828032,0.12503125678449933
11,0.11518752243349335,0.09471271946225242,0.12281267076734513,0.11942324778575668,0.10373451736038247,0.1073171771123339,0.1077612702231745,0.10928034110194833,0.11977053375331322
12,0.1069903077307601,0.11404653939437605,0.11283022424617827,0.11983041426136061,0.10522706264008225,0.10727536753451367,0.11069436501716086,0.10465872043843823,0.11844699873713015
13,0.11453483165289526,0.1260753691216162,0.12351059354667938,0.11779188395915398,0.10144690806122422,0.10435220246007908,0.10114799550796663,0.10063392074724917,0.11050629494313638
14,0.1069903077307601,0.11404653939437605,0.11283022424617827,0.11983041426136061,0.10522706264008225,0.10727536753451367,0.11069436501716086,0.10465872043843823,0.11844699873713015
15,0.1253800151266723,0.10017993569964971,0.0996302503087036,0.12512491159969732,0.11058778826965344,0.10246870177167382,0.09747835238238747,0.11377016957516746,0.1253798752663949
16,0.11186263814604748,0.12242291554730628,0.12167721453780479,0.11434016657755303,0.10740117160574178,0.10359163892094306,0.10592299046274586,0.09994901762771416,0.11283224657414372
17,0.0939029119495942,0.13346928639465344,0.11236178062849762,0.09169618203762045,0.11161252164429665,0.1299324609394213,0.12771996615992046,0.11195729384016044,0.08734759640583512
18,0.11186263814604748,0.12242291554730628,0.12167721453780479,0.11434016657755303,0.10740117160574178,0.10359163892094306,0.10592299046274586,0.09994901762771416,0.11283224657414372
19,0.1075416468184223,0.10501538364890964,0.11107648252014563,0.11035710318796609,0.1165426572664278,0.10711639219679155,0.10945391715489301,0.11240626124684902,0.12049015595959456
20,0.11069788062471003,0.12165680618878699,0.11916773437329094,0.1134332401123152,0.10806450136161291,0.10890805288377649,0.1059556579156854,0.10509088902009062,0.10702523751973142
21,0.11477350600566277,0.10887488415075874,0.11746870714135553,0.12219149258942143,0.10417827035872575,0.10290252714560773,0.10532420535438723,0.10587012109961795,0.11841628615446302
22,0.11030706302194826,0.12887425116788684,0.12173337431323171,0.10086353056032346,0.10563472255032126,0.10733520408177274,0.11486038027308933,0.10702679256905576,0.10336468146237053
23,0.1066080529947989,0.10882019680817881,0.10905366648081397,0.11156531077216389,0.11294819176028927,0.11576672535900166,0.1139687047433615,0.11535534034406243,0.10591381073732971
24,0.10661998369331956,0.10751499582250389,0.1061785894251444,0.1054085669287589,0.11651664685925135,0.11848292646178206,0.11803021890954236,0.11707563111651192,0.1041724407831857
25,0.11104706092313472,0.08487713871513271,0.10712731141963319,0.13297720954090195,0.11075855455731727,0.10696329498710186,0.1062216222840305,0.12766425412822605,0.11236355344452131
26,0.0957074883164689,0.10565048244484034,0.1054781959749091,0.09864905709941536,0.12359527720564,0.12543120155203216,0.1286118213839459,0.12391333846474409,0.09296313755800424
27,0.11526841697357597,0.11670297702319105,0.11671527363010989,0.11414043737251137,0.10462844794905281,0.10610601376346591,0.10662966113305289,0.10368019553590717,0.11612857661913312
28,0.11857506481130814,0.09138360078042779,0.12941535054635464,0.13067082104364044,0.09724644013259429,0.0986931033659605,0.10419560685110957,0.10272161487680197,0.12709839759180258
29,0.11944500814981812,0.11967811215821299,0.11969444413934957,0.11935464027665343,0.09768560493501063,0.10118863101673045,0.10229848929638033,0.10178894922140443,0.11886612080643996
30,0.1164107874872597,0.1163172917153517,0.11644001081235723,0.11654810225184001,0.1012220496914356,0.10534919029480032,0.10676765733076943,0.10450999763122075,0.11643491278496537
31,0.1164107874872597,0.1163172917153517,0.11644001081235723,0.11654810225184001,0.1012220496914356,0.10534919029480032,0.10676765733076943,0.10450999763122075,0.11643491278496537
32,0.11032179537196471,0.11777286096149962,0.11738589992371343,0.11401074077046619,0.10161235208746779,0.1135232336774021,0.10950063097156128,0.10195393632548544,0.11391854991043983
33,0.10673768267347492,0.1075029248789386,0.10632425575037087,0.10551743633042159,0.11704103670624941,0.11894039291195477,0.11758703500022584,0.11752999362237222,0.10281924212599192
34,0.11707030767741794,0.09474796296841251,0.09248522988457088,0.12674496137959665,0.11857988228130958,0.10273389910377158,0.1046379977150139,0.11766098660132926,0.12533877238857768
35,0.11107713952229635,0.10749798798504692,0.11161064366207835,0.11250920958230964,0.11323748768976465,0.10837415231149292,0.10927785525196444,0.10844444239671176,0.11797108159833467
36,0.11310975947187614,0.0984753953244674,0.11544589390991303,0.11444943027292384,0.11062606617225053,0.09955876316071667,0.10676311407669264,0.11410509548757326,0.12746648212358674
37,0.12001478342206746,0.11866681149976611,0.11882712097148049,0.11896997259725399,0.10589086202236277,0.09855743777042501,0.10085505432802186,0.0993526702341288,0.11886528715449357
38,0.11526841697357597,0.11670297702319105,0.11671527363010989,0.11414043737251137,0.10462844794905281,0.10610601376346591,0.10662966113305289,0.10368019553590717,0.11612857661913312
39,0.10552240298582667,0.10115864478327193,0.11116192512838267,0.10861368041843193,0.11685947772189431,0.10838600508932766,0.11322159713378925,0.11475195448781667,0.1203243122512588
40,0.11703342014628254,0.11776250586926601,0.11776910643476042,0.11560581153573356,0.10434494623188581,0.10320664629692371,0.10336014014952459,0.1019786543443951,0.11893876899122832
41,0.09990358755141783,0.10014534343166279,0.10222858013977691,0.09939943386643368,0.12345317973958729,0.1230351320422456,0.1295440079405756,0.12432148555444295,0.09796924973385751
42,0.12502273020384538,0.10833751692843767,0.1267113470719309,0.12672289365138747,0.09625118213978136,0.09307544170296572,0.09857008108760427,0.09953435608016414,0.12577445113388322
43,0.09990358755141783,0.10014534343166279,0.10222858013977691,0.09939943386643368,0.12345317973958729,0.1230351320422456,0.1295440079405756,0.12432148555444295,0.09796924973385751
44,0.10724433106421775,0.10193039344755873,0.1032791760701031,0.12796666239426732,0.11210847691972838,0.10806274833461124,0.11022884750941087,0.12146394027914861,0.1077154239809542
45,0.11464819943872413,0.12643833099449686,0.12372982296272618,0.11802314564133777,0.09839014654455844,0.10334119345538675,0.10193546692442865,0.10093142576104791,0.11256226827729311
46,0.11518752243349335,0.09471271946225242,0.12281267076734513,0.11942324778575668,0.10373451736038247,0.1073171771123339,0.1077612702231745,0.10928034110194833,0.11977053375331322
47,0.10942753911260392,0.11003357465911083,0.11004516853314882,0.10701280129941876,0.11257752963247185,0.11377517120912913,0.11306518591606453,0.11276281962650285,0.1113002100115493
48,0.09990358755141783,0.10014534343166279,0.10222858013977691,0.09939943386643368,0.12345317973958729,0.1230351320422456,0.1295440079405756,0.12432148555444295,0.09796924973385751
49,0.11107713952229635,0.10749798798504692,0.11161064366207835,0.11250920958230964,0.11323748768976465,0.10837415231149292,0.10927785525196444,0.10844444239671176,0.11797108159833467
50,0.1213790180717341,0.12321260302265614,0.12237700405182506,0.11960087250610689,0.09966911603257765,0.10658183810229928,0.10664973480561375,0.09913540071759853,0.10139441268958875
51,0.1075416468184223,0.10501538364890964,0.11107648252014563,0.11035710318796609,0.1165426572664278,0.10711639219679155,0.10945391715489301,0.11240626124684902,0.12049015595959456
52,0.11445696694792844,0.0819969921369989,0.1130290438152724,0.14568478194489048,0.10396207328944447,0.09849168531568278,0.10283640060318298,0.12015347607509157,0.11938857987150776
53,0.09682844014345285,0.11695115079995608,0.11053493566750876,0.10478940624343451,0.1118165483723533,0.12226437834971678,0.12157764990966527,0.11401513558643167,0.10122235492748112
54,0.1022571174924752,0.11341537845352054,0.10970682776481398,0.10472351246867508,0.1171787057853381,0.12125977365226613,0.11674383088378631,0.11714709432332392,0.09756775917580059
55,0.10797464047954407,0.10733089995979922,0.11385475734983487,0.10751894824810806,0.10883221379852918,0.11327446042970017,0.11155283980782676,0.11219738380262523,0.11746385612403237
56,0.1164107874872597,0.1163172917153517,0.11644001081235723,0.11654810225184001,0.1012220496914356,0.10534919029480032,0.10676765733076943,0.10450999763122075,0.11643491278496537
57,0.10673768267347492,0.1075029248789386,0.10632425575037087,0.10551743633042159,0.11704103670624941,0.11894039291195477,0.11758703500022584,0.11752999362237222,0.10281924212599192
58,0.11146200913995695,0.09691202921778162,0.11371681187030357,0.1127835711521769,0.11247009819062155,0.10250374195207312,0.10999455860253296,0.11477468600678313,0.1253824938677699
59,0.11071568638668342,0.098630342020493,0.10914460169526091,0.1404214533111544,0.10539882092441939,0.09966449080866382,0.10688797558006283,0.11450225519076071,0.11463437408250167
0,0.08959629896345642,0.12355552123973972,0.10906303939048222,0.11696666118329556,0.11180899432373315,0.11604711424894082,0.114394729329246,0.10490096048261768,0.1136666808384883
1,0.11605553446679046,0.106253672370924,0.11273981773423462,0.11612052594948073,0.11027270555922639,0.10892771250326597,0.10897715769279863,0.11219871678663186,0.10845415693664721
2,0.1191333418558863,0.1293812033930635,0.10748434390856061,0.11746926933007232,0.10480621795339312,0.10799308996199895,0.09950583695231005,0.10174770205833297,0.11247899458638218
3,0.1041839729753294,0.1019529915528806,0.09843951437770897,0.08987454508151818,0.12767100749640986,0.12975577002731922,0.12478827144352375,0.12214650522443639,0.10118742182087367
4,0.11718424272036954,0.10740875151643739,0.11687575047806166,0.12023111719310575,0.10765581035499869,0.1042021772758423,0.10441140120088073,0.10650478936521092,0.11552595989509297
5,0.1110074865452152,0.11964299414679097,0.11074705119619872,0.12591355261459558,0.10290958819619268,0.11089929867045382,0.10552967727466607,0.10494452713519248,0.1084058242206941
6,0.10779350938922234,0.12039637045808604,0.12381743688053906,0.11234169487240551,0.10539322736709489,0.10715843118465358,0.11366519763651707,0.10647791431903979,0.10295621789244178
7,0.11837509992358176,0.1275374078640217,0.10749530268822718,0.11641073513749928,0.10626738746862434,0.11130420561846452,0.1073841961750662,0.10390165797068913,0.10132400715382588
8,0.12568417705583973,0.10770328927199513,0.12089417079881115,0.11193297946045591,0.10541665751274133,0.1050798273947318,0.10806981553702379,0.10680939982888807,0.10840968313951307
9,0.11804458423240466,0.11108876017449211,0.10975402857792285,0.12471709536049728,0.10509394624575773,0.1080710255557326,0.10657145733325982,0.10552932744225146,0.11112977507768168
10,0.12065877755861534,0.11641467943937565,0.12103910805510841,0.12056974410842423,0.09946761132657238,0.09771015415674646,0.10114424490112459,0.10112800346689593,0.1218676769871369
11,0.11565140246668516,0.11521982358038789,0.11589147102259367,0.11603303963226022,0.10675839845845786,0.10903693262009827,0.11060507104427676,0.108080894872849,0.10272296630239096
12,0.11565140246668516,0.11521982358038789,0.11589147102259367,0.11603303963226022,0.10675839845845786,0.10903693262009827,0.11060507104427676,0.108080894872849,0.10272296630239096
13,0.11565140246668516,0.11521982358038789,0.11589147102259367,0.11603303963226022,0.10675839845845786,0.10903693262009827,0.11060507104427676,0.108080894872849,0.10272296630239096
14,0.11486586808006188,0.12048446592595502,0.10212510253286562,0.1251186615161051,0.10611209655273712,0.10422866292032897,0.10343042545207566,0.1034573684471203,0.12017734857275024
15,0.11280748567071514,0.10806242630517639,0.11935386472344589,0.11169240742049773,0.10994071719818886,0.107495462318123,0.11502770971835577,0.10930059941136994,0.10631932723412717
16,0.10369605427705053,0.11380604846031148,0.11774455675886736,0.10188252456949275,0.11141021282565329,0.11101774448560181,0.11723849546589804,0.11097534320957914,0.1122290199475457
17,0.12185296589260178,0.11741495492633253,0.12198814992468827,0.12097918760149591,0.09768136589215731,0.09909517517975276,0.09979234090858437,0.09920705262585026,0.12198880704853667
18,0.10819335427090082,0.10502888033919684,0.12925897478559725,0.11557939754738468,0.1072765889715527,0.10287167426605198,0.11148677104610619,0.1083579164013841,0.11194644237182573
19,0.11366299712248919,0.1060405607837351,0.13746734252446066,0.12006080151371583,0.10202023226644041,0.09595781230100965,0.10818316703091194,0.10354899569953793,0.11305809075769935
20,0.12605661067520432,0.12221874531228505,0.105332475416066,0.11969747257692974,0.10553276527117224,0.10602366712935483,0.09825244185813055,0.1066210781695078,0.11026474359134916
21,0.11998846166911023,0.11676453578298363,0.11987987289210823,0.12033153820309127,0.10040417563793924,0.10002852035740283,0.10080487501280662,0.1014518311511121,0.12034618929344557
22,0.11985158485562546,0.11690301603542556,0.11484959955596578,0.11868179290906068,0.10520685774765676,0.09976472469196036,0.09865341581825308,0.10191987649674285,0.12416913188930918
23,0.11718424272036954,0.10740875151643739,0.11687575047806166,0.12023111719310575,0.10765581035499869,0.1042021772758423,0.10441140120088073,0.10650478936521092,0.11552595989509297
24,0.1110074865452152,0.11964299414679097,0.11074705119619872,0.12591355261459558,0.10290958819619268,0.11089929867045382,0.10552967727466607,0.10494452713519248,0.1084058242206941
25,0.1250383541322059,0.1017636004840958,0.11934656671628316,0.1071812825261561,0.11097967656711127,0.10502432817151089,0.10795989104347507,0.10909996572785867,0.11360633463130317
26,0.11749580690817053,0.11816503631941393,0.11847169864469854,0.11768147298870998,0.10299252209229087,0.10609536883161104,0.1056699316886501,0.10332412018944132,0.11010404233701379
27,0.11956504525164757,0.12293618003708778,0.1080401552314831,0.10399539457894416,0.10595745141860877,0.10512283740337956,0.10388713050699509,0.10367118222643766,0.12682462334541625
28,0.11009016237035597,0.11452353777824169,0.13544867838758542,0.11108163678554307,0.09927719892025456,0.10323831940096999,0.10598358137747409,0.10128651621978607,0.1190703687597893
29,0.11080818225629668,0.10671314764261568,0.13422188063067783,0.11749291499931289,0.10687414869901385,0.09884228969945671,0.10810385372780015,0.10599786635327109,0.11094571599155524
30,0.11642141288930878,0.10189207092620124,0.1332285396453084,0.10541202861526949,0.10410706561287505,0.10215744319380253,0.10812027793326533,0.10426103945684029,0.12440012172712873
31,0.11589644407059926,0.10632227244400981,0.11654216405264065,0.118979589158967,0.1080598896767308,0.10588204617704118,0.1072353998822186,0.10675978423736394,0.11432241030042879
32,0.12186734919691733,0.1085585318198764,0.11177731819185521,0.12168204387554238,0.10394804935102404,0.1066517218222333,0.10771896814993047,0.10544204573289198,0.11235397185972892
33,0.11031258322426435,0.11295681924146901,0.1064270588638233,0.09514402726718167,0.11757785364134643,0.11321201841835896,0.11905956705352372,0.11275052529338622,0.11255954699664615
34,0.11998846166911023,0.11676453578298363,0.11987987289210823,0.12033153820309127,0.10040417563793924,0.10002852035740283,0.10080487501280662,0.1014518311511121,0.12034618929344557
35,0.11819554168815737,0.12091894518838954,0.10192929519510281,0.11839918836114675,0.10798713928473923,0.10685377541119984,0.1069107669783809,0.10569361699149211,0.1131117309013914
36,0.1124955936543524,0.11218884606942255,0.1084824070182826,0.097098929157996,0.11250858620142032,0.11484734621962035,0.11762888057039575,0.1099375606487031,0.11481185045980699
37,0.11718424272036954,0.10740875151643739,0.11687575047806166,0.12023111719310575,0.10765581035499869,0.1042021772758423,0.10441140120088073,0.10650478936521092,0.11552595989509297
38,0.11348761189417911,0.11106498324234923,0.10052830702806512,0.09891504179833689,0.11793167271568376,0.11471923733080647,0.1127957584636839,0.1157389095496102,0.11481847797728542
39,0.11080818225629668,0.10671314764261568,0.13422188063067783,0.11749291499931289,0.10687414869901385,0.09884228969945671,0.10810385372780015,0.10599786635327109,0.11094571599155524
40,0.11420904689022306,0.10765870514264392,0.12152478918656354,0.11292879275293619,0.1048789987418281,0.11102303745319274,0.1128086343676431,0.10572351863507792,0.10924447682989123
41,0.11718424272036954,0.10740875151643739,0.11687575047806166,0.12023111719310575,0.10765581035499869,0.1042021772758423,0.10441140120088073,0.10650478936521092,0.11552595989509297
42,0.11718424272036954,0.10740875151643739,0.11687575047806166,0.12023111719310575,0.10765581035499869,0.1042021772758423,0.10441140120088073,0.10650478936521092,0.11552595989509297
43,0.11366299712248919,0.1060405607837351,0.13746734252446066,0.12006080151371583,0.10202023226644041,0.09595781230100965,0.10818316703091194,0.10354899569953793,0.11305809075769935
44,0.11188984336830546,0.11450495733480341,0.11433145501411018,0.12146195132656132,0.10514557276860378,0.10419561856147526,0.10330898700503265,0.10313323440707363,0.12202838021403434
45,0.10373885457696011,0.11933696611861584,0.10854435300605321,0.107978290662237,0.11126396022264802,0.11026833209299126,0.12202613889318821,0.10915817537386859,0.10768492905343814
46,0.1135356475562375,0.09792068404683373,0.12580487059585707,0.12060878650512222,0.10843083584245787,0.10314723178377115,0.1166316830829283,0.10992058843866098,0.10399967214813105
47,0.11837509992358176,0.1275374078640217,0.10749530268822718,0.11641073513749928,0.10626738746862434,0.11130420561846452,0.1073841961750662,0.10390165797068913,0.10132400715382588
48,0.11280748567071514,0.10806242630517639,0.11935386472344589,0.11169240742049773,0.10994071719818886,0.107495462318123,0.11502770971835577,0.10930059941136994,0.10631932723412717
49,0.12319583997990523,0.11957467994955473,0.11910624485754495,0.12106345367771867,0.10290854750360821,0.09811483789116307,0.0952781510847083,0.09870062465343314,0.12205762040236356
50,0.10352067640829286,0.11988868618378837,0.1186245269753548,0.10051634910592856,0.10948526843699552,0.11164790914726433,0.11847292499848706,0.10843052155313351,0.10941313719075499
51,0.1191333418558863,0.1293812033930635,0.10748434390856061,0.11746926933007232,0.10480621795339312,0.10799308996199895,0.09950583695231001,0.10174770205833297,0.11247899458638218
52,0.12395312438512276,0.11027252050177345,0.11024039317733994,0.12206144343827807,0.10853672718889674,0.10319452234333787,0.10323778437352038,0.1046148795896841,0.11388860500204644
53,0.11718424272036954,0.10740875151643739,0.11687575047806166,0.12023111719310575,0.10765581035499869,0.1042021772758423,0.10441140120088073,0.10650478936521092,0.11552595989509297
54,0.12395312438512276,0.11027252050177345,0.11024039317733994,0.12206144343827807,0.10853672718889674,0.10319452234333787,0.10323778437352038,0.1046148795896841,0.11388860500204644
55,0.12319583997990523,0.11957467994955473,0.11910624485754495,0.12106345367771867,0.10290854750360821,0.09811483789116307,0.0952781510847083,0.09870062465343314,0.12205762040236356
56,0.10435972537452762,0.11299482266637371,0.10049275894158972,0.11725613054422569,0.11269923621048812,0.11831250015361315,0.11506975842507491,0.11551808704844732,0.10329698063565972
57,0.12568417705583973,0.10770328927199513,0.12089417079881115,0.11193297946045591,0.10541665751274133,0.1050798273947318,0.10806981553702379,0.10680939982888807,0.10840968313951307
58,0.11514161828262548,0.11492622702799217,0.11412053868115625,0.114947215748101,0.10701131451381826,0.10682766331679128,0.10679300423948143,0.10537013532484077,0.11486228286519312
59,0.11985158485562546,0.11690301603542556,0.11484959955596578,0.11868179290906068,0.10520685774765676,0.09976472469196036,0.09865341581825308,0.10191987649674285,0.12416913188930918
0,0.11678034856646877,0.11453911562519908,0.11346495257179144,0.11147353995469134,0.10452148628345025,0.11269261666565064,0.11019493740734183,0.1025656246585403,0.11376737826686646
1,0.0913534184449412,0.09932834273376656,0.12312798094411259,0.09374753254437052,0.12889210031561257,0.12079435200311212,0.12444769168516272,0.12525914988466189,0.09304943144425949
2,0.1180034388401502,0.110742716474674,0.11338731382149228,0.11485462084337815,0.11100797437846911,0.09969245349139479,0.10879296991142764,0.10575882023028184,0.11775969200873208
3,0.10963689783073804,0.1095153861694695,0.10963142392600454,0.110366596143054,0.1126833781388195,0.11318364181048444,0.11039598974554105,0.11650965924066144,0.10807702699522763
4,0.10900900507726063,0.11325132021014743,0.11426545553373169,0.10956386669805099,0.1099332025560384,0.1067946503518768,0.11817172194523713,0.10627499506594788,0.11273578256170887
5,0.11265336690055303,0.11051920406252434,0.12650430652446318,0.11146558867610809,0.10676048596355406,0.1065807726820667,0.11148511513875277,0.10841353134083498,0.1056176287111428
6,0.10006115958470348,0.10499233931396379,0.1267388709667727,0.10189362481650256,0.1198722385020509,0.11437965287223502,0.11777506049809226,0.11469929393089717,0.09958775951478198
7,0.12309071224164343,0.12278325974331254,0.1236521988139585,0.12159032411429686,0.09783350587754704,0.09521659673300523,0.09659794687806302,0.09646228202160494,0.12277317357656856
8,0.11984983021137416,0.11766085028220868,0.1202948979748713,0.11830553328722611,0.1013453964115275,0.0998744855767626,0.10378764861210753,0.09910139923868416,0.11977995840523803
9,0.0913534184449412,0.09932834273376656,0.12312798094411259,0.09374753254437052,0.12889210031561257,0.12079435200311212,0.12444769168516272,0.12525914988466189,0.09304943144425949
10,0.09962713395260611,0.10477473434204287,0.1261851717764924,0.10205271312857074,0.12042093580394272,0.11311979651388693,0.11694402432716434,0.11588586907757695,0.10098962107771679
11,0.12309071224164343,0.12278325974331254,0.1236521988139585,0.12159032411429686,0.09783350587754704,0.09521659673300523,0.09659794687806302,0.09646228202160494,0.12277317357656856
12,0.10712208605558723,0.09723708504662437,0.0999991494576589,0.13375012328667477,0.115352360203019,0.10495554505009709,0.10337154413763126,0.11861139704638309,0.11960070971632426
13,0.1227238622683722,0.1216615460807287,0.12259137592461446,0.12183931141469465,0.10038042547210309,0.0948883366348634,0.09536068362241461,0.09880161239937113,0.12175284618283756
14,0.10900900507726063,0.11325132021014743,0.11426545553373169,0.10956386669805099,0.1099332025560384,0.1067946503518768,0.11817172194523713,0.10627499506594788,0.11273578256170887
15,0.1205102361748105,0.12570758055680786,0.12630962839522739,0.12104198344136764,0.09221236016824622,0.10073057607393378,0.10388739686079368,0.09250125893563181,0.11709897939318147
16,0.12059574973957835,0.10686535004182504,0.11893660797368201,0.12338558873146199,0.10424093907342828,0.09952581711385641,0.10651413673360183,0.09824889007784418,0.12168692051472221
17,0.10998553124907122,0.11672567107712384,0.11141455974855646,0.11255505545001764,0.1099561100441184,0.11009496644008812,0.11219656799926693,0.10679342865555255,0.11027810933620492
18,0.10841105376541241,0.10581648254847054,0.10603177771557606,0.10722437686135021,0.11557466875098955,0.11034131914988411,0.10978766257544317,0.11427764364056668,0.12253501499230732
19,0.10950361827243807,0.09991855454287801,0.10275678733618482,0.13554033096531587,0.11278566553297042,0.10165327692977554,0.1001191142198868,0.11675146938009694,0.12097118282045366
20,0.1118368800447246,0.10701538906778758,0.10811901717600793,0.11031509564215529,0.11971545923641806,0.10509025104370995,0.10830119851805016,0.11635046492241836,0.11325624434872815
21,0.12127675142708857,0.11853284603391814,0.12004800215737818,0.11809801157884049,0.10067849813253076,0.10018967919079824,0.1015906701817208,0.09980362476720284,0.11978191653052188
22,0.11252866518447276,0.10606833496044009,0.11240277999850493,0.11916668619502807,0.11109297804773233,0.10512535599270453,0.1121377942944057,0.10532985579643817,0.11614754953027322
23,0.11110837418953627,0.10916848032612828,0.10995279924558124,0.10637793262965493,0.11056771698491354,0.10859813736503689,0.10931878578093604,0.1058799706834435,0.12902780279476922
24,0.10758736137128506,0.10551823373944204,0.1060091806108691,0.10644533487924622,0.11400030708250919,0.10858597308010631,0.11027094427105132,0.1152414243103016,0.12634124065518917
25,0.1256633911281901,0.12362095429967498,0.1150256133558609,0.11863235893251108,0.104322387228398,0.09208603109470662,0.10486693700914108,0.10082342064311414,0.11495890630840298
26,0.12003254091352851,0.11319969855062126,0.1155962114564193,0.11719289097112173,0.10692776007468267,0.09973229466634473,0.10358807642102383,0.10404818533606407,0.11968234161019427
27,0.1180034388401502,0.110742716474674,0.11338731382149228,0.11485462084337815,0.11100797437846911,0.09969245349139479,0.10879296991142764,0.10575882023028184,0.11775969200873208
28,0.11984983021137416,0.11766085028220868,0.1202948979748713,0.11830553328722611,0.1013453964115275,0.0998744855767626,0.10378764861210753,0.09910139923868416,0.11977995840523803
29,0.1180034388401502,0.110742716474674,0.11338731382149228,0.11485462084337815,0.11100797437846911,0.09969245349139479,0.10879296991142764,0.10575882023028184,0.11775969200873208
30,0.11810127341220847,0.11327815374343213,0.11348801720916692,0.11511033687526163,0.10896610752046763,0.10113008514954877,0.10765365720656025,0.10501710271244458,0.11725526617090976
31,0.11947463564302276,0.11656836799967761,0.11924490880899805,0.11852993302633892,0.10396807496265582,0.09951517156025524,0.1024428599484319,0.10148943819012145,0.11876660986049851
32,0.10900900507726063,0.11325132021014743,0.11426545553373169,0.10956386669805099,0.1099332025560384,0.1067946503518768,0.11817172194523713,0.10627499506594788,0.11273578256170887
33,0.12180993511622648,0.1283437724150338,0.12842826514478858,0.11787698691672008,0.09915507812561274,0.09940428838924804,0.10150206918649565,0.0978141588464556,0.1056654458594188
34,0.1191991944219844,0.11776301446561582,0.11796211136966835,0.11902343018902513,0.10593547775520791,0.09815040457637601,0.09914464975033678,0.10623593481675771,0.11658578265502785
35,0.1174579727262988,0.11654886516320076,0.1166924917951594,0.11726228879773017,0.10658253276612524,0.10049649240107832,0.10347220843562016,0.10736906234529882,0.11411808556948827
36,0.113947977488586,0.13204803985938385,0.12822879014191127,0.11711973091412128,0.0952556549746973,0.0997678658025308,0.10124694303315622,0.09997939820285034,0.11240559958276272
37,0.11000352459491215,0.11664403135170781,0.11125029114042431,0.11351745361778384,0.10922628419197093,0.10845419860322938,0.11091321889725966,0.10855037945016614,0.11144061815254579
38,0.11812683699957831,0.11741129021808658,0.11749477579158102,0.11942816576428975,0.10166276269178824,0.10255812470668928,0.10077643291422843,0.10458054204148913,0.11796106887226913
39,0.113947977488586,0.13204803985938385,0.12822879014191127,0.11711973091412128,0.0952556549746973,0.0997678658025308,0.10124694303315622,0.09997939820285034,0.11240559958276272
40,0.12101533744807763,0.11639294429864143,0.1082423137618968,0.11268308220809077,0.11121702633069823,0.10259164306774006,0.11281956694248851,0.10677796738520258,0.10826011855716448
41,0.10244005477165719,0.10095728498849332,0.10131894048198707,0.09870013611709448,0.12084934054330476,0.12162468978439851,0.11705834248484856,0.11655674274911403,0.12049446807910184
42,0.10900900507726063,0.11325132021014743,0.11426545553373169,0.10956386669805099,0.1099332025560384,0.1067946503518768,0.11817172194523713,0.10627499506594788,0.11273578256170887
43,0.11265336690055303,0.11051920406252434,0.12650430652446318,0.11146558867610809,0.10676048596355406,0.1065807726820667,0.11148511513875277,0.10841353134083498,0.1056176287111428
44,0.10998553124907122,0.11672567107712384,0.11141455974855646,0.11255505545001764,0.1099561100441184,0.11009496644008812,0.11219656799926693,0.10679342865555255,0.11027810933620492
45,0.10649113161285662,0.10429422167588336,0.11950545372288204,0.10600669085599038,0.11442243760236544,0.11362631924270199,0.11634985522874063,0.11801441332285274,0.101289476735727
46,0.11252866518447276,0.10606833496044009,0.11240277999850493,0.11916668619502807,0.11109297804773233,0.10512535599270453,0.1121377942944057,0.10532985579643817,0.11614754953027322
47,0.12361112598504023,0.13659530898249708,0.13679497784355657,0.12122288837475516,0.08935582285076572,0.0961603156345651,0.09909189861261818,0.09001727032467376,0.10715039139152806
48,0.10244005477165719,0.10095728498849332,0.10131894048198707,0.09870013611709448,0.12084934054330476,0.12162468978439851,0.11705834248484856,0.11655674274911403,0.12049446807910184
49,0.11030797563652535,0.10825121119133692,0.1243521512537346,0.1062841273543059,0.1092671545959873,0.11379533509408941,0.11529402426669108,0.10711282112934624,0.10533519947798314
50,0.11802556742048068,0.11708649507878924,0.11755529256712337,0.11753211425024514,0.10385463249377855,0.10073115365816829,0.10665008818091916,0.10166354551094703,0.11690111083954867
51,0.12609219720255316,0.12539313472102354,0.11632957020999636,0.11870897735390593,0.09987732591612884,0.0950521217231951,0.10402254434406467,0.0985317162274574,0.1159924123016749
52,0.0913534184449412,0.09932834273376656,0.12312798094411259,0.09374753254437052,0.12889210031561257,0.12079435200311212,0.12444769168516272,0.12525914988466189,0.09304943144425949
53,0.11929255137244787,0.1182300402008218,0.11847059210397426,0.11929043697594914,0.10405617080705554,0.10223886676116836,0.10218930841664152,0.10448604485119097,0.11174598851075038
54,0.12180993511622648,0.1283437724150338,0.12842826514478858,0.11787698691672008,0.09915507812561274,0.09940428838924804,0.10150206918649565,0.0978141588464556,0.1056654458594188
55,0.11289349873516802,0.11320348957596844,0.11789508731921265,0.11220324594817702,0.10489407078861696,0.10572696752800916,0.1177387594932013,0.10267318423698356,0.11277169637466278
56,0.11898244688096703,0.11641028620776904,0.13420476758149402,0.11392031996925683,0.09941975349328751,0.10104715272608952,0.10707749875755763,0.09676467864125622,0.1121730957423222
57,0.12382323839134285,0.11745480595056337,0.10931858418755053,0.11416294878036169,0.11224631315525832,0.0934627062767839,0.11004392585360787,0.10575761204207172,0.11372986536245959
58,0.12593532538878477,0.1217483066885337,0.11543944856224546,0.11918786479922706,0.10386415374478107,0.09312047273121617,0.10426434128040389,0.10167321972576523,0.11476686707904278
0,0.11416056754779282,0.10821651642297377,0.10932133655553802,0.13588739654316587,0.10709734606644852,0.10689676328104836,0.10204519549997607,0.10750040066213098,0.10887447742092551
1,0.11347724363916376,0.12801372873113606,0.12008590778634139,0.11340980662634083,0.09740393779265374,0.1101562611743161,0.0948736934777318,0.10129936379614828,0.12128005697616806
2,0.12653531318420622,0.11054227345509744,0.11063003913739598,0.12295219324537085,0.09812416578417915,0.10370505819888606,0.08840971225607398,0.10288543499722583,0.13621580974156453
3,0.12957410951562512,0.12175529785856225,0.11971680650441256,0.12158596476968184,0.10218883571989781,0.09510945400891141,0.096365647152562,0.09965751845228549,0.11404636601806138
4,0.11157462496807737,0.10712310014595233,0.11282186751721883,0.10712212207622616,0.11269798946703768,0.11091958231946483,0.11454150367633273,0.11082292301781824,0.112376286811872
5,0.11316372791205397,0.13460278395210054,0.13318773047584398,0.11578196963204969,0.09365356268925759,0.10679166187254899,0.09970681734242227,0.0926410430306408,0.11047070309308227
6,0.11495849542220044,0.13008366941321295,0.12495376516938016,0.1161742313041121,0.09651014598553458,0.10912186335804588,0.10063888005001481,0.09587671337070705,0.111682235926792
7,0.11604396634291883,0.10431120948196786,0.11414932736745691,0.11258139915526123,0.11164550297435621,0.10767782762809573,0.11149017867455961,0.11069871557557612,0.11140187279980712
8,0.11002852982190978,0.10543159857685921,0.10895219899443258,0.10621685790639483,0.11429114129680684,0.11047404021997496,0.11867773267862933,0.11712077319781034,0.10880712730718199
9,0.1263243990859705,0.12931705764862797,0.11699639229878588,0.12496505790806825,0.10203329259808351,0.09977659823814722,0.0988610958820472,0.09735550799663813,0.10437059834363145
10,0.1343663044936614,0.11606910481231963,0.11880789609258643,0.13343830092357972,0.09676512134377595,0.09627477455430568,0.08925935762988177,0.09417222158628315,0.1208469185636061
11,0.11650336994461245,0.11657014625783939,0.10630109847130358,0.11877041995333633,0.10917723210092913,0.10817400521557839,0.1118917103056465,0.10820426955944072,0.10440774819131321
12,0.11816200288875478,0.11913674092056643,0.11950933493328468,0.1185440188939316,0.10174002179708129,0.10425355303654535,0.10093589645159812,0.10177444460297363,0.11594398647526412
13,0.12098171683095132,0.10050551707208531,0.10926966694342888,0.12292642743859708,0.1115074055798305,0.11009624246148382,0.10403482131985893,0.10805630520907993,0.1126218971446842
14,0.11059685446217646,0.13202121018484853,0.1278989251782044,0.11261930030428405,0.09782149081887094,0.10967968341651066,0.10001572189719059,0.0991970361366245,0.11014977760129005
15,0.11675150878667409,0.10432807551757033,0.10863015594011881,0.11331144702015414,0.11115986823853771,0.10817095344113113,0.1083117596242995,0.1103870465028617,0.11894918492865274
16,0.12016456066368676,0.1204842476224543,0.11943212704789002,0.12021209952520637,0.09994737978442832,0.1028971345888897,0.09775072353841308,0.10061058464023602,0.11850114258879547
17,0.1112497992203537,0.12021752818842836,0.1260771907154567,0.11018545468763749,0.09736319228258344,0.10701788897793302,0.09955007080772271,0.0997340425319194,0.12860483258796498
18,0.127773727587787,0.09968406773190877,0.10114947986141773,0.12818901174355818,0.11022796134925503,0.09450521107483553,0.10015023641352043,0.10957763477242437,0.12874266946529286
19,0.12030751797396548,0.13618492140198457,0.11648761045615436,0.11977296449709127,0.10218076446892499,0.10700641264380434,0.10469458098891282,0.09713763811337489,0.09622758945578752
20,0.11684021188961564,0.10798792587487276,0.1082203754576151,0.11929795658192985,0.10742027646216938,0.10096254792967878,0.10294465640384769,0.10738181346227012,0.12894423593800036
21,0.11604396634291883,0.10431120948196786,0.11414932736745691,0.11258139915526123,0.11164550297435621,0.10767782762809573,0.11149017867455961,0.11069871557557612,0.11140187279980712
22,0.12842264862035777,0.12266921007447441,0.11871300418777538,0.12835016500100802,0.0972504938422646,0.10361898782366163,0.09486330769400496,0.09429649532548473,0.1118156874309685
23,0.11650336994461245,0.11657014625783939,0.10630109847130358,0.11877041995333633,0.10917723210092913,0.10817400521557839,0.1118917103056465,0.10820426955944072,0.10440774819131321
24,0.1281042714234304,0.12437106369554857,0.10830794663003472,0.11164264806177798,0.10319155572036118,0.10221972542983786,0.10008586035836058,0.09566497714416612,0.12641195153648288
25,0.127773727587787,0.09968406773190877,0.10114947986141773,0.12818901174355818,0.11022796134925503,0.09450521107483553,0.10015023641352043,0.10957763477242437,0.12874266946529286
26,0.11059685446217646,0.13202121018484853,0.1278989251782044,0.11261930030428405,0.09782149081887094,0.10967968341651066,0.10001572189719059,0.0991970361366245,0.11014977760129005
27,0.12982456705894055,0.10152217754381788,0.10243478212463748,0.1299410352822078,0.10663495643285417,0.0950761301163308,0.09621215251955724,0.10753763943957148,0.13081655948208235
28,0.11043738869672041,0.10662876984666016,0.11234101977185143,0.10686062343766768,0.1143144996420154,0.10855233347864689,0.11646789627377799,0.11298129342096064,0.11141617543169924
29,0.10612324244928631,0.10172716704203064,0.10691975810190556,0.1021024665766715,0.11766131952817342,0.1169545118512399,0.122851709257575,0.12002076117593354,0.1056390640171844
30,0.11959774413938924,0.11925519572995422,0.11915089082706304,0.11903816952304346,0.10099419074462855,0.1024642488466128,0.10327572192102522,0.10042650731822102,0.11579733095006249
31,0.12276997711847192,0.12401675275342204,0.11091845695071323,0.12669284988549323,0.10121223263624658,0.10447336453107356,0.10046239526452487,0.10279232813493577,0.10666164272511865
32,0.12766010206706466,0.09990169445494433,0.10091843056745363,0.12897707667149608,0.10988418660598957,0.0959130185139307,0.09802864130964205,0.11036672097597379,0.1283501288335051
33,0.11989701306332197,0.11305787812218551,0.09707056625914894,0.10808126609676204,0.11080908360836689,0.1085208132629286,0.10497325422536251,0.10394340199777792,0.13364672336414526
34,0.11571123551299173,0.111439805808495,0.11557621484614783,0.11238484731502398,0.10696868887055151,0.10187530347659371,0.11142753293950516,0.10890743712215094,0.11570893410854015
35,0.12278978396806793,0.13311725216552384,0.10785116537237707,0.12126673882140492,0.10244458057809626,0.10946702196955123,0.09887981603583658,0.1021346517519747,0.10204898933716769
36,0.11779265038449237,0.11922742147356145,0.1187535915533898,0.11756157319168405,0.10215981024323587,0.103995350710677,0.10399772100209244,0.10175042511452938,0.11476145632633789
