,Estim(XGBClassifier)_Imputer(IterativeImputer(<class 'sklearn.linear_model._bayes.BayesianRidge'>)),Estim(XGBClassifier)_Imputer(IterativeImputer(<class 'xgboost.sklearn.XGBRegressor'>)),Estim(XGBClassifier)_Imputer(IterativeImputer(<class 'sklearn.ensemble._forest.RandomForestRegressor'>)),Estim(XGBClassifier)_Imputer(KNNImputer),Estim(RandomForestClassifier)_Imputer(IterativeImputer(<class 'sklearn.linear_model._bayes.BayesianRidge'>)),Estim(RandomForestClassifier)_Imputer(IterativeImputer(<class 'xgboost.sklearn.XGBRegressor'>)),Estim(RandomForestClassifier)_Imputer(IterativeImputer(<class 'sklearn.ensemble._forest.RandomForestRegressor'>)),Estim(RandomForestClassifier)_Imputer(KNNImputer),Estim(<class 'new_base.ClassifierWithImputation'>)_Imputer(Identity)
0,0.11977774255627492,0.11977774255627492,0.119759899347942,0.11977774255627492,0.10110195629957024,0.10110195629957024,0.10110195629957024,0.10110195629957024,0.11649904778495246
1,0.109577722858065,0.11153807779585541,0.11011595093014205,0.1134260591818464,0.1115557789377978,0.11397391147741219,0.11166320105046622,0.10944443767362098,0.10870486009479362
2,0.11628487182535462,0.11847572263958521,0.11847572263958521,0.10908627882222285,0.10607370001665352,0.10430785763951533,0.10430785763951533,0.10581686309624094,0.11717112568132733
3,0.11640560088709132,0.12032164609453987,0.12032164609453987,0.12032164609453987,0.1029975441493901,0.10436933735012699,0.10436933735012699,0.10436933735012699,0.10652390462951768
4,0.1094476682756435,0.10972268896585004,0.10944341497800868,0.1103282242060483,0.11305939833212363,0.11317361392761537,0.11344844887382045,0.11233088671772544,0.10904565572316438
5,0.12079383380549281,0.12002439505009185,0.12045176153039293,0.12042020558577592,0.10073946490626799,0.10587302074043865,0.09659854857080248,0.09373598479491058,0.12136278501582697
6,0.11582364540025321,0.11509722788780456,0.11552159705612082,0.1153885158480933,0.10869477991647768,0.11081058510483255,0.10283052139055356,0.09844989445403368,0.11738323294183056
7,0.10864413135671687,0.11356448343027323,0.12021046660511912,0.10511650738789152,0.11119682723038504,0.10822698318669804,0.11480293888718565,0.11109089911910776,0.10714676279662265
8,0.11582364540025321,0.11509722788780456,0.11552159705612082,0.1153885158480933,0.10869477991647768,0.11081058510483255,0.10283052139055356,0.09844989445403368,0.11738323294183056
9,0.11142857691451202,0.11607605728786724,0.12152493955299469,0.1286540983078571,0.09854085990650481,0.10134596348420892,0.0986836318200207,0.10349107826852699,0.12025479445750767
10,0.12152195850230509,0.10942577145144637,0.12069032236539119,0.1293130261639918,0.09579108125817076,0.09515459801792737,0.0956314724276965,0.10113535619129005,0.13133641362178103
11,0.10405661059068609,0.1035049440329198,0.10336485913771287,0.1054928352286601,0.12046175347596888,0.12307293586950185,0.120577751554933,0.1173839876343923,0.10208432247522502
12,0.11628487182535462,0.11847572263958521,0.11847572263958521,0.10908627882222285,0.10607370001665352,0.10430785763951533,0.10430785763951533,0.10581686309624094,0.11717112568132733
13,0.1153971616005377,0.11927928151740731,0.1192615125644742,0.11927928151740731,0.10393540753946022,0.10531969185959558,0.10531969185959558,0.10531969185959558,0.10688827968192652
14,0.11280043786390027,0.11492564062897578,0.11492564062897578,0.10581754808631334,0.10989380840436584,0.10806437147669133,0.10806437147669133,0.10962772183136466,0.11588045960272143
15,0.10923180610803994,0.11108648759485033,0.10977260101792463,0.11307238810027928,0.1119456666809371,0.11364670294331997,0.1127127766497624,0.10993886403753886,0.10859270686734758
16,0.11628487182535462,0.11847572263958521,0.11847572263958521,0.10908627882222285,0.10607370001665352,0.10430785763951533,0.10430785763951533,0.10581686309624094,0.11717112568132733
17,0.10980490723577266,0.11298809496740424,0.11401432887652205,0.10655590261472288,0.11146712438150934,0.11079682125142165,0.11159337663069613,0.11016807400711809,0.11261137003483318
18,0.12152195850230509,0.10942577145144637,0.12069032236539119,0.1293130261639918,0.09579108125817076,0.09515459801792737,0.0956314724276965,0.10113535619129005,0.13133641362178103
19,0.11470107238173548,0.10930903673951071,0.11439911077512749,0.11524545754571167,0.1103782876598231,0.11165888294843604,0.11056190548357606,0.11396041406515268,0.09978583240092685
20,0.1153971616005377,0.11927928151740731,0.1192615125644742,0.11927928151740731,0.10393540753946022,0.10531969185959558,0.10531969185959558,0.10531969185959558,0.10688827968192652
21,0.11142857691451202,0.11607605728786724,0.12152493955299469,0.1286540983078571,0.09854085990650481,0.10134596348420892,0.0986836318200207,0.10349107826852699,0.12025479445750767
22,0.12702913391132648,0.12584504636338664,0.11428475891247669,0.09299085849099675,0.10581564019827903,0.09781561413675832,0.10536199866199807,0.09280391796232715,0.13805303136245073
23,0.12573025487058898,0.11349256668049816,0.12362181034708429,0.1338336952793588,0.09062452871178756,0.09107559532334056,0.08924965958215439,0.09590887184425774,0.13646301736092928
24,0.12564604747091157,0.11278413711812377,0.12306116499546609,0.13321908184039513,0.0911250630238172,0.09107324284145238,0.09035266088208906,0.0964619384263674,0.13627666340137728
25,0.11628487182535462,0.11847572263958521,0.11847572263958521,0.10908627882222285,0.10607370001665352,0.10430785763951533,0.10430785763951533,0.10581686309624094,0.11717112568132733
26,0.11403935766127693,0.11533834560792461,0.11679275811658574,0.10616459674622687,0.11023107877808652,0.11186306331426339,0.11323961795962294,0.11107736897185096,0.1012538128441623
27,0.11628487182535462,0.11847572263958521,0.11847572263958521,0.10908627882222285,0.10607370001665352,0.10430785763951533,0.10430785763951533,0.10581686309624094,0.11717112568132733
28,0.12500848285169525,0.11309387185823808,0.12452214219407151,0.1336487453272961,0.09119483217494305,0.09078844594965614,0.0899967107554954,0.0963550318668454,0.1353917370217594
29,0.12702913391132648,0.12584504636338664,0.11428475891247669,0.09299085849099675,0.10581564019827903,0.09781561413675832,0.10536199866199807,0.09280391796232715,0.13805303136245073
30,0.10864413135671687,0.11356448343027323,0.12021046660511912,0.10511650738789152,0.11119682723038504,0.10822698318669804,0.11480293888718565,0.11109089911910776,0.10714676279662265
31,0.12134352136547366,0.12134352136547366,0.12132544490414315,0.1212608002529903,0.09953012972705931,0.098714649161333,0.098714649161333,0.09953012972705931,0.11823715433513476
32,0.11792743783991613,0.11482066412103255,0.11475000166301345,0.11858686910537164,0.10718004913658823,0.10626942084963627,0.10573434022605478,0.10534872073805698,0.10938249632033001
33,0.11403935766127693,0.11533834560792461,0.11679275811658574,0.10616459674622687,0.11023107877808652,0.11186306331426339,0.11323961795962294,0.11107736897185096,0.1012538128441623
34,0.10864413135671687,0.11356448343027323,0.12021046660511912,0.10511650738789152,0.11119682723038504,0.10822698318669804,0.11480293888718565,0.11109089911910776,0.10714676279662265
35,0.1137531304324677,0.11465540037271078,0.1129906647895792,0.11366936793015776,0.1085351083058926,0.11104741534571089,0.10861553446620474,0.1070713806300828,0.1096619977271934
36,0.1256191262244238,0.12987265643781196,0.1138535187211203,0.11391850153742235,0.09769760965251437,0.09623785268035016,0.09703128540112367,0.09244197125140308,0.13332747809383047
37,0.11900956951111318,0.12088772149348227,0.12079848535610566,0.11809375631490888,0.10093719204623053,0.10657287645507778,0.10611992025795616,0.09927209996153567,0.10830837860358972
38,0.12573025487058898,0.11349256668049816,0.12362181034708429,0.1338336952793588,0.09062452871178756,0.09107559532334056,0.08924965958215439,0.09590887184425774,0.13646301736092928
39,0.12564604747091157,0.11278413711812377,0.12306116499546609,0.13321908184039513,0.0911250630238172,0.09107324284145238,0.09035266088208906,0.0964619384263674,0.13627666340137728
40,0.11792168722942524,0.11860492550879594,0.11857028577346002,0.11637744582924521,0.10521391154228511,0.10502679787826663,0.10739708023385362,0.1035582348348561,0.10732963116981181
41,0.12316790911864654,0.12348192220697937,0.12307350248581153,0.12086573722559098,0.10264168930121131,0.10341141366229101,0.10292163411525267,0.09883510675952403,0.10160108512469282
42,0.11969849120022232,0.12130722331956173,0.1211758999842488,0.11824297272118375,0.10022414685141555,0.10468389939304547,0.10457469037463041,0.09814412718653959,0.11194854896915214
43,0.11340147633084557,0.11469319836354376,0.11613947558799213,0.10557076304174098,0.11123232678271967,0.11287913491745474,0.11426819304737793,0.11208630397707636,0.09972912795124883
44,0.11536755763074522,0.10907899535776136,0.11502871706368728,0.11592802318469486,0.11201339958090414,0.11091359778693032,0.11161946675497161,0.10955526822615187,0.10049497441415317
45,0.11719517062850425,0.11714962783965382,0.11719061625151386,0.11719061625151386,0.10365631172813407,0.10299874318594583,0.10426621606035201,0.10355078960231948,0.11680190845206269
46,0.1145255153710316,0.11372363215856911,0.11367057825966853,0.10823345057519282,0.11084407421928848,0.10821341081622342,0.10766854194541864,0.11020771476649678,0.11291308188811021
47,0.1085096043923756,0.10885212007598609,0.1085053875492853,0.10938261317510223,0.11423848616729916,0.11508395543479226,0.1139610575657462,0.1135023769608831,0.10796439867852997
48,0.12702913391132648,0.12584504636338664,0.11428475891247669,0.09299085849099675,0.10581564019827903,0.09781561413675832,0.10536199866199807,0.09280391796232715,0.13805303136245073
49,0.1137531304324677,0.11465540037271078,0.1129906647895792,0.11366936793015776,0.1085351083058926,0.11104741534571089,0.10861553446620474,0.1070713806300828,0.1096619977271934
50,0.1153971616005377,0.11927928151740731,0.1192615125644742,0.11927928151740731,0.10393540753946022,0.10531969185959558,0.10531969185959558,0.10531969185959558,0.10688827968192652
51,0.11536755763074522,0.10907899535776136,0.11502871706368728,0.11592802318469486,0.11201339958090414,0.11091359778693032,0.11161946675497161,0.10955526822615187,0.10049497441415317
52,0.10687081056970817,0.10549643714026877,0.10505964546432893,0.10214616664842517,0.11959582088558057,0.11616180088578926,0.11722833424384306,0.11888171126212302,0.10855927289993328
53,0.12702913391132648,0.12584504636338664,0.11428475891247669,0.09299085849099675,0.10581564019827903,0.09781561413675832,0.10536199866199807,0.09280391796232715,0.13805303136245073
54,0.1140164727946698,0.11785214443293426,0.11785214443293426,0.11785214443293426,0.10479019628155808,0.10618586527493168,0.10618586527493168,0.10618586527493168,0.10907930180017417
55,0.11371259284237564,0.11107857367528742,0.11238342467820318,0.11136645648582304,0.11023573825918262,0.10953643155517552,0.11088435534007829,0.10938005438975323,0.11142237277412093
56,0.12316790911864654,0.12348192220697937,0.12307350248581153,0.12086573722559098,0.10264168930121131,0.10341141366229101,0.10292163411525267,0.09883510675952403,0.10160108512469282
57,0.11779914591716964,0.1177235523006501,0.1177815974590239,0.11779914591716964,0.10303357399845867,0.10237995594162189,0.10363981419838372,0.10303357399845867,0.1168096402690638
58,0.10864413135671687,0.11356448343027323,0.12021046660511912,0.10511650738789152,0.11119682723038504,0.10822698318669804,0.11480293888718565,0.11109089911910776,0.10714676279662265
59,0.11470107238173548,0.10930903673951071,0.11439911077512749,0.11524545754571167,0.1103782876598231,0.11165888294843604,0.11056190548357606,0.11396041406515268,0.09978583240092685
0,0.12114276233543643,0.124626067306819,0.11616944370257311,0.10409923076619938,0.11070251119246509,0.10977091636842758,0.11049059198900088,0.10650972601476125,0.09648875032431738
1,0.12839408348006093,0.12768877194129474,0.12872227650595244,0.1255330108690411,0.10146468076927992,0.1017383223178497,0.10138071874179606,0.10123188697914459,0.08384624839558052
2,0.11859616668704705,0.12186125328775073,0.11961090693051508,0.12137172483394415,0.09793521366760943,0.10166269114792952,0.1001763262559736,0.09844798133473709,0.12033773585449328
3,0.10038551551902056,0.10038551551902056,0.10038551551902056,0.10865825903949183,0.11397451038376008,0.11355917158433768,0.11355917158433768,0.11397451038376008,0.13511783046725104
4,0.11354633015681749,0.11354633015681749,0.11354633015681749,0.12290365289627309,0.10599269174790371,0.10560643979393708,0.10560643979393708,0.10599269174790371,0.11325909354959288
5,0.11596940660301824,0.11606991372144261,0.11593604104964732,0.11637445973973883,0.10224575868796447,0.10628769890606714,0.10554276755875919,0.10538726025809547,0.11618669347526678
6,0.10270970753985205,0.10270970753985205,0.10270970753985205,0.10270970753985205,0.11256439182524401,0.11256439182524401,0.11256439182524401,0.11256439182524401,0.13890360253961578
7,0.12403527996148528,0.1267550959896435,0.1267550959896435,0.12181213992499262,0.09968730616575247,0.10055187730084081,0.1008871780625856,0.09946075345720011,0.10005527314785628
8,0.11642913105633215,0.11642913105633215,0.11642913105633215,0.11642913105633215,0.1038329269277729,0.1038329269277729,0.1038329269277729,0.1038329269277729,0.11895176806357985
9,0.12166588193259704,0.12166588193259704,0.12166588193259704,0.11837184471193836,0.10502312857009209,0.10508513889359943,0.10510227797128947,0.10454615974037354,0.09687380431491582
10,0.12166588193259704,0.12166588193259704,0.12166588193259704,0.11837184471193836,0.10502312857009209,0.10508513889359943,0.10510227797128947,0.10454615974037354,0.09687380431491582
11,0.11455260743669606,0.11760591712348491,0.11779524909718736,0.11424513634263193,0.10108013332298157,0.10500694871328294,0.10765872754994199,0.10307942556538419,0.11897585484840921
12,0.10732192387806694,0.11256577291077678,0.11215636289596334,0.11002059438229281,0.1083097168091797,0.10906014403985044,0.11163452671876366,0.10909688715007147,0.11983407121503473
13,0.11596940660301824,0.11606991372144261,0.11593604104964732,0.11637445973973883,0.10224575868796447,0.10628769890606714,0.10554276755875919,0.10538726025809547,0.11618669347526678
14,0.1140774913490822,0.11416740319321668,0.11416740319321668,0.1235087539374426,0.10324736080558096,0.10683395406751915,0.10647843375034147,0.10521683247549782,0.11230236722810247
15,0.11725322772308219,0.11731499035875609,0.11768827254415022,0.11739707160096312,0.10002161610713563,0.10253580950282237,0.10538434672312284,0.10396269173176344,0.11844197370820399
16,0.10344532977689115,0.10344532977689115,0.10344532977689115,0.10344532977689115,0.11124984985660463,0.11124984985660463,0.11124984985660463,0.11124984985660463,0.14121928146601698
17,0.11792460809827188,0.11689128372253718,0.11774213743743402,0.11598178523153367,0.10171732823428213,0.1026915746347937,0.10684447608739743,0.10019056880696363,0.12001623774678619
18,0.115062991755274,0.11502639659453583,0.11502639659453583,0.11497769902903192,0.10591472212707649,0.10671785535534185,0.10675530678691238,0.10567375066420719,0.11484488109308463
19,0.11859616668704705,0.12186125328775073,0.11961090693051508,0.12137172483394415,0.09793521366760943,0.10166269114792952,0.1001763262559736,0.09844798133473709,0.12033773585449328
20,0.12403527996148528,0.1267550959896435,0.1267550959896435,0.12181213992499262,0.09968730616575247,0.10055187730084081,0.1008871780625856,0.09946075345720011,0.10005527314785628
21,0.12051518296402854,0.12607602977781723,0.12563657780666004,0.11183909909243116,0.10880129438106997,0.10944303070777166,0.10549999758405848,0.10383258333453903,0.08835620435162395
22,0.10830396414239432,0.1240478317677821,0.12393210092173444,0.11401019055992788,0.10624321102983347,0.10815401275358465,0.10835133635380996,0.10352939074429358,0.10342796172663948
23,0.1130546588994917,0.1130546588994917,0.1130546588994917,0.12237146314195878,0.1066475963226912,0.10625895780633517,0.10625895780633517,0.1066475963226912,0.11265145190151338
24,0.12284434491853218,0.12284434491853218,0.12284434491853218,0.11951840145696867,0.10328184969731793,0.10334283189237686,0.10335968680490937,0.10281278898990985,0.09915140640292076
25,0.11596940660301824,0.11606991372144261,0.11593604104964732,0.11637445973973883,0.10224575868796447,0.10628769890606714,0.10554276755875919,0.10538726025809547,0.11618669347526678
26,0.11744751852023229,0.12008232622773103,0.12008232622773103,0.11844247487808926,0.10027430208546985,0.10196504585291988,0.10228837603926963,0.1003324496536018,0.11908518051495505
27,0.10344532977689115,0.10344532977689115,0.10344532977689115,0.10344532977689115,0.11124984985660463,0.11124984985660463,0.11124984985660463,0.11124984985660463,0.14121928146601698
28,0.11544234149048904,0.11544234149048904,0.11544234149048904,0.11546362395156459,0.1052692976191943,0.10523236750288512,0.1052692976191943,0.10520817803315781,0.11723021080253637
29,0.11375265909175022,0.11331484009793602,0.11122231576591553,0.10831887024257454,0.10856333755165702,0.10950401004242513,0.10932925259824555,0.10816536943435627,0.11782934517513974
30,0.13251211819983624,0.12141406238763743,0.12099086022036996,0.11424913817855123,0.10815820263322255,0.10639429105531109,0.1025610984701639,0.10043988750946801,0.09328034134543939
31,0.10825380411470513,0.11167556371542159,0.11189940252819314,0.11328498749268058,0.10756158812574192,0.10830658192937606,0.11086317665044476,0.10699140920072661,0.12116348624271013
32,0.09751199004532596,0.09809093247896672,0.09751199004532596,0.09751199004532596,0.12044145699217634,0.12044145699217634,0.12044145699217634,0.11855668604530245,0.12949204036322415
33,0.11596940660301824,0.11606991372144261,0.11593604104964732,0.11637445973973883,0.10224575868796447,0.10628769890606714,0.10554276755875919,0.10538726025809547,0.11618669347526678
34,0.10980372796600503,0.11045564818075923,0.10980372796600503,0.10980372796600503,0.11330948719474575,0.11330948719474575,0.11330948719474575,0.11153632341208158,0.10866838292490708
35,0.1140774913490822,0.11416740319321668,0.11416740319321668,0.1235087539374426,0.10324736080558096,0.10683395406751915,0.10647843375034147,0.10521683247549782,0.11230236722810247
36,0.11375265909175022,0.11331484009793602,0.11122231576591553,0.10831887024257454,0.10856333755165702,0.10950401004242513,0.10932925259824555,0.10816536943435633,0.11782934517513974
37,0.11521386556934377,0.11798925306298493,0.11203600462609258,0.11963918135662746,0.10346878507927666,0.10536112035163549,0.10786614135588007,0.10592436176832941,0.11250128682982953
38,0.11375265909175022,0.11331484009793602,0.11122231576591553,0.10831887024257454,0.10856333755165702,0.10950401004242513,0.10932925259824555,0.10816536943435633,0.11782934517513974
39,0.12051518296402854,0.12607602977781723,0.12563657780666004,0.11183909909243116,0.10880129438106997,0.10944303070777166,0.10549999758405848,0.10383258333453903,0.08835620435162395
40,0.11596940660301824,0.11606991372144261,0.11593604104964732,0.11637445973973883,0.10224575868796447,0.10628769890606714,0.10554276755875919,0.10538726025809547,0.11618669347526678
41,0.12148101190657756,0.1208136761764852,0.12179153416590088,0.12210172088124678,0.10334744152448413,0.10352867910516513,0.10318415802894254,0.10352060700824472,0.10023117120295325
42,0.11859616668704705,0.12186125328775073,0.11961090693051508,0.12137172483394415,0.09793521366760943,0.10166269114792952,0.1001763262559736,0.09844798133473709,0.12033773585449328
43,0.10344532977689115,0.10344532977689115,0.10344532977689115,0.10344532977689115,0.11124984985660463,0.11124984985660463,0.11124984985660463,0.11124984985660463,0.14121928146601698
44,0.10825380411470513,0.11167556371542159,0.11189940252819314,0.11328498749268058,0.10756158812574192,0.10830658192937606,0.11086317665044476,0.10699140920072661,0.12116348624271013
45,0.10732192387806694,0.11256577291077678,0.11215636289596334,0.11002059438229281,0.1083097168091797,0.10906014403985044,0.11163452671876366,0.10909688715007147,0.11983407121503473
46,0.11455260743669606,0.11760591712348491,0.11779524909718736,0.11424513634263193,0.10108013332298157,0.10500694871328294,0.10765872754994199,0.10307942556538419,0.11897585484840921
47,0.12351374876771658,0.12345277457967797,0.12345277457967797,0.12014753167299122,0.10329472909890239,0.10331237343491272,0.10329297387184233,0.10127530746284039,0.09825778653143837
48,0.11596940660301824,0.11606991372144261,0.11593604104964732,0.11637445973973883,0.10224575868796447,0.10628769890606714,0.10554276755875919,0.10538726025809547,0.11618669347526678
49,0.10830396414239432,0.1240478317677821,0.12393210092173444,0.11401019055992788,0.10624321102983347,0.10815401275358465,0.10835133635380996,0.10352939074429358,0.10342796172663948
50,0.11084249971074193,0.11084249971074193,0.11084249971074193,0.1078216221074713,0.10990744109369616,0.11001092888716109,0.10999027149751431,0.10947184946295367,0.12027038781897738
51,0.11859616668704705,0.12186125328775073,0.11961090693051508,0.12137172483394415,0.09793521366760943,0.10166269114792952,0.1001763262559736,0.09844798133473709,0.12033773585449328
52,0.1148094527038209,0.11713131281611754,0.11780350924276795,0.11278851963577463,0.10440468316973538,0.10463621140650477,0.10795093637125225,0.10068372844440604,0.11979164620962048
53,0.11607660351487019,0.11408421771188465,0.11542792333128415,0.11192587815949509,0.10679161627399196,0.10598946915664928,0.10660234476015949,0.10644218571687616,0.11665976137478916
54,0.11222297997762089,0.11536467247385333,0.11468377870976862,0.11327851083433248,0.107822518513276,0.10869346751346379,0.10903813346062403,0.10637713117160569,0.11251880734545562
55,0.11596940660301824,0.11606991372144261,0.11593604104964732,0.11637445973973883,0.10224575868796447,0.10628769890606714,0.10554276755875919,0.10538726025809547,0.11618669347526678
56,0.10344532977689115,0.10344532977689115,0.10344532977689115,0.10344532977689115,0.11124984985660463,0.11124984985660463,0.11124984985660463,0.11124984985660463,0.14121928146601698
57,0.11642913105633215,0.11642913105633215,0.11642913105633215,0.11642913105633215,0.1038329269277729,0.1038329269277729,0.1038329269277729,0.1038329269277729,0.11895176806357985
58,0.12419213435886647,0.12138993152132181,0.12381377972320737,0.11119918516323778,0.10412980815726139,0.10390754611119807,0.10416060184204505,0.1039629927358127,0.10324402038704933
59,0.11596940660301824,0.11606991372144261,0.11593604104964732,0.11637445973973883,0.10224575868796447,0.10628769890606714,0.10554276755875919,0.10538726025809547,0.11618669347526678
0,0.11690314225978779,0.12685465977615362,0.11682507597174223,0.1168154530637775,0.09928139512175224,0.10170215408159383,0.10065976794309167,0.09754149364807765,0.1234168581340235
1,0.11529938037431145,0.11177342553353625,0.116217407690736,0.10206722617046157,0.11133889950044872,0.11053151670575305,0.11133889950044872,0.10948499643997728,0.11194824808432711
2,0.10584632214997458,0.12065172865983027,0.11293984259057759,0.11710689627834076,0.10455873920497326,0.11231356772350203,0.10849962719069534,0.10704902083711913,0.11103425536498718
3,0.102914095366783,0.102914095366783,0.102914095366783,0.102914095366783,0.12114975025259919,0.12159928498917558,0.12159928498917558,0.1211048882830128,0.10289041001890438
4,0.10584632214997458,0.12065172865983027,0.11293984259057759,0.11710689627834076,0.10455873920497326,0.11231356772350203,0.10849962719069534,0.10704902083711913,0.11103425536498718
5,0.10584632214997458,0.12065172865983027,0.11293984259057759,0.11710689627834076,0.10455873920497326,0.11231356772350203,0.10849962719069534,0.10704902083711913,0.11103425536498718
6,0.10152623165374705,0.11181339462561636,0.10735577053284837,0.11275043353785119,0.11444081625951145,0.11493759675909268,0.11576047750903459,0.1180937787868231,0.1033215003354754
7,0.12187557097033991,0.10581115529491661,0.11415727241706485,0.1060005620284517,0.10442610969564299,0.10906123001170161,0.10802042701474095,0.10423406298539187,0.12641360958174955
8,0.11377319294785464,0.11703582449291644,0.12103463273544411,0.11226655353226676,0.10206295551096126,0.10857040083164649,0.10753428196012192,0.09948596771272751,0.11823619027606092
9,0.11501955199458845,0.11316396413592902,0.11562762545094621,0.1120022540039846,0.11164713386255097,0.11032967286669135,0.1085536608453903,0.10767980337172131,0.10597633346819776
10,0.11818072488465639,0.1181476267784189,0.1181476267784189,0.11817243542002258,0.10988138660044265,0.10983984395470008,0.10993779522522854,0.10983984395470008,0.08785271640341165
11,0.11377319294785464,0.11703582449291644,0.12103463273544411,0.11226655353226676,0.10206295551096126,0.10857040083164649,0.10753428196012192,0.09948596771272751,0.11823619027606092
12,0.11985585388114293,0.11985585388114293,0.11985585388114293,0.12029581325122847,0.10038723964260293,0.10038723964260293,0.10038723964260293,0.10008858157404397,0.11888632460349012
13,0.11377319294785464,0.11703582449291644,0.12103463273544411,0.11226655353226676,0.10206295551096126,0.10857040083164649,0.10753428196012192,0.09948596771272751,0.11823619027606092
14,0.11221769247263155,0.11252441902354236,0.1125974009782699,0.11223434856089874,0.10948268776866535,0.10963892418565035,0.11023747512748418,0.10878563044945895,0.112281421433399
15,0.1128517610743871,0.11472727763273047,0.10565920910138665,0.1218802719145057,0.10909124161266769,0.10766232277495162,0.1075342296041399,0.110646833139665,0.1099468531455655
16,0.12141928862808009,0.12135820101419763,0.12135820101419763,0.12135820101419763,0.10139283381601179,0.10185534727678874,0.10139283381601179,0.10139283381601179,0.1084722596045034
17,0.11237155359003854,0.1135060459232445,0.1135060459232445,0.1135060459232445,0.11083732111435615,0.11333872511682293,0.11333872511682293,0.11333872511682293,0.09625681217540318
18,0.11529938037431145,0.11177342553353625,0.116217407690736,0.10206722617046157,0.11133889950044872,0.11053151670575305,0.11133889950044872,0.10948499643997728,0.11194824808432711
19,0.11529938037431145,0.11177342553353625,0.116217407690736,0.10206722617046157,0.11133889950044872,0.11053151670575305,0.11133889950044872,0.10948499643997728,0.11194824808432711
20,0.11780087956214716,0.1273221403543919,0.11797588793865864,0.11825750105000139,0.10222837193678938,0.10332751446463477,0.10222837193678938,0.09903509198678122,0.11182424076980639
21,0.11307666311013947,0.10961756390514606,0.11162144934295827,0.11110875408684841,0.10710377388669153,0.10284195627166491,0.10553990167132865,0.10950686010135671,0.12958307762386592
22,0.11237155359003854,0.1135060459232445,0.1135060459232445,0.1135060459232445,0.11083732111435615,0.11333872511682293,0.11333872511682293,0.11333872511682293,0.09625681217540318
23,0.11818072488465639,0.1181476267784189,0.1181476267784189,0.11817243542002258,0.10988138660044265,0.10983984395470008,0.10993779522522854,0.10983984395470008,0.08785271640341165
24,0.10584632214997458,0.12065172865983027,0.11293984259057759,0.11710689627834076,0.10455873920497326,0.11231356772350203,0.10849962719069534,0.10704902083711913,0.11103425536498718
25,0.11225949029664738,0.1122673111901473,0.11229904335459613,0.11245196503354966,0.10974849541751068,0.10911137001085149,0.10971969408418007,0.10927506806215906,0.11286756255035808
26,0.11529938037431145,0.11177342553353625,0.116217407690736,0.10206722617046157,0.11133889950044872,0.11053151670575305,0.11133889950044872,0.10948499643997728,0.11194824808432711
27,0.11553830162419375,0.11553331836581268,0.11556845872998266,0.11541072867835252,0.10592604967797398,0.10522793432106256,0.10596759745138846,0.10532454797839118,0.11550306317284241
28,0.11489848993143281,0.11489848993143281,0.11489848993143281,0.11520900873826374,0.10615406260229829,0.10615406260229829,0.10615406260229829,0.10615406260229829,0.11547927105824489
29,0.10584632214997458,0.12065172865983027,0.11293984259057759,0.11710689627834076,0.10455873920497326,0.11231356772350203,0.10849962719069534,0.10704902083711913,0.11103425536498718
30,0.10946426105423344,0.11729697926897575,0.1114911812073133,0.12464239499904597,0.10202234931110243,0.10506870226835492,0.10343366584754086,0.10732460421889894,0.11925586182453435
31,0.11489848993143281,0.11489848993143281,0.11489848993143281,0.11520900873826374,0.10615406260229829,0.10615406260229829,0.10615406260229829,0.10615406260229829,0.11547927105824489
32,0.12187557097033991,0.10581115529491661,0.11415727241706485,0.1060005620284517,0.10442610969564299,0.10906123001170161,0.10802042701474095,0.10423406298539187,0.12641360958174955
33,0.11116025888433052,0.11228252210337918,0.11228252210337918,0.11228252210337918,0.11235979922685331,0.11489556289090322,0.11489556289090322,0.11489556289090322,0.0949456869059685
34,0.1128517610743871,0.11472727763273047,0.10565920910138665,0.1218802719145057,0.10909124161266769,0.10766232277495162,0.1075342296041399,0.110646833139665,0.1099468531455655
35,0.11965515597006156,0.11728985646200514,0.11912451451112949,0.11911915148241392,0.10268219125413502,0.09977602754095481,0.10175086695989813,0.10161861349014069,0.11898362232926099
36,0.10584632214997458,0.12065172865983027,0.11293984259057759,0.11710689627834076,0.10455873920497326,0.11231356772350203,0.10849962719069534,0.10704902083711913,0.11103425536498718
37,0.11397279197064729,0.1125803282070506,0.11449881971600946,0.11090884067691455,0.10791248129571565,0.10807722184138292,0.10637917739011052,0.10555096769047738,0.12011937121169147
38,0.1236815282561574,0.1236815282561574,0.12386527309359004,0.12464547013442989,0.0987057815849905,0.0987057815849905,0.0987057815849905,0.09773160821368725,0.11027724729100635
39,0.10584632214997458,0.12065172865983027,0.11293984259057759,0.11710689627834076,0.10455873920497326,0.11231356772350203,0.10849962719069534,0.10704902083711913,0.11103425536498718
40,0.10940333912847357,0.10939862047587982,0.10943189492361143,0.10957788159914426,0.11354022532088842,0.11279192804024153,0.11358475963109259,0.11289548647988423,0.10937586440078412
41,0.1182853171441878,0.11980379461004627,0.12004240580967168,0.11679151084358043,0.10254065107707121,0.10487998285824643,0.10625684514768315,0.09572612811694832,0.11567336439256437
42,0.1128517610743871,0.11472727763273047,0.10565920910138665,0.1218802719145057,0.10909124161266769,0.10766232277495162,0.1075342296041399,0.110646833139665,0.1099468531455655
43,0.11965515597006156,0.11728985646200514,0.11912451451112949,0.11911915148241392,0.10268219125413502,0.09977602754095481,0.10175086695989813,0.10161861349014069,0.11898362232926099
44,0.11237155359003854,0.1135060459232445,0.1135060459232445,0.1135060459232445,0.11083732111435615,0.11333872511682293,0.11333872511682293,0.11333872511682293,0.09625681217540318
45,0.11965515597006156,0.11728985646200514,0.11912451451112949,0.11911915148241392,0.10268219125413502,0.09977602754095481,0.10175086695989813,0.10161861349014069,0.11898362232926099
46,0.11237155359003854,0.1135060459232445,0.1135060459232445,0.1135060459232445,0.11083732111435615,0.11333872511682293,0.11333872511682293,0.11333872511682293,0.09625681217540318
47,0.10946426105423344,0.11729697926897575,0.1114911812073133,0.12464239499904597,0.10202234931110243,0.10506870226835492,0.10343366584754086,0.10732460421889894,0.11925586182453435
48,0.11318069877464475,0.12083183989556659,0.11412737922097187,0.12024279618258685,0.10249369127259345,0.09842903577173553,0.1006410783061465,0.10366128074996322,0.12639219982579117
49,0.11441944494929018,0.11603454104978041,0.11549743348106387,0.11549743348106387,0.10710883587198887,0.11100316037316646,0.11104669956083084,0.11107631596272514,0.0983161352700906
50,0.1182853171441878,0.11980379461004627,0.12004240580967168,0.11679151084358043,0.10254065107707121,0.10487998285824643,0.10625684514768315,0.09572612811694832,0.11567336439256437
51,0.11203409487133714,0.10883054340063933,0.11066956874567073,0.11041382045311018,0.10792232492797012,0.10412257910480432,0.10685412023335761,0.11091976329102189,0.12823318497208883
52,0.11501955199458845,0.11316396413592902,0.11562762545094621,0.1120022540039846,0.11164713386255097,0.11032967286669135,0.1085536608453903,0.10767980337172131,0.10597633346819776
53,0.11307666311013947,0.10961756390514606,0.11162144934295827,0.11110875408684841,0.10710377388669153,0.10284195627166491,0.10553990167132865,0.10950686010135671,0.12958307762386592
54,0.11776925435305617,0.11633040727107309,0.11831280421499418,0.11461268274330282,0.10601295092805427,0.10617479162686855,0.10450663701745783,0.1070364752564857,0.10924399658870719
55,0.10584632214997458,0.12065172865983027,0.11293984259057759,0.11710689627834076,0.10455873920497326,0.11231356772350203,0.10849962719069534,0.10704902083711913,0.11103425536498718
56,0.11965515597006156,0.11728985646200514,0.11912451451112949,0.11911915148241392,0.10268219125413502,0.09977602754095481,0.10175086695989813,0.10161861349014069,0.11898362232926099
57,0.10920478972338758,0.11612709587762501,0.10978212229673169,0.10634002989010118,0.1113096442991366,0.11117882631591093,0.10822552230445072,0.1073543063475594,0.12047766294509665
58,0.11482662585964418,0.11035154375926663,0.11290062644252492,0.1130933033594907,0.10501169002519757,0.10024500655380003,0.10434842874275092,0.10779046801659553,0.13143230724072968
0,0.12760751561664405,0.12745149553390675,0.12707543358419565,0.1265020018138007,0.09526720648041226,0.09555875969220094,0.09181245694608832,0.09357199729163349,0.11515313304111761
1,0.12305058144568633,0.12290013292543066,0.12288949824150237,0.12234554232662297,0.09932495410090042,0.09847689946420023,0.09847689946420023,0.10038574656715835,0.11214974546429844
2,0.11794813249822103,0.11780392251731078,0.11779372881408467,0.11800412471461862,0.10216777191584664,0.1013705062402549,0.1013705062402549,0.10228638732646458,0.12125491973294356
3,0.09276650469251238,0.11985850149173655,0.108280975625128,0.11308693540450987,0.11546306063922783,0.1176162168280864,0.11776386214291674,0.11596830363015778,0.09919563954572416
4,0.10913856847600287,0.11542981643321275,0.10924950708920256,0.11351368218050993,0.1095278186410819,0.10881039713037528,0.1095713264466628,0.1144463675994266,0.1103125160035255
5,0.12392158190775097,0.12377006845363542,0.12377006845363542,0.12321155224421994,0.09638375068882632,0.09558136150659743,0.09558136150659743,0.09741313104470874,0.12036712419402806
6,0.10126224713332022,0.10556652930918255,0.09969349030871805,0.10466490553733962,0.12233142485549092,0.11932408424769525,0.12039673434644983,0.12513175016996478,0.10162883409183895
7,0.10334213919336681,0.12128620421264431,0.10363606628490023,0.10943408623870281,0.10658088246491634,0.11342964632620356,0.11115585011991223,0.10952651724304226,0.12160860791631149
8,0.11355715652082778,0.10984227084945013,0.13272322125475286,0.1301659917462365,0.09953005177885743,0.10316141277622798,0.10026040715606188,0.09860487702962402,0.11215461088796155
9,0.11436812903855326,0.11480143072068658,0.11422829617001981,0.11442242175938304,0.1051941239047544,0.10436045727466133,0.104654576025903,0.10531625286937389,0.12265431223666456
10,0.11179251409128033,0.1123534272317184,0.11178284056184938,0.11179251409128033,0.1081645031023179,0.10810474720644823,0.10840941847832639,0.1081645031023179,0.11943553213446108
11,0.10637532080425907,0.13038181555269118,0.10650202000309941,0.10708206133121194,0.10448221408374758,0.11023853048301882,0.10828495678457509,0.10259423233634901,0.12405884862104818
12,0.11519120935376034,0.11606581099783081,0.11832471816810804,0.11654476305736962,0.10737930450598368,0.1063091751136339,0.10722176010193508,0.10559538286055639,0.10736787584082226
13,0.1229189122177822,0.12220027087584859,0.11878620224786803,0.11724878868881027,0.10504052094927066,0.10504052094927066,0.10752175801792906,0.10719514302147375,0.0940478830317471
14,0.10690876482221442,0.10707331578827776,0.10624331650389912,0.10119773956849885,0.11182893936867637,0.11391686343409192,0.1123994900797353,0.10850614397245158,0.13192542646215444
15,0.10334213919336681,0.12128620421264431,0.10363606628490023,0.10943408623870281,0.10658088246491634,0.11342964632620356,0.11115585011991223,0.10952651724304226,0.12160860791631149
16,0.12496027499185317,0.12496027499185317,0.12459156370719532,0.12381891608087005,0.0970669404443249,0.09876489840281599,0.09489290161991716,0.0958661284573216,0.11507810130384868
17,0.11781070734591233,0.07901063055125375,0.12050966528238168,0.11810042592781794,0.11298927821667124,0.09745985691833224,0.11737021303204277,0.1166536469424551,0.1200955757831331
18,0.11542902411646855,0.11542902411646855,0.11554635693507968,0.11517104980493956,0.10365150746879688,0.1035727921847465,0.10438627497465483,0.10912074724972104,0.11769322314912432
19,0.11691983332339485,0.1167768805985448,0.1167768805985448,0.11694553239140953,0.10291639085917063,0.10140493334735921,0.1021352455468794,0.10133140807730596,0.12479289525739116
20,0.11557585126373521,0.1154345417664892,0.11542455308839034,0.11563071731322007,0.10465789238201333,0.10453578241673678,0.10453578241673678,0.10548026172830995,0.1187246176243682
21,0.11374348614964087,0.11328235930590325,0.1015507233938896,0.11705122430083725,0.10755969593608243,0.10523713323489861,0.10480912921354801,0.10440861660628808,0.132357631858912
22,0.11374348614964087,0.11328235930590325,0.1015507233938896,0.11705122430083725,0.10755969593608243,0.10523713323489861,0.10480912921354801,0.10440861660628808,0.132357631858912
23,0.11781070734591233,0.07901063055125375,0.12050966528238168,0.11810042592781794,0.11298927821667124,0.09745985691833224,0.11737021303204277,0.1166536469424551,0.1200955757831331
24,0.11997063279348057,0.11997063279348057,0.11974859557052053,0.11934931079130545,0.09963869310538903,0.10072775729050129,0.09753892962748478,0.10194091327000215,0.12111453475783553
25,0.11542902411646855,0.11542902411646855,0.11554635693507968,0.11517104980493956,0.10365150746879688,0.1035727921847465,0.10438627497465483,0.10912074724972104,0.11769322314912432
26,0.10371986924575659,0.10812861581336441,0.10223452826600812,0.10696551520115628,0.11811976579941927,0.11441269394140348,0.11634789340849881,0.1263538484298698,0.10371726989452361
27,0.11781070734591233,0.07901063055125375,0.12050966528238168,0.11810042592781794,0.11298927821667124,0.09745985691833224,0.11737021303204277,0.1166536469424551,0.1200955757831331
28,0.11781070734591233,0.07901063055125375,0.12050966528238168,0.11810042592781794,0.11298927821667124,0.09745985691833224,0.11737021303204277,0.1166536469424551,0.1200955757831331
29,0.11374348614964087,0.11328235930590325,0.1015507233938896,0.11705122430083725,0.10755969593608243,0.10523713323489861,0.10480912921354801,0.10440861660628808,0.132357631858912
30,0.10615740927881115,0.13049464699036764,0.10562229037207005,0.11200374315787531,0.1009518761383854,0.10850237772061304,0.10515993039185192,0.10248700935166963,0.12862071659835597
31,0.11411925531431043,0.11361288998292594,0.10190369826159984,0.11744786492968345,0.1070084006010278,0.10473813335829629,0.10457824523342045,0.10380424616955523,0.13278726614918057
32,0.12496027499185317,0.12496027499185317,0.12459156370719532,0.12381891608087005,0.0970669404443249,0.09876489840281599,0.09489290161991716,0.0958661284573216,0.11507810130384868
33,0.10769877846331226,0.11233796828118799,0.11445200026860439,0.09979250268310297,0.11370089478047526,0.11767357857637105,0.1182789504032258,0.1033112401762889,0.11275408636743191
34,0.10422378314822664,0.1009144076380931,0.12181457034152085,0.11712336165443174,0.10514495356630481,0.10898117465357375,0.105916511310429,0.10642807949942608,0.1294531581879937
35,0.10917112262957154,0.10278261998986563,0.10974229462492914,0.11800257502881038,0.11627633901104058,0.10807978581756339,0.11524308326435237,0.11991891056617954,0.1007832690676871
36,0.10371986924575659,0.10812861581336441,0.10223452826600812,0.10696551520115628,0.11811976579941927,0.11441269394140348,0.11634789340849881,0.1263538484298698,0.10371726989452361
