,Estim(XGBClassifier)_Imputer(IterativeImputer(<class 'sklearn.linear_model._bayes.BayesianRidge'>)),Estim(XGBClassifier)_Imputer(IterativeImputer(<class 'xgboost.sklearn.XGBRegressor'>)),Estim(XGBClassifier)_Imputer(IterativeImputer(<class 'sklearn.ensemble._forest.RandomForestRegressor'>)),Estim(XGBClassifier)_Imputer(KNNImputer),Estim(RandomForestClassifier)_Imputer(IterativeImputer(<class 'sklearn.linear_model._bayes.BayesianRidge'>)),Estim(RandomForestClassifier)_Imputer(IterativeImputer(<class 'xgboost.sklearn.XGBRegressor'>)),Estim(RandomForestClassifier)_Imputer(IterativeImputer(<class 'sklearn.ensemble._forest.RandomForestRegressor'>)),Estim(RandomForestClassifier)_Imputer(KNNImputer),Estim(<class 'new_base.ClassifierWithImputation'>)_Imputer(Identity)
0,0.10153559527067915,0.10186292333048073,0.09607028002024472,0.09780573310557039,0.12233082677482238,0.12437354107611209,0.12265481495036701,0.12348069865213758,0.10988558681958617
1,0.09537736492396974,0.09950937981884951,0.09886971612556694,0.09653484460008317,0.12606062695057932,0.12700103148296726,0.12541238120743864,0.12561418959922688,0.10562046529131887
2,0.09537736492396974,0.09950937981884951,0.09886971612556694,0.09653484460008317,0.12606062695057932,0.12700103148296726,0.12541238120743864,0.12561418959922688,0.10562046529131887
3,0.11007438386324349,0.108387519616023,0.10669274257372219,0.10739184202074736,0.11472933538157952,0.1163568569243399,0.11513204846545054,0.11350876932691513,0.10772650182797906
4,0.1081034810238576,0.10645724529623567,0.10480508525156447,0.10541481635001303,0.11697894202146325,0.11856473443299041,0.11731668516887248,0.11645217530237074,0.10590683515263201
5,0.1180713053232421,0.11808224929562612,0.11810883106717997,0.11812569010375303,0.10189172499614385,0.10298505159581829,0.10351605191472317,0.10155265134952475,0.1176664443539888
6,0.11200304047360905,0.1260488320428305,0.10734383837427397,0.11753136419037799,0.10751272606277819,0.10751459736522889,0.10699348584968742,0.10802071244735778,0.10703140319385597
7,0.10482670700258372,0.1075127150110392,0.10935691987104429,0.10478386588732172,0.11340312789785414,0.11800170104749576,0.1175988912882489,0.11783361388283946,0.10668245811157281
8,0.1139544363946237,0.11404504750089134,0.1139544363946237,0.1139182826183728,0.10785502114596689,0.107878991591728,0.10785502114596689,0.10674974993583837,0.11378901327198829
9,0.11507513919606963,0.11507513919606963,0.11507513919606963,0.11504317294309634,0.10629730294379211,0.10629730294379211,0.10629730294379211,0.1061961156092723,0.11464338502804612
10,0.1180713053232421,0.11808224929562612,0.11810883106717997,0.11812569010375303,0.10189172499614385,0.10298505159581829,0.10351605191472317,0.10155265134952475,0.1176664443539888
11,0.11471105746704058,0.1150673937632214,0.11438383905505893,0.1153131784003466,0.10639401938460713,0.10714734273142847,0.10590679548628888,0.1069966488363108,0.11407972487569716
12,0.12283291501669727,0.12322151465015338,0.1232533459393941,0.12170734856896116,0.09760819531441524,0.09761051316900811,0.09789845881177134,0.0962477472467419,0.11961996128285782
13,0.10482670700258372,0.1075127150110392,0.10935691987104429,0.10478386588732172,0.11340312789785414,0.11800170104749576,0.1175988912882489,0.11783361388283946,0.10668245811157281
14,0.12283291501669727,0.12322151465015338,0.1232533459393941,0.12170734856896116,0.09760819531441524,0.09761051316900811,0.09789845881177134,0.0962477472467419,0.11961996128285782
15,0.11007438386324349,0.108387519616023,0.10669274257372219,0.10739184202074736,0.11472933538157952,0.1163568569243399,0.11513204846545054,0.11350876932691513,0.10772650182797906
16,0.12407880184210163,0.12483652338036337,0.12483652338036337,0.12387314934064525,0.09536886594600917,0.09542186336945588,0.09542186336945588,0.0944906572651243,0.12167175210648089
17,0.11831579112262279,0.11810128969768958,0.11813179830101872,0.11790437017665913,0.10280341846518377,0.10240683550601286,0.10270893003574928,0.10231271158294898,0.11731485511211488
18,0.121552442399563,0.12146742810514129,0.12149880626867318,0.12162297331706343,0.09851399430213093,0.0978073899680719,0.09809591638655903,0.09804376193318629,0.12139728731961089
19,0.1185968682104639,0.12380794745202676,0.1190661353633502,0.11635712326203557,0.10223834544180378,0.10299826982915664,0.10232494838662436,0.09983064193653181,0.11477972011800736
20,0.11808189055726265,0.11887167560571461,0.11887167560571461,0.11887167560571461,0.10474871541392189,0.10543403106741489,0.10543403106741489,0.10474871541392189,0.1049375896629198
21,0.11569439347956183,0.11548234209211142,0.11551447719198857,0.11525550978511838,0.10613206541519601,0.1057226415925871,0.10603451756782446,0.10454304672421318,0.11562100615139916
22,0.11569439347956183,0.11548234209211142,0.11551447719198857,0.11525550978511838,0.10613206541519601,0.1057226415925871,0.10603451756782446,0.10454304672421318,0.11562100615139916
23,0.1081034810238576,0.10645724529623567,0.10480508525156447,0.10541481635001303,0.11697894202146325,0.11856473443299041,0.11731668516887248,0.11645217530237074,0.10590683515263201
24,0.11331101411349057,0.11379188680097237,0.11409155962145581,0.11372401171623771,0.11156116944922585,0.11111728586763553,0.11186054254287006,0.11039502935702127,0.10014750053109088
25,0.12541431207722362,0.12553085606015701,0.12425963865191673,0.12310939341769121,0.09619926295582559,0.09703527884096623,0.09843344797335343,0.09362118795755447,0.11639662206531155
26,0.1101217360976922,0.11219612336599735,0.10736821485321839,0.10930775848412753,0.11218771080816617,0.1124656431537626,0.11209138179205778,0.11284613769274106,0.11141529375223676
27,0.1190023548942247,0.11913511095828204,0.1189927043935357,0.1201260690277566,0.10110104514409457,0.10076460270919317,0.10076460270919317,0.09967559306837839,0.12043791709534163
28,0.1139544363946237,0.11404504750089134,0.1139544363946237,0.1139182826183728,0.10785502114596689,0.107878991591728,0.10785502114596689,0.10674974993583837,0.11378901327198829
29,0.11812759850152595,0.11812759850152595,0.11812759850152595,0.11812759850152595,0.10429546698108863,0.10429546698108863,0.10429546698108863,0.10429546698108863,0.11030773806954143
30,0.10678879609825542,0.10940657085619727,0.11126607252161944,0.10670168625290972,0.11473548798255558,0.1150537833133378,0.11395539585805008,0.11390756478741784,0.108184642329657
31,0.12243837433580242,0.12257496353759466,0.12257496353759466,0.12289465093837479,0.09678471937233918,0.09646264073704448,0.09646264073704448,0.09623197913695183,0.12357506766725337
32,0.11475276456873908,0.11545353407971047,0.11545353407971047,0.11456256936430262,0.10666383706007698,0.10672311121084993,0.10672311121084993,0.10568161810724097,0.11398592031851923
33,0.11808189055726265,0.11887167560571461,0.11887167560571461,0.11887167560571461,0.10474871541392189,0.10543403106741489,0.10543403106741489,0.10474871541392189,0.1049375896629198
34,0.11665916121000793,0.116821711877802,0.11701105940557043,0.11487282959471481,0.10423451492105686,0.10736178549803406,0.10547999818586529,0.10351377491128808,0.1140451643956607
35,0.12090095732031846,0.11865040438329244,0.11807093228194772,0.12083484356850634,0.09995802580889787,0.10205861152533265,0.10199638042902984,0.09976180989309309,0.1177680347895816
36,0.11200304047360905,0.1260488320428305,0.10734383837427397,0.11753136419037799,0.10751272606277819,0.10751459736522889,0.10699348584968742,0.10802071244735778,0.10703140319385597
37,0.11641833533541981,0.11668486460726044,0.11608624683710787,0.1169891900583974,0.10447131360056708,0.10518764559041134,0.10399289459760704,0.10446303457101709,0.11570647480221219
38,0.10785407185700754,0.12179732197279186,0.10754641330256574,0.10842020031786723,0.11131126110784566,0.11233515150111205,0.1108015190483072,0.11194174245104394,0.10799231844145851
39,0.12413257706316198,0.12260466608435892,0.12223505897437215,0.12369385496289897,0.09675234179110734,0.09992101488019152,0.10116339006392149,0.09720831864405632,0.11228877753593129
40,0.10389084423598538,0.11691932219442913,0.10377153409210628,0.10379120510035508,0.11675492617956561,0.11675695834624478,0.11670860405115945,0.1162371668251669,0.10516943897498719
41,0.1101217360976922,0.11219612336599735,0.10736821485321839,0.10930775848412753,0.11218771080816617,0.1124656431537626,0.11209138179205778,0.11284613769274106,0.11141529375223676
42,0.1101217360976922,0.11219612336599735,0.10736821485321839,0.10930775848412753,0.11218771080816617,0.1124656431537626,0.11209138179205778,0.11284613769274106,0.11141529375223676
43,0.10458279003191645,0.10725500845721832,0.10262754314737813,0.10459372021686603,0.11674942776841352,0.11787755277090753,0.11748528174326436,0.1173812073137878,0.11144746855024751
44,0.11200304047360905,0.1260488320428305,0.10734383837427397,0.11753136419037799,0.10751272606277819,0.10751459736522889,0.10699348584968742,0.10802071244735778,0.10703140319385597
45,0.10482670700258372,0.1075127150110392,0.10935691987104429,0.10478386588732172,0.11340312789785414,0.11800170104749576,0.1175988912882489,0.11783361388283946,0.10668245811157281
46,0.12407880184210163,0.12483652338036337,0.12483652338036337,0.12387314934064525,0.09536886594600917,0.09542186336945588,0.09542186336945588,0.0944906572651243,0.12167175210648089
47,0.11269419469556397,0.11269419469556397,0.11269419469556397,0.11265545713687226,0.10911949966899631,0.10911949966899631,0.10911949966899631,0.10849631515884287,0.11340714461060401
48,0.10458279003191645,0.10725500845721832,0.10262754314737813,0.10459372021686603,0.11674942776841352,0.11787755277090753,0.11748528174326436,0.1173812073137878,0.11144746855024751
49,0.12090095732031846,0.11865040438329244,0.11807093228194772,0.12083484356850634,0.09995802580889787,0.10205861152533265,0.10199638042902984,0.09976180989309309,0.1177680347895816
50,0.10458279003191645,0.10725500845721832,0.10262754314737813,0.10459372021686603,0.11674942776841352,0.11787755277090753,0.11748528174326436,0.1173812073137878,0.11144746855024751
51,0.1185968682104639,0.12380794745202676,0.1190661353633502,0.11635712326203557,0.10223834544180378,0.10299826982915664,0.10232494838662436,0.09983064193653181,0.11477972011800736
52,0.11741332786033269,0.11737408259566072,0.11727848824916812,0.11727989400821474,0.10366136351125654,0.10344561661508783,0.10362023621026419,0.10242172159094326,0.11750526935907213
53,0.12327838140464928,0.12375072201620183,0.11873919166840752,0.12862510446043188,0.0977521506297989,0.09790703750054407,0.09765909766145564,0.09730961090712162,0.11497870375138956
54,0.11775965665583073,0.11488222204775059,0.11648474982236452,0.11713235646630962,0.10214861519763262,0.1047205069168273,0.10555233685849195,0.1058432283395078,0.11547632769528467
55,0.10678879609825542,0.10940657085619727,0.11126607252161944,0.10670168625290972,0.11473548798255558,0.1150537833133378,0.11395539585805008,0.11390756478741784,0.108184642329657
56,0.11405553837120073,0.11418277588991672,0.11418277588991672,0.11451994079241727,0.1070079728330728,0.10665187341904088,0.10665187341904088,0.1070079728330728,0.11573927655232123
57,0.11808189055726265,0.11887167560571461,0.11887167560571461,0.11887167560571461,0.10474871541392189,0.10543403106741489,0.10543403106741489,0.10474871541392189,0.1049375896629198
58,0.11882173237666924,0.11941413473012633,0.11941413473012633,0.11814374466425594,0.10393557558615965,0.10434055644360285,0.10434055644360285,0.10297847995723391,0.108611085068223
59,0.11878981480855197,0.12475448369474576,0.11963728022057458,0.11843474076766212,0.10074746615400976,0.10170155933087878,0.10084961336869606,0.10007805024532829,0.11500699140955262
0,0.121717025264,0.11758251132697618,0.11927701021313618,0.11880552717072403,0.10124323797520332,0.09861087217617331,0.10026497600800748,0.1014518032531248,0.12104703661265427
1,0.12391644137436252,0.12482958147386641,0.12391644137436252,0.10861534746674698,0.10488102957902859,0.1025824178395425,0.10503013311793098,0.09913101079645645,0.10709759697770323
2,0.10986505476127033,0.10701443279125893,0.10962693722644344,0.10962693722644344,0.11091310671485975,0.11104394599889919,0.11062750252641011,0.11062750252641011,0.12065458022800458
3,0.11258056078669507,0.10484247336035313,0.11366774715210916,0.11164322634515922,0.10859563051648778,0.1053954048152459,0.10627103724456881,0.11063094026883878,0.12637297951054235
4,0.10402623643701914,0.10392813868804587,0.10353551889961113,0.10396058280539476,0.12054221739974713,0.12108975689694566,0.12028517676466448,0.12061529543170166,0.10201707667687002
5,0.11537455020642476,0.11803527229726758,0.11642224999123243,0.12232386078974856,0.1020906077274552,0.10272407818845558,0.10113065562739072,0.10417265631611947,0.11772606885590563
6,0.12075481185137998,0.11926298708989966,0.12000149302648541,0.11679981886024599,0.10227239960993434,0.1034993150246133,0.10139005957972771,0.09845695837421774,0.11756215658349614
7,0.11163173831217413,0.13308987780975365,0.1126160521278243,0.1109940415282029,0.10635211164915219,0.10742008568329611,0.10449470742665863,0.10518930888940135,0.10821207657353697
8,0.11258056078669507,0.10484247336035313,0.11366774715210916,0.11164322634515922,0.10859563051648778,0.1053954048152459,0.10627103724456881,0.11063094026883878,0.12637297951054235
9,0.11506738878493684,0.11615848429319887,0.11611146726998539,0.11655041563354285,0.10287538492553237,0.10239084928448831,0.10202893116927646,0.10333872368392674,0.1254783549551123
10,0.11933020798054016,0.11902102412873103,0.11933704134357422,0.1206260922565411,0.09933901086953269,0.09821418268171195,0.0986278667342406,0.09910429309258299,0.1264002809125453
11,0.12302863617538533,0.12393523403950263,0.12291919713394446,0.10783716767801038,0.10624339344052498,0.10391492362681849,0.10639443377651872,0.10041868414601045,0.10530832998328458
12,0.11258056078669507,0.10484247336035313,0.11366774715210916,0.11164322634515922,0.10859563051648778,0.1053954048152459,0.10627103724456881,0.11063094026883878,0.12637297951054235
13,0.11191083792307324,0.11195744826259675,0.11113170395623642,0.1048299818911691,0.1144480364693847,0.11704733236244165,0.114600735628161,0.10862198270188766,0.1054519408050496
14,0.11172633860448512,0.11007728175276137,0.11225157741568376,0.10712416759247809,0.11542391900524271,0.11789183231666128,0.11542391900524271,0.11076165557300154,0.09931930873444363
15,0.11586796716822644,0.11583873201611372,0.1155941572122586,0.11577419267925797,0.10577537556785746,0.10581908097492637,0.10565460147729684,0.10562480566366679,0.11405108724039596
16,0.11894032823809597,0.10831597474890399,0.11751782346750775,0.11209948696517788,0.10850099073799495,0.10629304948708208,0.10778005658371376,0.10654272210461596,0.11400956766690779
17,0.12154871629628855,0.12350368666316541,0.12136539183359753,0.12109182436406374,0.09828999111020958,0.0991519706158932,0.09685855200113287,0.09587145835270186,0.12231840876294744
18,0.10986505476127033,0.10701443279125893,0.10962693722644344,0.10962693722644344,0.11091310671485975,0.11104394599889919,0.11062750252641011,0.11062750252641011,0.12065458022800458
19,0.11537455020642476,0.11803527229726758,0.11642224999123243,0.12232386078974856,0.1020906077274552,0.10272407818845558,0.10113065562739072,0.10417265631611947,0.11772606885590563
20,0.10986505476127033,0.10701443279125893,0.10962693722644344,0.10962693722644344,0.11091310671485975,0.11104394599889919,0.11062750252641011,0.11062750252641011,0.12065458022800458
21,0.11862132570820162,0.1186717977590069,0.11939460352378396,0.11893969547801958,0.10175143150659456,0.10075375657717896,0.10110276114570688,0.1017886344975556,0.11897599380395203
22,0.11773291298350361,0.11467449487891906,0.11548755243482962,0.11563501508106598,0.10519062674719866,0.10421504015276947,0.10517192492474133,0.10540732381004489,0.11648510898692745
23,0.11664543650240357,0.09966989510238784,0.10309968808513677,0.09966966836254396,0.11793534460245159,0.11808282305999959,0.11662659145716762,0.11613417227027559,0.11213638055763374
24,0.11619864036120024,0.11855600739666497,0.11657900393826688,0.12311008928271025,0.10044406535863369,0.10066995826269842,0.09873203185667509,0.10251228598094166,0.12319791756220859
25,0.1159010339706723,0.11489572048651699,0.11682799122866161,0.11772271775340144,0.10232142419419851,0.10205939764309575,0.10153209218675216,0.10236957508688636,0.1263700474498152
26,0.11713463874879992,0.11438863225944873,0.11464122338496384,0.11428533594340234,0.10544250544035193,0.10599948931983648,0.10629512608165878,0.10541999578113177,0.11639305304040601
27,0.11984155051674912,0.11859677497418626,0.11795953592425076,0.12013010290902054,0.10240211833506088,0.09827728578416595,0.09925781731525134,0.10308580765510703,0.12044900658620801
28,0.11950991581589623,0.11938934044170213,0.11902498793796103,0.12107700060954386,0.09924187430462793,0.09858246229157215,0.09782197353301143,0.09860146058711317,0.1267509844785717
29,0.11530664029901676,0.11002013647553198,0.11349340324408534,0.11471933253997185,0.1054332603022688,0.10377260445048452,0.10440893901565591,0.1049132911043781,0.12793239256860667
30,0.1103897037377252,0.1324699843705655,0.11155861276757852,0.10968762039336066,0.10772782516352525,0.1093114916003258,0.10572507089843641,0.10589242329193382,0.10723726777654868
31,0.10402623643701914,0.10392813868804587,0.10353551889961113,0.10396058280539476,0.12054221739974713,0.12108975689694566,0.12028517676466448,0.12061529543170166,0.10201707667687002
32,0.12252558435884948,0.12303274768909678,0.12375713330341409,0.12232415733029904,0.09737934811295361,0.09511873030878898,0.09622043690987693,0.09681377033320276,0.12282809165351848
33,0.10903207775933244,0.10800334354546462,0.11296808040174547,0.10700434050209158,0.1058820623361837,0.10738080167873847,0.10645666391703464,0.10809302980366614,0.13517960005574295
34,0.11687305279361859,0.10994314693845783,0.11469682694218006,0.11127396337462744,0.1114098042951361,0.10881666282744357,0.11005641646042828,0.11007333898337247,0.10685678738473542
35,0.10903207775933244,0.10800334354546462,0.11296808040174547,0.10700434050209158,0.1058820623361837,0.10738080167873847,0.10645666391703464,0.10809302980366614,0.13517960005574295
36,0.11024764944730452,0.11262058428547002,0.1108008751505623,0.1165790269129232,0.10771223518852216,0.10764980815712014,0.10596379638069432,0.1111880659799751,0.117237958497428
37,0.12060757115751024,0.11181469250349149,0.11970422855236199,0.11380745997260198,0.10921692288894128,0.10712519090777678,0.10818236754252265,0.10569892645598136,0.10384264001881253
38,0.12075481185137998,0.11926298708989966,0.12000149302648541,0.11679981886024599,0.10227239960993434,0.1034993150246133,0.10139005957972771,0.09845695837421774,0.11756215658349614
39,0.11465315835864873,0.10986806546484089,0.11303640422229806,0.1144046632617519,0.10704920764999415,0.10627955378688954,0.10606409689828374,0.10606409689828374,0.1225807534590094
40,0.11939797808409354,0.1178931622244493,0.11898630839656175,0.11516283889541454,0.10391611900865387,0.10503100801633383,0.10370195221383456,0.09987770343775706,0.11603292972290138
41,0.11664543650240357,0.09966989510238784,0.10309968808513677,0.09966966836254396,0.11793534460245159,0.11808282305999959,0.11662659145716762,0.11613417227027559,0.11213638055763374
42,0.11664543650240357,0.09966989510238784,0.10309968808513677,0.09966966836254396,0.11793534460245159,0.11808282305999959,0.11662659145716762,0.11613417227027559,0.11213638055763374
43,0.12154871629628855,0.12350368666316541,0.12136539183359753,0.12109182436406374,0.09828999111020958,0.0991519706158932,0.09685855200113287,0.09587145835270182,0.12231840876294744
44,0.10510461011689007,0.10270284112985371,0.10583743441559668,0.10459904465948121,0.12121160777121258,0.12176218784353343,0.12106454470602493,0.12095320993443259,0.09676451942297466
45,0.1215130155949889,0.11863624919916577,0.11840595427497017,0.1210434506961582,0.1016978746763376,0.09585232823731614,0.09849896432751842,0.1033064336168028,0.12104572937674211
46,0.12154871629628855,0.12350368666316541,0.12136539183359753,0.12109182436406374,0.09828999111020958,0.0991519706158932,0.09685855200113287,0.09587145835270186,0.12231840876294744
47,0.10879299398148023,0.12603508888727408,0.10917908775081582,0.10661272719915946,0.11130273188130627,0.11105387339523448,0.10981282595557786,0.1117446645320451,0.10546600641710685
48,0.12556136396318776,0.12741375257117465,0.1251600233430839,0.10596685570340621,0.10562311692418581,0.10481599795856715,0.10567594168773829,0.09606279459313542,0.10372015325552077
49,0.11773291298350361,0.11467449487891906,0.11548755243482962,0.11563501508106598,0.10519062674719866,0.10421504015276947,0.10517192492474133,0.10540732381004489,0.11648510898692745
50,0.11206294175753463,0.11202104258602169,0.11203466666797754,0.11204566774836927,0.10930335362696761,0.10848152320488412,0.10849357737712625,0.1110520574000117,0.11450516963110728
51,0.11015188671399401,0.10666316376759494,0.11003045301127938,0.10988881752465005,0.1107280298308185,0.11014601936015235,0.11038572525292903,0.11091894847712129,0.12108695606146049
52,0.11773291298350361,0.11467449487891906,0.11548755243482962,0.11563501508106598,0.10519062674719866,0.10421504015276947,0.10517192492474133,0.10540732381004489,0.11648510898692745
53,0.11069391359075714,0.10590812450193168,0.11468732138595314,0.11059127962770122,0.10697776169197327,0.10919860830615817,0.10799851654736355,0.10902246907560151,0.12492200527256059
54,0.11773291298350361,0.11467449487891906,0.11548755243482962,0.11563501508106598,0.10519062674719866,0.10421504015276947,0.10517192492474133,0.10540732381004489,0.11648510898692745
55,0.121717025264,0.11758251132697618,0.11927701021313618,0.11880552717072403,0.10124323797520332,0.09861087217617331,0.10026497600800748,0.1014518032531248,0.12104703661265427
56,0.12154871629628855,0.12350368666316541,0.12136539183359753,0.12109182436406374,0.09828999111020958,0.0991519706158932,0.09685855200113287,0.09587145835270182,0.12231840876294744
57,0.12276970790340827,0.117106421318882,0.11826995391443731,0.12426714098565791,0.10306592053789151,0.10048245240362892,0.09976905085023911,0.10246545301603482,0.11180389906982025
58,0.11056654521379913,0.11137698060463416,0.10979677034149328,0.10645731290949956,0.11477249754948161,0.11722648262405051,0.11466688260417213,0.11043874867825958,0.10469777947461022
59,0.11650389465037692,0.11435756790022594,0.11461009042992597,0.11432051399568104,0.106386344671864,0.10606875677570907,0.10625268291140842,0.10591173421850664,0.115588414446302
0,0.1089425488942413,0.10840319624996674,0.10927427087200008,0.11032924326761201,0.11205803147194321,0.11005122414790844,0.11125297426388765,0.11285429073674358,0.11683422009569713
1,0.11293662916139856,0.12455897971722178,0.12388835239218379,0.12455897971722178,0.09836411061341069,0.10109516389653911,0.0995393528567785,0.10073075638092018,0.11432767526432548
2,0.1242303340500622,0.1215570572805826,0.1242303340500622,0.11893516564098057,0.09745322148346393,0.09509387358494052,0.09720366151378738,0.09304022510218511,0.12825612729393535
3,0.10106822475352414,0.1128281361330014,0.1128281361330014,0.1010892913430403,0.11781813540766949,0.11803179730917142,0.11803179730917142,0.11781813540766949,0.10048634620375067
4,0.12124715256526408,0.1280376645976259,0.10961040110260852,0.11860491812919156,0.10475544434919452,0.1060655105748795,0.1031877496851788,0.10449385944565283,0.10399729955040428
5,0.12017958568237964,0.12018188988692224,0.10937517858370781,0.11580825063547304,0.10530150078854701,0.10315393351210676,0.10311266835615182,0.10172145173683453,0.1211655408178773
6,0.1192427914882829,0.11925732231783337,0.11925732231783337,0.1188753836337876,0.10031477431927394,0.09957719021273578,0.1003649442478705,0.1001643426868386,0.12294592877554379
7,0.11597938660875119,0.11295773625484583,0.1129737141837796,0.12418809161820124,0.10123776307577062,0.10080757150628769,0.10080757150628769,0.1035777992274101,0.12747036601866574
8,0.1211751139980607,0.12182523840898828,0.11765518916195075,0.11539816252246585,0.09823501425846949,0.0984063851538274,0.0983788336215456,0.0968390320020963,0.13208703087259552
9,0.11139698648501856,0.11259188028109197,0.11157032399339792,0.1111143933749175,0.11039669212620504,0.11100718466861809,0.11075213415738183,0.11020378002556248,0.1109666248878069
10,0.12260737516695863,0.12258689264080333,0.11152590327713166,0.11808547356273257,0.1010909574634361,0.09920550657267004,0.09916582092462031,0.09777895425391286,0.12795311613773447
11,0.12690818677988827,0.12685840001649853,0.13612144611370225,0.1168258865726073,0.09475470725206002,0.09557417375938333,0.09778748210321374,0.09327106648344477,0.11189865091920176
12,0.12472448166603117,0.12390490270464281,0.12374404934698036,0.1226158034980753,0.10085799595887107,0.09985816452842391,0.10087667509502642,0.0992754752799363,0.10414245192201275
13,0.11882189844134057,0.11494398172644392,0.11524590643880907,0.12684707382588795,0.09859865514580943,0.09659022204154594,0.09779741546114276,0.10144711327072681,0.12970773364829352
14,0.11729528924222156,0.11689784204187119,0.11679658087612418,0.11532702670445463,0.10965519535623591,0.10924513776154048,0.10924513776154048,0.10892823504400277,0.09660955521200887
15,0.11346117354622706,0.11301017864115881,0.11353730854193489,0.11428398099592199,0.10469134822888923,0.10500077707750066,0.10573216408625767,0.10662618119154743,0.12365688769056257
16,0.11272667906206034,0.12434257401367109,0.12367311182003049,0.12394434908151072,0.09996047430109321,0.10187853516155229,0.1011042249480049,0.10221202172898344,0.11015802988309358
17,0.1106020900924636,0.12199905725793239,0.12134221259196143,0.12160833777439638,0.10269170854711314,0.10471452103044465,0.10391865639603441,0.10500477532537247,0.10811864098428162
18,0.12040630141653043,0.12078059548161149,0.12078059548161149,0.1198837151229957,0.09795696812121024,0.09830083828481617,0.09830083828481617,0.09689938068333284,0.12669076712307512
19,0.12028079403825662,0.1193949650484135,0.1188803244375363,0.12481486605358927,0.0956489984684234,0.09615230808437081,0.09595527473518338,0.09665368016354317,0.13221878897068357
20,0.11907815423141839,0.11637234589301487,0.11898304166261243,0.11400259128361316,0.10363175302824262,0.10153360333414188,0.10310484090157032,0.09977147378568964,0.12352219587969676
21,0.12001318989980612,0.12813978865958706,0.10982490712057198,0.11823261163799087,0.10450750163080047,0.10767165944574036,0.1048969426220684,0.10528133228709569,0.10143206669633925
22,0.1106020900924636,0.12199905725793239,0.12134221259196143,0.12160833777439638,0.10269170854711314,0.10471452103044465,0.10391865639603441,0.10500477532537247,0.10811864098428162
23,0.11293662916139856,0.12455897971722178,0.12388835239218379,0.12455897971722178,0.09836411061341069,0.10109516389653911,0.0995393528567785,0.10073075638092018,0.11432767526432548
24,0.11922591340145526,0.11957390724663462,0.10882186551865433,0.11436678677390708,0.1058052178689198,0.10401122344886758,0.10396961534716417,0.10110455944610068,0.12312091094829648
25,0.11991775210495341,0.12026545942197722,0.12026545942197722,0.11937240430873354,0.09897702595113526,0.09867234690890783,0.09932447694681057,0.09709146994411978,0.126113604991385
26,0.11991775210495341,0.12026545942197722,0.12026545942197722,0.11937240430873354,0.09897702595113526,0.09867234690890783,0.09932447694681057,0.09709146994411978,0.126113604991385
27,0.1242303340500622,0.1215570572805826,0.1242303340500622,0.11893516564098057,0.09745322148346393,0.09509387358494052,0.09720366151378738,0.09304022510218511,0.12825612729393535
28,0.11597938660875119,0.11295773625484583,0.1129737141837796,0.12418809161820124,0.10123776307577062,0.10080757150628769,0.10080757150628769,0.1035777992274101,0.12747036601866574
29,0.11790510597032482,0.11867112095288843,0.106671246261654,0.11936687550703909,0.10542640505973937,0.1043824927237177,0.10266541606871289,0.10280273842054821,0.12210859903537546
30,0.12279047901261039,0.12312594334626087,0.1120163155515865,0.11772400716371584,0.10021565222316854,0.09864243081050239,0.09860297041231324,0.09588580134999745,0.13099640012984476
31,0.1211751139980607,0.12182523840898828,0.11765518916195075,0.11539816252246585,0.09823501425846949,0.0984063851538274,0.0983788336215456,0.0968390320020963,0.13208703087259552
32,0.1244199603835996,0.12917793828278587,0.12631700834748377,0.12340001362363007,0.09456733050219736,0.09438957009241752,0.09476239742558507,0.09399252020226116,0.11897326114003925
33,0.11666057016994605,0.11701163302841623,0.11685137485211042,0.11703296007517003,0.10274731141575529,0.10341402949082694,0.10494161320518282,0.10433005744011804,0.11701045032247435
34,0.11729528924222156,0.11689784204187119,0.11679658087612418,0.11532702670445463,0.10965519535623591,0.10924513776154048,0.10924513776154048,0.10892823504400277,0.09660955521200887
35,0.10992053655475875,0.10965944347660683,0.1106046363475831,0.11031275477440415,0.11054509558759269,0.10872464814852725,0.1101265572358959,0.11043755083080498,0.1196687770438261
36,0.11331180143376887,0.1261478956076185,0.11337154425226162,0.11337154425226162,0.10354552339675156,0.10539429011823458,0.103543775601926,0.10341326217198273,0.11790036316519459
37,0.12043183725045795,0.12078602906856119,0.10988753124365755,0.11548675254698795,0.10421173019446547,0.10257577691016391,0.10253474303692924,0.09970922743199924,0.12437637231677766
38,0.1244199603835996,0.12917793828278587,0.12631700834748377,0.12340001362363007,0.09456733050219736,0.09438957009241752,0.09476239742558507,0.09399252020226116,0.11897326114003925
39,0.12047822075537278,0.11975243693688663,0.12049269864529585,0.12050722616028953,0.09949850937860107,0.09796339140496256,0.10042469756288437,0.100488335172935,0.12039448398277207
40,0.11038750120392529,0.12057997897163451,0.12323176788344704,0.105704395235465,0.10892809994264906,0.10718745770709376,0.1088461889524754,0.10487053195936165,0.11026407814394837
41,0.11293662916139856,0.12455897971722178,0.12388835239218379,0.12455897971722178,0.09836411061341069,0.10109516389653911,0.0995393528567785,0.10073075638092018,0.11432767526432548
42,0.12084375871770933,0.12318675525339055,0.12097998595315053,0.1235892906780726,0.09914785440586273,0.09854953456767736,0.09914195292350349,0.09897440516623283,0.11558646233440031
43,0.11432917358848532,0.1141906541708177,0.10396762175376908,0.11017063767280955,0.11259481908676436,0.11001943926861789,0.10997542767192044,0.10876681120196921,0.11598541558484614
44,0.1046576147740268,0.115427968876784,0.11480650304446792,0.115427968876784,0.11005361438561775,0.11310922362168614,0.111368521376132,0.11270151023971128,0.10244707480479047
45,0.0999042772381354,0.11152628325285326,0.11156430448043256,0.09995695103756463,0.11943805513899788,0.11950181693574043,0.11950181693574043,0.11928549399546913,0.09932100098506658
46,0.11793945546395197,0.11795382747003491,0.11795382747003491,0.11757606341524594,0.10293967827926717,0.10218279405013772,0.10299116098801141,0.10278531035140215,0.11767788251191394
47,0.11331180143376887,0.1261478956076185,0.11337154425226162,0.11337154425226162,0.10354552339675156,0.10539429011823458,0.103543775601926,0.10341326217198273,0.11790036316519459
48,0.11139698648501856,0.11259188028109197,0.11157032399339792,0.1111143933749175,0.11039669212620504,0.11100718466861809,0.11075213415738183,0.11020378002556248,0.1109666248878069
49,0.10572385193507747,0.1166181421614523,0.11599026841918031,0.11624465583048901,0.10909762092544249,0.11119100711762869,0.11034591906910823,0.11155497689039855,0.10323355765122315
50,0.10733611326091827,0.11179950074250934,0.11064756736395384,0.10944561582759335,0.10591246961741808,0.1113349660336446,0.10939358083749944,0.10935316886676659,0.1247770174496962
51,0.12060648036612044,0.12179191158481485,0.11762300310712741,0.1148566381606614,0.0996030572598293,0.09945685758545907,0.0997304091793936,0.09736834893317789,0.12896329382341623
52,0.11293662916139856,0.12455897971722178,0.12388835239218379,0.12455897971722178,0.09836411061341069,0.10109516389653911,0.0995393528567785,0.10073075638092018,0.11432767526432548
53,0.12814495907390802,0.12536649765766836,0.11656299053517341,0.11815824616739438,0.09764139741230835,0.09407137140379888,0.09548891639063145,0.09092443422034513,0.13364118713877213
54,0.1192427914882829,0.11925732231783337,0.11925732231783337,0.1188753836337876,0.10031477431927394,0.09957719021273578,0.1003649442478705,0.1001643426868386,0.12294592877554379
55,0.11970404807003154,0.11968296892128452,0.1198287698149227,0.11911086818467306,0.1000161995503029,0.10039927761822144,0.10039927761822144,0.09939168240145276,0.12146690782088927
56,0.1106020900924636,0.12199905725793239,0.12134221259196143,0.12160833777439638,0.10269170854711314,0.10471452103044465,0.10391865639603441,0.10500477532537247,0.10811864098428162
57,0.11987327521349041,0.12035075221886557,0.12030192858768518,0.12002870296477133,0.0976338286950411,0.10124133504643114,0.10047012671313478,0.10051957655976766,0.11958047400081302
58,0.1242303340500622,0.1215570572805826,0.1242303340500622,0.11893516564098057,0.09745322148346393,0.09509387358494052,0.09720366151378738,0.09304022510218511,0.12825612729393535
0,0.12178465503741769,0.12255594725024649,0.12132767683632528,0.12212487290398309,0.09746488549454099,0.0974079045842508,0.0972688497833513,0.09712790521823135,0.12293730289165314
1,0.11911025586603353,0.110011225613299,0.11042069424600887,0.11268096318893901,0.11121454598258536,0.11242185860680781,0.1083102777433932,0.1139981929791118,0.10183198577382124
2,0.126792216585439,0.1257679871024706,0.12641832756546406,0.12426758621515928,0.09264354832749497,0.09201153122043994,0.09327052232047923,0.09241790218289316,0.1264103784801599
3,0.10834503752001086,0.12311733845211623,0.1099399313089104,0.10899956242736722,0.10945364531214574,0.11136584058176993,0.10940966736715235,0.10694089722610865,0.11242807980441874
4,0.11462447156428997,0.11457895722749767,0.11468338668170334,0.11469037967530481,0.10584304459577056,0.10659201124065981,0.10711847230281296,0.10711847230281296,0.11475080440914774
5,0.11870051607922592,0.10966476074634564,0.11004084658813475,0.11240798760052773,0.11225456772097957,0.11286603172768228,0.1093231402457702,0.11314636304225115,0.10159578624908289
6,0.12412811806163881,0.12323796207602848,0.12380683110475156,0.12186380971779281,0.09675529884246468,0.09605930964767252,0.09558093653770715,0.09465985429268399,0.12390787971925994
7,0.11912777576015839,0.11603861291624334,0.12210930133851583,0.11665163840719837,0.10208380924804555,0.10184689751346994,0.10185212056521438,0.10234727189602413,0.11794257235513024
8,0.11348549120312093,0.11353995155166663,0.11353663557160279,0.11350583518034038,0.10733749465452468,0.1080970363282289,0.10867271991639821,0.10854179238787036,0.11328304320624723
9,0.10922205930826953,0.12228818928875558,0.1091470006586332,0.1103813635546227,0.10990267419704164,0.11194641838651714,0.11031048270172136,0.10940740621602207,0.10739440568841677
10,0.11853889289135341,0.11774485506262371,0.11774796843487523,0.11778671997138306,0.10066375223930214,0.10155645358824772,0.10228030801158215,0.10160070714476602,0.12208034265586645
11,0.126792216585439,0.1257679871024706,0.12641832756546406,0.12426758621515928,0.09264354832749497,0.09201153122043994,0.09327052232047923,0.09241790218289316,0.1264103784801599
12,0.12086260631628029,0.12237753471128514,0.12115105236924455,0.12225910401632505,0.09816606255450261,0.09903034867962225,0.09888897775621076,0.09726877478475446,0.1199955388117747
13,0.11581729965139909,0.11420952162056619,0.12010934335374775,0.11733501860772509,0.10381684819489984,0.10534074033576349,0.1055829327416348,0.10599509721367918,0.11179319828058445
14,0.10547334512728489,0.11419555712674795,0.10704889986576403,0.10544259297307806,0.11684885918193223,0.11858110939971805,0.11387449640709049,0.11756959804157499,0.10096554187680892
15,0.11912777576015839,0.11603861291624334,0.12210930133851583,0.11665163840719837,0.10208380924804555,0.10184689751346994,0.10185212056521438,0.10234727189602413,0.11794257235513024
16,0.12231897839463979,0.12081163357177886,0.11947062707804638,0.12363725510242046,0.09934719539928245,0.09992373115383735,0.10016463513074854,0.09748119227368449,0.11684475189556212
17,0.126792216585439,0.1257679871024706,0.12641832756546406,0.12426758621515928,0.09264354832749497,0.09201153122043994,0.09327052232047923,0.09241790218289316,0.1264103784801599
18,0.11201263847865908,0.11609783988834314,0.11673333865748306,0.11788595697256458,0.10419509984600481,0.104060267863955,0.10412322874738122,0.10524662196932882,0.11964500757628031
19,0.11351145188494868,0.11300841100948072,0.11304136972174342,0.11428644328378125,0.10964250577510608,0.1101941685487707,0.1096045740761674,0.1100788368048828,0.10663223889511945
20,0.12545628337899511,0.12491155700524921,0.12555746890769415,0.12387364298300864,0.09362105072083361,0.0935045827362946,0.09478400321671078,0.09308863463103528,0.1252027764201787
21,0.12486068025559167,0.11226238308296049,0.1285087683167201,0.1257918022747729,0.09526954898412676,0.09459716601434354,0.09602504083881985,0.09627881606910445,0.1264057941635601
22,0.11351145188494868,0.11300841100948072,0.11304136972174342,0.11428644328378125,0.10964250577510608,0.1101941685487707,0.1096045740761674,0.1100788368048828,0.10663223889511945
23,0.10727163283765824,0.10732311122887346,0.10730420239570841,0.10730420239570841,0.11590905834219328,0.116670904084037,0.1173785233937647,0.11698791302807111,0.10385045229398547
24,0.1214192413546109,0.12162487951230863,0.1214192413546109,0.12162487951230863,0.09928755426039675,0.09966164633344335,0.09923424748158055,0.09970595024306443,0.11602235994767593
25,0.11724661592125356,0.11706615407041784,0.11724661592125356,0.11744518723355427,0.10555479998188007,0.10571731696285987,0.10534585218189804,0.10571731696285987,0.10866014076402288
26,0.11771120261230889,0.10839978263346771,0.10912370742954901,0.11138990475924763,0.11521039889618184,0.11583796366751464,0.11228908453721091,0.11737010620505019,0.09266784925946936
27,0.1252939607458257,0.1268644330750403,0.12559298249902878,0.1267246563953687,0.09261929276772074,0.09343474331727386,0.09330136040872522,0.09252431650895546,0.12364425428206115
28,0.11435804735753377,0.11431263881072602,0.11442380227686139,0.11442380227686139,0.10642348302556856,0.1069395908570333,0.10746776862508106,0.10746776862508106,0.11418309814525349
29,0.12545628337899511,0.12491155700524921,0.12555746890769415,0.12387364298300864,0.09362105072083361,0.0935045827362946,0.09478400321671078,0.09308863463103528,0.1252027764201787
30,0.10985196210764656,0.10985196210764656,0.10985196210764656,0.10985196210764656,0.11385029617323585,0.11328246545215256,0.11417332942673261,0.11328246545215256,0.10600359506514018
31,0.12086260631628029,0.12237753471128514,0.12115105236924455,0.12225910401632505,0.09816606255450261,0.09903034867962225,0.09888897775621076,0.09726877478475446,0.1199955388117747
32,0.1252939607458257,0.1268644330750403,0.12559298249902878,0.1267246563953687,0.09261929276772074,0.09343474331727386,0.09330136040872522,0.09252431650895546,0.12364425428206115
33,0.1252939607458257,0.1268644330750403,0.12559298249902878,0.1267246563953687,0.09261929276772074,0.09343474331727386,0.09330136040872522,0.09252431650895546,0.12364425428206115
34,0.12545628337899511,0.12491155700524921,0.12555746890769415,0.12387364298300864,0.09362105072083361,0.0935045827362946,0.09478400321671078,0.09308863463103528,0.1252027764201787
35,0.10878547661014337,0.12318100805295705,0.10997594133564811,0.11002403675257814,0.10815428118824412,0.11133945299858884,0.10859317072100105,0.10741604826016748,0.11253058408067187
36,0.12375132164256893,0.122862547526147,0.12343611535549072,0.12150325874578068,0.09672688530768504,0.09661511897852797,0.09661511897852797,0.09495425678530853,0.12353537667996348
