,Estim(XGBClassifier)_Imputer(IterativeImputer(<class 'sklearn.linear_model._bayes.BayesianRidge'>)),Estim(XGBClassifier)_Imputer(IterativeImputer(<class 'xgboost.sklearn.XGBRegressor'>)),Estim(XGBClassifier)_Imputer(IterativeImputer(<class 'sklearn.ensemble._forest.RandomForestRegressor'>)),Estim(XGBClassifier)_Imputer(KNNImputer),Estim(RandomForestClassifier)_Imputer(IterativeImputer(<class 'sklearn.linear_model._bayes.BayesianRidge'>)),Estim(RandomForestClassifier)_Imputer(IterativeImputer(<class 'xgboost.sklearn.XGBRegressor'>)),Estim(RandomForestClassifier)_Imputer(IterativeImputer(<class 'sklearn.ensemble._forest.RandomForestRegressor'>)),Estim(RandomForestClassifier)_Imputer(KNNImputer),Estim(<class 'new_base.ClassifierWithImputation'>)_Imputer(Identity)
0,0.09298387766389148,0.09957737430650017,0.1118764138987953,0.1017953573253737,0.11655121932679328,0.12114146883005075,0.12117506700525771,0.12472675176932417,0.11017246987401375
1,0.09734238283678956,0.11730415059326174,0.1225964055040795,0.13134756631944278,0.09721733987625558,0.11544707719939055,0.11799597495781576,0.09535669766137089,0.10539240505159353
2,0.09081514786574399,0.11222677161352905,0.1120529438499613,0.11511936143444665,0.09553252243139508,0.10303659127187188,0.11013825120155954,0.10622012212405439,0.15485828820743816
3,0.11044695400963643,0.12941078082385177,0.1279635160742318,0.11280827638771393,0.09177223554877555,0.11304552795932926,0.10696626385552976,0.09724868917008796,0.11033775617084346
4,0.1204714451684137,0.10376045661816138,0.11117466463829805,0.12981286303698497,0.1032134509055253,0.09771793389053865,0.10372221644075945,0.10369108878883865,0.12643588051248023
5,0.12280925158097546,0.11088915568691948,0.12645836308234523,0.11990880522275227,0.102008857592461,0.10555560893800062,0.09965816941724062,0.09781945989496629,0.11489232858433897
6,0.10620697132970457,0.10944912059726075,0.09943939675164994,0.13711601152372857,0.11216851165263536,0.10356551381249701,0.09959184621422279,0.12055826535776752,0.11190436276053378
7,0.11412199934382325,0.1061297071968119,0.11882666551138878,0.12245133098504038,0.10341421923446235,0.10101026589945988,0.10746976214117583,0.10287848026271625,0.12369756942512136
8,0.10534967676391481,0.11363556070586442,0.10578131036307943,0.13595479168661423,0.10332404159842905,0.10537551979015312,0.10576681449874523,0.1170465750465414,0.10776570954665829
9,0.12280925158097546,0.11088915568691948,0.12645836308234523,0.11990880522275227,0.102008857592461,0.10555560893800062,0.09965816941724062,0.09781945989496629,0.11489232858433897
10,0.11412544058859472,0.11484461836123853,0.11577739176117026,0.13728135535007457,0.09593155415984529,0.10695693509119392,0.0989178420824829,0.10681228382209754,0.10935257878330198
11,0.12302112421072904,0.08578960665641547,0.1255305635490819,0.11402607759792072,0.10936089066255644,0.09708361660443175,0.11049970610090716,0.10524818951941577,0.12944022509854158
12,0.09680041395945091,0.11144495063953913,0.12542879565513698,0.10463878885743735,0.10761557363872601,0.11942354091558965,0.12125960197217377,0.10612126640352004,0.10726706795842611
13,0.11020379619701402,0.1103584169209927,0.11983045003540221,0.13657273123422656,0.09994493969650378,0.09788064707535954,0.09994458772522076,0.10161566040198147,0.123648770713299
14,0.09081514786574399,0.11222677161352905,0.1120529438499613,0.11511936143444665,0.09553252243139508,0.10303659127187188,0.11013825120155954,0.10622012212405439,0.15485828820743816
15,0.10735629094406368,0.11803903008165406,0.11698503478343657,0.13025226556040034,0.08734394349399498,0.10777683942040976,0.10036911618074902,0.10232689363681595,0.1295505858984756
16,0.11948034204761451,0.09368610269182821,0.13046844585121287,0.09425831156764423,0.1104801222676247,0.10320331874551351,0.1277471651392161,0.10123820980255155,0.11943798188679443
17,0.1055909067433114,0.13462719487232833,0.0980004497735659,0.09776891402415833,0.1119082131002541,0.11819072042366056,0.10739519836014678,0.10453987668262996,0.12197852601994467
18,0.09378880807355035,0.10168215405476114,0.10184864993175177,0.13045363510108257,0.1112943435623189,0.10945880790572876,0.11121650321862082,0.12561239536862748,0.11464470278355794
19,0.10635102036871989,0.10685474465533364,0.10607173065353862,0.10623593098321804,0.12065503161778726,0.10671930672169737,0.10397804970802152,0.10875735376444712,0.13437683152723703
20,0.10840204758415635,0.10840298447170814,0.13461859013834668,0.1025720499474714,0.10697854577710494,0.10199185988191813,0.1265984959515271,0.10438755015434223,0.1060478760934251
21,0.10170294163536399,0.1252042345327127,0.09033639918738451,0.12371498733665458,0.1116073953164499,0.11186729756874136,0.09608514455523555,0.11450534529373929,0.12497625457371803
22,0.10620697132970457,0.10944912059726075,0.09943939675164994,0.13711601152372857,0.11216851165263536,0.10356551381249701,0.09959184621422279,0.12055826535776752,0.11190436276053378
23,0.1280761997583514,0.09296938078104378,0.1297683544106386,0.11483923584971761,0.10457351011988418,0.09698683339322556,0.1183558881070927,0.09695881530407127,0.11747178227597502
24,0.10209637262019053,0.1094156988637191,0.11879972807337559,0.13503620270172004,0.10083032345957588,0.1017258390156363,0.10131166066720453,0.10491993197740788,0.12586424262117007
25,0.09081514786574399,0.11222677161352905,0.1120529438499613,0.11511936143444665,0.09553252243139508,0.10303659127187188,0.11013825120155954,0.10622012212405439,0.15485828820743816
26,0.10159786164945758,0.1155101128528538,0.1253203546644064,0.13062345174515516,0.1014839958446016,0.10251445547841365,0.10319201853093177,0.10295512065629352,0.11680262857788636
27,0.09081514786574399,0.11222677161352905,0.1120529438499613,0.11511936143444665,0.09553252243139508,0.10303659127187188,0.11013825120155954,0.10622012212405439,0.15485828820743816
28,0.10534967676391481,0.11363556070586442,0.10578131036307943,0.13595479168661423,0.10332404159842905,0.10537551979015312,0.10576681449874523,0.1170465750465414,0.10776570954665829
29,0.12142162899134111,0.11808427851591588,0.10371423780051374,0.10982129585281176,0.10845286926302974,0.1044171423680892,0.10958433613274161,0.10407656165377414,0.12042764942178283
30,0.09081514786574399,0.11222677161352905,0.1120529438499613,0.11511936143444665,0.09553252243139508,0.10303659127187188,0.11013825120155954,0.10622012212405439,0.15485828820743816
31,0.12434859937554674,0.06590755810188675,0.12505746473139495,0.1250025860696731,0.11289145225832835,0.0861508462688081,0.11631703463760339,0.11546727156011014,0.12885718699664814
32,0.11948034204761451,0.09368610269182821,0.13046844585121287,0.09425831156764423,0.1104801222676247,0.10320331874551351,0.1277471651392161,0.10123820980255155,0.11943798188679443
33,0.10837909984315344,0.11150922275809552,0.13425135622433892,0.1026591360121504,0.10711507497105634,0.10666338929503033,0.12338217364799181,0.10458479824347032,0.10145574900471277
34,0.12434859937554674,0.06590755810188675,0.12505746473139495,0.1250025860696731,0.11289145225832835,0.0861508462688081,0.11631703463760339,0.11546727156011014,0.12885718699664814
35,0.12280925158097546,0.11088915568691948,0.12645836308234523,0.11990880522275227,0.102008857592461,0.10555560893800062,0.09965816941724062,0.09781945989496629,0.11489232858433897
36,0.09586475609129269,0.11783034899582119,0.11433803939761583,0.12160361354782366,0.09625804074605514,0.11895882904091175,0.11535626352367563,0.10393883710430675,0.11585127155249726
37,0.0852778522567722,0.10243419502831358,0.11040113369210725,0.1538311218375141,0.09406622132671177,0.11189131981732764,0.11916872400848172,0.11851237639024094,0.10441705564253075
38,0.09734238283678956,0.11730415059326174,0.1225964055040795,0.13134756631944278,0.09721733987625558,0.11544707719939055,0.11799597495781576,0.09535669766137089,0.10539240505159353
39,0.10170294163536399,0.1252042345327127,0.09033639918738451,0.12371498733665458,0.1116073953164499,0.11186729756874136,0.09608514455523555,0.11450534529373929,0.12497625457371803
40,0.1071742630442191,0.10310306008629766,0.12755197537680496,0.1227103839491207,0.10573585944348306,0.10097275806747541,0.111710482796344,0.10434631835000062,0.11669489888625453
41,0.10159786164945758,0.1155101128528538,0.1253203546644064,0.13062345174515516,0.1014839958446016,0.10251445547841365,0.10319201853093177,0.10295512065629352,0.11680262857788636
42,0.10844901885421737,0.09758510891646993,0.12918941472041529,0.10588151255664438,0.112737526503382,0.10377105496199673,0.12480799033549254,0.11449018980542117,0.10308818334596029
43,0.10209637262019053,0.1094156988637191,0.11879972807337559,0.13503620270172004,0.10083032345957588,0.1017258390156363,0.10131166066720453,0.10491993197740788,0.12586424262117007
44,0.10170294163536399,0.1252042345327127,0.09033639918738451,0.12371498733665458,0.1116073953164499,0.11186729756874136,0.09608514455523555,0.11450534529373929,0.12497625457371803
45,0.12416724308531144,0.11163223174616807,0.0979115567414597,0.12488679093974007,0.10610230808468461,0.10580544198369432,0.101637268140728,0.1090559080953523,0.11880125118286153
46,0.12302112421072904,0.08578960665641547,0.1255305635490819,0.11402607759792072,0.10936089066255644,0.09708361660443175,0.11049970610090716,0.10524818951941577,0.12944022509854158
47,0.09984493548044097,0.10855074135268561,0.12690940591342748,0.09802228098500924,0.11112160666315768,0.11604326210689428,0.11953674119243772,0.1114081732756545,0.10856285303029245
48,0.10837909984315344,0.11150922275809552,0.13425135622433892,0.1026591360121504,0.10711507497105634,0.10666338929503033,0.12338217364799181,0.10458479824347032,0.10145574900471277
49,0.11527271424092105,0.09936422118902094,0.12218774449379052,0.1109893674045247,0.10926811966208305,0.1085856353951243,0.10625723577802083,0.09981770323875999,0.12825725859775478
50,0.10840204758415635,0.10840298447170814,0.13461859013834668,0.1025720499474714,0.10697854577710494,0.10199185988191813,0.1265984959515271,0.10438755015434223,0.1060478760934251
51,0.09489613402030043,0.10279017440798364,0.11659523329806797,0.11098120277451987,0.10625083674679385,0.09934216038573959,0.11283499069498261,0.10887285097994841,0.14743641669166363
52,0.09917159987542457,0.09419939643207782,0.09388218548604346,0.12095882835273092,0.12465832488425296,0.1074438204370433,0.11000874867783,0.12376167595969173,0.12591541989490526
53,0.11032990477282947,0.11773856765894186,0.11783308570846299,0.08577422349465473,0.11385069854997179,0.1162658352163733,0.12025680015018461,0.10194587333869803,0.11600501110988314
54,0.10159786164945758,0.1155101128528538,0.1253203546644064,0.13062345174515516,0.1014839958446016,0.10251445547841365,0.10319201853093177,0.10295512065629352,0.11680262857788636
55,0.12142162899134111,0.11808427851591588,0.10371423780051374,0.10982129585281176,0.10845286926302974,0.1044171423680892,0.10958433613274161,0.10407656165377414,0.12042764942178283
56,0.09081514786574399,0.11222677161352905,0.1120529438499613,0.11511936143444665,0.09553252243139508,0.10303659127187188,0.11013825120155954,0.10622012212405439,0.15485828820743816
57,0.10837909984315344,0.11150922275809552,0.13425135622433892,0.1026591360121504,0.10711507497105634,0.10666338929503033,0.12338217364799181,0.10458479824347032,0.10145574900471277
58,0.1119017510636522,0.12070488206908017,0.10982636584643664,0.10270839028088319,0.10900967557761797,0.10523292705175594,0.11467705699393413,0.1024446079515259,0.12349434316511394
59,0.10170294163536399,0.1252042345327127,0.09033639918738451,0.12371498733665458,0.1116073953164499,0.11186729756874136,0.09608514455523555,0.11450534529373929,0.12497625457371803
0,0.12416305935879118,0.12606619680594483,0.10611332617722977,0.11382887776264622,0.10275196915679533,0.10795714770900552,0.107846912938334,0.09820616395363167,0.1130663461376217
1,0.09643054700043127,0.1294663834408113,0.11799262916894376,0.0914891090312569,0.10672022394155578,0.12798756363735952,0.11280914125156241,0.10957287865335291,0.10753152387472659
2,0.09680196047373012,0.1307914185838742,0.12937495892463471,0.11549965241966899,0.1006782570807414,0.10732647795087338,0.11087389093881106,0.10287748902873584,0.10577589459893041
3,0.1336174956858112,0.11385273464740699,0.0889148788126839,0.11601011445646876,0.11496261445841269,0.11055754933328321,0.09393650077919666,0.11386720257569279,0.11428090925104356
4,0.12066149203201111,0.11987799378567024,0.11629530866345703,0.11866232210657737,0.10020591477366984,0.10661545847268959,0.10647126522512543,0.09889258840389772,0.11231765653690164
5,0.11340031123715705,0.13648305163245555,0.10429886033155306,0.10995525475863994,0.10369324332615396,0.11772428578806594,0.10159641289677224,0.09650094469698033,0.11634763533222216
6,0.1137506698801539,0.12015801346664866,0.12512459357663794,0.10759584406287305,0.10477844405825928,0.1150886923140473,0.1141899364075979,0.09862118660087163,0.10069261963291012
7,0.1268524701370776,0.12649771700275803,0.12703160324620502,0.10098752371410627,0.09757044512786867,0.11035828604032019,0.10910659668285708,0.09226489926888293,0.10933045877992376
8,0.14704026069352943,0.11451707351109555,0.08633148718776616,0.11068133626438009,0.11920821932348215,0.10876697686348444,0.09279838365125498,0.11059657661679421,0.11005968588821298
9,0.09905964550912126,0.09368725002938809,0.1112957802583081,0.12426603698781677,0.11839959695600182,0.11021710724168043,0.111111857991426,0.11887437644775944,0.11308834857849819
10,0.10311911971719523,0.11076647191741135,0.11301929654876117,0.11781396978598764,0.11732121367069694,0.11235475366407285,0.11114039370960788,0.11328934429251451,0.1011754366937523
11,0.1137506698801539,0.12015801346664866,0.12512459357663794,0.10759584406287305,0.10477844405825928,0.1150886923140473,0.1141899364075979,0.09862118660087163,0.10069261963291012
12,0.10777538868306016,0.13631937995293897,0.12070265378728556,0.09929313206544897,0.09878016295054763,0.11785587545787815,0.107605493135377,0.10234140281641439,0.10932651115104906
13,0.1137506698801539,0.12015801346664866,0.12512459357663794,0.10759584406287305,0.10477844405825928,0.1150886923140473,0.1141899364075979,0.09862118660087163,0.10069261963291012
14,0.12066149203201111,0.11987799378567024,0.11629530866345703,0.11866232210657737,0.10020591477366984,0.10661545847268959,0.10647126522512543,0.09889258840389772,0.11231765653690164
15,0.09643054700043127,0.1294663834408113,0.11799262916894376,0.0914891090312569,0.10672022394155578,0.12798756363735952,0.11280914125156241,0.10957287865335291,0.10753152387472659
16,0.12805287659732628,0.1321176608745017,0.12693504508561532,0.09691013043966226,0.09951573236613406,0.1086722014572466,0.11490528195915582,0.09327164110830737,0.09961943011205072
17,0.12383168078510146,0.1237127363810883,0.12464124161002867,0.12023248427407421,0.09703801573844398,0.10191109932122756,0.10363503974666047,0.09433041022575757,0.11066729191761812
18,0.1272214309388501,0.11230504305310458,0.08302658158973407,0.08938046382179501,0.11954477927387984,0.12441308050913495,0.09967582684700393,0.10784536411704933,0.1365874298494478
19,0.1378966256182168,0.14106229895342517,0.10488166504036711,0.09188486734942367,0.10990500829177774,0.12015006238725062,0.1023236262916916,0.09648950783671716,0.09540633823113012
20,0.10311911971719523,0.11076647191741135,0.11301929654876117,0.11781396978598764,0.11732121367069694,0.11235475366407285,0.11114039370960788,0.11328934429251451,0.1011754366937523
21,0.13031290703722517,0.12962324455897958,0.13004550607325532,0.10669478427778364,0.09751880051401637,0.10859383447228871,0.10779251212580673,0.08821897155522944,0.10119943938541516
22,0.1272214309388501,0.11230504305310458,0.08302658158973407,0.08938046382179501,0.11954477927387984,0.12441308050913495,0.09967582684700393,0.10784536411704933,0.1365874298494478
23,0.12378882554705606,0.1250159154804625,0.1236921331504477,0.1240084987112784,0.1005088297821883,0.10309565378161532,0.10289927576868807,0.09817426300166329,0.09881660477660055
24,0.1378966256182168,0.14106229895342517,0.10488166504036711,0.09188486734942367,0.10990500829177774,0.12015006238725062,0.1023236262916916,0.09648950783671716,0.09540633823113012
25,0.11188851811334656,0.1411286077041915,0.11467417833599299,0.09805939697980132,0.10221601002667594,0.12146428221813788,0.10432314885844642,0.10025856453167732,0.10598729323173024
26,0.10311911971719523,0.11076647191741135,0.11301929654876117,0.11781396978598764,0.11732121367069694,0.11235475366407285,0.11114039370960788,0.11328934429251451,0.1011754366937523
27,0.12805287659732628,0.1321176608745017,0.12693504508561532,0.09691013043966226,0.09951573236613406,0.1086722014572466,0.11490528195915582,0.09327164110830737,0.09961943011205072
28,0.10311911971719523,0.11076647191741135,0.11301929654876117,0.11781396978598764,0.11732121367069694,0.11235475366407285,0.11114039370960788,0.11328934429251451,0.1011754366937523
29,0.12331721044938407,0.12280562753406575,0.12399917569091286,0.11368283873264452,0.09956399633427766,0.10322702496479118,0.10301064389575901,0.0957103267250355,0.11468315567312912
30,0.12805287659732628,0.1321176608745017,0.12693504508561532,0.09691013043966226,0.09951573236613406,0.1086722014572466,0.11490528195915582,0.09327164110830737,0.09961943011205072
31,0.1082680107028747,0.12484644590309144,0.1335037082405783,0.10013531214404787,0.10039947248118766,0.11189398837681881,0.11136304591348113,0.10304682861396879,0.10654318762395139
32,0.12849657543707493,0.13200248311117926,0.12717336639051915,0.10064482595670894,0.1019977346946972,0.10880867002425373,0.1144595658744647,0.09567779969096757,0.09073897882013474
33,0.11478997544248681,0.1308032829064446,0.10236687804725057,0.12352081759443902,0.09708523869241269,0.11652861005626222,0.10067993473985855,0.10267143411755926,0.11155382840328618
34,0.11633157343229338,0.1273768357745906,0.10416901692965826,0.12142780662651832,0.10471013718059491,0.10421079042360795,0.09703703645048423,0.10520947699827422,0.11952732618397802
35,0.1083383021145796,0.11255995001424966,0.10914882553500453,0.12163837703902844,0.10184426547240563,0.10670875905990178,0.10116683335611273,0.10326735442059472,0.13532733298812308
36,0.09643054700043127,0.1294663834408113,0.11799262916894376,0.0914891090312569,0.10672022394155578,0.12798756363735952,0.11280914125156241,0.10957287865335291,0.10753152387472659
37,0.12604630007786333,0.1273373160473152,0.11599204103715141,0.11475328340785806,0.10075614825687045,0.1037436914149367,0.09649082727250126,0.09567210067189538,0.11920829181360829
38,0.13780824931211688,0.11312931043136014,0.10272882597426969,0.10867530140841049,0.11198373712506914,0.10723726885739185,0.10332564136657983,0.11027919433841098,0.10483247118639107
39,0.09680196047373012,0.1307914185838742,0.12937495892463471,0.11549965241966899,0.1006782570807414,0.10732647795087338,0.11087389093881106,0.10287748902873584,0.10577589459893041
40,0.10845287410878103,0.10318061671307698,0.0992387043930716,0.1312282375081823,0.10269278016493379,0.10572679431881446,0.09413457425757799,0.10813043809294909,0.14721498044261272
41,0.1092975479905118,0.11381090242776967,0.12073162254785295,0.12841094529150057,0.10362862633540942,0.10782453216243426,0.11085432811119386,0.1114001777787959,0.09404131735453183
42,0.12730810294882952,0.1166057773435215,0.12919866004537314,0.10633608788922239,0.10183241639612216,0.09954758208385527,0.11024545831521436,0.0966881260126116,0.11223778896525038
43,0.13537549264691,0.1393492034439817,0.10731709907516657,0.09973841396671412,0.10992403372175555,0.11840975070135416,0.104134546496809,0.09624426112665883,0.08950719882065025
44,0.10923926557088685,0.1383222357499179,0.11963068749481826,0.09750789799992111,0.10094353396010089,0.11680999782169883,0.1065559294972856,0.10205598682717608,0.1089344650781947
45,0.10041122833000868,0.13170465382058652,0.12041528341990686,0.12289568424366581,0.09636281641259198,0.11233610390495055,0.1087454077350695,0.10202523855184144,0.10510358358137833
46,0.11430423248877594,0.12198088442357354,0.12554501480351446,0.09372102108398035,0.10197470004217565,0.12459503006974416,0.12262382592861115,0.0978899938897682,0.09736529726985656
47,0.10352853065650969,0.11504467178663157,0.10153426431608477,0.09554213804552457,0.11052154563171207,0.124075197342319,0.10537367612170985,0.1058047059356586,0.13857527016385002
48,0.11204872754385967,0.1191288414143682,0.12476068997083271,0.10903889277700145,0.10306124617083542,0.11471827985029279,0.11328869061556793,0.09964750154557533,0.10430713011166672
49,0.09680196047373012,0.1307914185838742,0.12937495892463471,0.11549965241966899,0.1006782570807414,0.10732647795087338,0.11087389093881106,0.10287748902873584,0.10577589459893041
50,0.09643054700043127,0.1294663834408113,0.11799262916894376,0.0914891090312569,0.10672022394155578,0.12798756363735952,0.11280914125156241,0.10957287865335291,0.10753152387472659
51,0.12331721044938407,0.12280562753406575,0.12399917569091286,0.11368283873264452,0.09956399633427766,0.10322702496479118,0.10301064389575901,0.0957103267250355,0.11468315567312912
52,0.11004442392360363,0.12948423509110804,0.12613732827570384,0.11457508069100023,0.09979933748972476,0.10548309883614997,0.10556797517457542,0.09625660074342089,0.11265191977471334
53,0.12467952344662803,0.12462966123068478,0.11530763209135746,0.11561673648338666,0.10157881518083517,0.10216468916989024,0.09809329363491481,0.09643763397550947,0.12149201478679371
54,0.09680196047373012,0.1307914185838742,0.12937495892463471,0.11549965241966899,0.1006782570807414,0.10732647795087338,0.11087389093881106,0.10287748902873584,0.10577589459893041
55,0.09680196047373012,0.1307914185838742,0.12937495892463471,0.11549965241966899,0.1006782570807414,0.10732647795087338,0.11087389093881106,0.10287748902873584,0.10577589459893041
56,0.1378966256182168,0.14106229895342517,0.10488166504036711,0.09188486734942367,0.10990500829177774,0.12015006238725062,0.1023236262916916,0.09648950783671716,0.09540633823113012
57,0.09643054700043127,0.1294663834408113,0.11799262916894376,0.0914891090312569,0.10672022394155578,0.12798756363735952,0.11280914125156241,0.10957287865335291,0.10753152387472659
58,0.12291445288867567,0.12328586369796338,0.12400730678636725,0.12324607901372535,0.1009021637333622,0.10103326214531706,0.10107301431938846,0.09844558895223816,0.10509226846296234
59,0.10308828249643336,0.12817933097842862,0.1269077744762786,0.11874006463557575,0.1012222838804289,0.10654749014247467,0.10770946780156664,0.10118189148106592,0.1064234141077475
0,0.10118706841771216,0.10568003875193928,0.1268148719434861,0.08388147913910247,0.11350588691702071,0.11886385089804158,0.12683194575533807,0.10977757032379357,0.11345728785356625
1,0.11463575758189415,0.10092313819895374,0.12843132784525046,0.09102658901977205,0.11768462043387502,0.11302616128314034,0.13102332026647584,0.11009594450568617,0.09315314086495277
2,0.12474046515394072,0.10150488314112749,0.11533335764920874,0.12245666213126566,0.10741769426854743,0.10243938802668018,0.10585708553611112,0.10832675285841646,0.11192371123470213
3,0.11971069264851558,0.08909144967081378,0.12766908203051022,0.1265244989047165,0.10004682789839542,0.10094343376172898,0.11351038467369456,0.10492632092507907,0.1175773094865461
4,0.13402238787448273,0.11101637155604656,0.10053171111570543,0.11714313474508124,0.11196714969886307,0.10652087076006209,0.10659921296390676,0.10171703755735705,0.1104821237284951
5,0.11170527371533327,0.12099205996454773,0.12476218861440296,0.11458074100096521,0.09351288312153833,0.10722336707243962,0.10650159954430856,0.09454698320692291,0.1261749037595415
6,0.11527794706738761,0.10238137451350993,0.10228136631630759,0.10629523165772033,0.11218369106751674,0.11360286083501152,0.10882390786614625,0.11403084672843536,0.12512277394796456
7,0.12537785167597093,0.11579140641086073,0.10470313980101649,0.10952216375228374,0.11044373286518744,0.11041628794231179,0.10902629592815746,0.10465728903006323,0.11006183259414805
8,0.13665462553994678,0.08412390245419746,0.11449112781371272,0.09693401254112424,0.12925186943046904,0.11207795018553889,0.12433179645372294,0.10874304166409487,0.09339167391719279
9,0.12148406268082125,0.13077364395099522,0.12906095277372212,0.1070281549447028,0.09370719398966068,0.10556174235288285,0.11435633471456341,0.08539703102945924,0.11263088356319256
10,0.12148406268082125,0.13077364395099522,0.12906095277372212,0.1070281549447028,0.09370719398966068,0.10556174235288285,0.11435633471456341,0.08539703102945924,0.11263088356319256
11,0.11924273056483682,0.09595741658916927,0.1258664326752117,0.10661185023891054,0.11254264963547632,0.11274427378798514,0.11912014533892819,0.10679868362086253,0.10111581754861965
12,0.12118691971671135,0.11247848708839905,0.11114465933584919,0.11210996866723455,0.1045807728252908,0.11067526182101757,0.10758985375781821,0.10612515351741772,0.11410892327026136
13,0.14191463115964442,0.08676815976256358,0.1216484227721428,0.10329887693916019,0.11672292058190574,0.10026418888442544,0.12349854889401977,0.1057840354575583,0.10010021554857983
14,0.13402238787448273,0.11101637155604656,0.10053171111570543,0.11714313474508124,0.11196714969886307,0.10652087076006209,0.10659921296390676,0.10171703755735705,0.1104821237284951
15,0.11170527371533327,0.12099205996454773,0.12476218861440296,0.11458074100096521,0.09351288312153833,0.10722336707243962,0.10650159954430856,0.09454698320692291,0.1261749037595415
16,0.12199348344877409,0.12770382707859354,0.11932416853485331,0.12083977940310664,0.10095589097079874,0.11119252838415745,0.10580803790815221,0.09784364735898995,0.09433863691257394
17,0.1254001829343493,0.12556218371286199,0.12622432450324625,0.10974324512515292,0.10095970900893857,0.10918884854839292,0.11058113900559925,0.08852429236106807,0.10381607480039087
18,0.12062171307156191,0.11463044549094192,0.11984285039703946,0.11905377244534238,0.09946944249952962,0.09930533894521808,0.10285978058240992,0.0998658455471181,0.12435081102083857
19,0.10559245843411155,0.11084752663503007,0.13656373581703973,0.09583227612378858,0.10040731134861579,0.1131417515381118,0.11992433322976212,0.10367290871348853,0.11401769816005208
20,0.10608981471674511,0.12001534635641088,0.12030625375363234,0.11975964874930649,0.09783903895428255,0.10501838928058861,0.1066055410819139,0.10352680624275032,0.12083916086436948
21,0.13859711045347337,0.11386087578405629,0.09944168729094884,0.09587022170095873,0.11589879960618626,0.11200843527667897,0.10758554775019734,0.09961768378039067,0.11711963835710947
22,0.1254001829343493,0.12556218371286199,0.12622432450324625,0.10974324512515292,0.10095970900893857,0.10918884854839292,0.11058113900559925,0.08852429236106807,0.10381607480039087
23,0.12148406268082125,0.13077364395099522,0.12906095277372212,0.1070281549447028,0.09370719398966068,0.10556174235288285,0.11435633471456341,0.08539703102945924,0.11263088356319256
24,0.11382182242021513,0.10437755837415649,0.11843400770076355,0.11789087693990834,0.10476939496127691,0.11004116486540434,0.11083544098252464,0.10754193067887415,0.11228780307687664
25,0.10282023559214173,0.09569205494934732,0.11110008197405061,0.09856976931275456,0.11238686028519528,0.11058539972415943,0.11504177366632151,0.10823481345719656,0.14556901103883316
26,0.11593244393060098,0.1021724009803726,0.1314318296999048,0.09792661611461857,0.11753336753559103,0.1110127604585691,0.11937658596020981,0.10163919848685891,0.10297479683327405
27,0.1080448936533492,0.09464070616736794,0.12171035394916627,0.09430764074379737,0.12630296133966118,0.11747092537141875,0.12273101977140141,0.11687519676452754,0.09791630223931001
28,0.11913466611545992,0.10933147012536855,0.10938345798927439,0.11188863130678535,0.10825329095517759,0.10985866908108788,0.10855052181419433,0.1110304646409797,0.1125688279716727
29,0.10373159242264911,0.11252758619791808,0.10718562344563054,0.10517926829995537,0.1062249979248984,0.10806363057597548,0.11730607168244218,0.10566332226105384,0.13411790718947683
30,0.11194062618019854,0.09408769554159964,0.11836882948995807,0.1008546518152111,0.1093384016477229,0.1074228146215306,0.10591018753365404,0.10359168012427984,0.14848511304584516
31,0.11924273056483682,0.09595741658916927,0.1258664326752117,0.10661185023891054,0.11254264963547632,0.11274427378798514,0.11912014533892819,0.10679868362086253,0.10111581754861965
32,0.12118691971671135,0.11247848708839905,0.11114465933584919,0.11210996866723455,0.1045807728252908,0.11067526182101757,0.10758985375781821,0.10612515351741772,0.11410892327026136
33,0.11527794706738761,0.10238137451350993,0.10228136631630759,0.10629523165772033,0.11218369106751674,0.11360286083501152,0.10882390786614625,0.11403084672843536,0.12512277394796456
34,0.12118691971671135,0.11247848708839905,0.11114465933584919,0.11210996866723455,0.1045807728252908,0.11067526182101757,0.10758985375781821,0.10612515351741772,0.11410892327026136
35,0.12880306285720033,0.11464625767277647,0.12033243444885532,0.08880816113467997,0.10797181917776894,0.11361542240621456,0.1120752604429977,0.0964707174852928,0.11727686437421382
36,0.10196735586620062,0.097783767560268,0.16376724250099595,0.0950227866022613,0.10870628904161243,0.10703471956276916,0.13196040949089935,0.10038432514464679,0.09337310423034645
37,0.1268708652759198,0.10032955124625678,0.11599971155397844,0.12401469304435944,0.10523164086915224,0.10099363903410306,0.10318580044287552,0.10555775948265733,0.11781633905069738
38,0.12118691971671135,0.11247848708839905,0.11114465933584919,0.11210996866723455,0.1045807728252908,0.11067526182101757,0.10758985375781821,0.10612515351741772,0.11410892327026136
39,0.11838205510094126,0.1065883127145531,0.13706844167636614,0.11353149849707976,0.09416819000771948,0.10156289691200626,0.1185525752402732,0.09092291276299388,0.11922311708806693
40,0.09149413939019369,0.0946149207819986,0.12262788662082653,0.0945676811825308,0.12037365057075632,0.1227367692047093,0.13230149678017925,0.12407696430671877,0.0972064911620866
41,0.12148406268082125,0.13077364395099522,0.12906095277372212,0.1070281549447028,0.09370719398966068,0.10556174235288285,0.11435633471456341,0.08539703102945924,0.11263088356319256
42,0.11642405008161202,0.12221418725171096,0.11053447141458501,0.12387637106615357,0.0979435752153356,0.10586072753655816,0.10653062143160924,0.10109959058594141,0.1155164054164941
43,0.10196735586620058,0.09778376756026796,0.16376724250099586,0.09502278660226125,0.10870628904161238,0.10703471956276911,0.1319604094908993,0.10038432514464675,0.09337310423034641
44,0.11649455182296112,0.11870101586929871,0.12356325667941027,0.1140569404913102,0.09682041597765925,0.10639462419277498,0.10857159745441525,0.09450105123730192,0.1208965462748681
45,0.11626944397795512,0.09711805211928881,0.14067375962126633,0.1085290512976768,0.10150767904957975,0.09784797261989708,0.11460150170463003,0.10283556492949145,0.12061697468021472
46,0.12199348344877409,0.12770382707859354,0.11932416853485331,0.12083977940310664,0.10095589097079874,0.11119252838415745,0.10580803790815221,0.09784364735898995,0.09433863691257394
47,0.12870381599718617,0.10030956235107896,0.11554791201687557,0.11553873404985875,0.10179592689949095,0.1009769496232596,0.10369490174661077,0.10290548892034322,0.13052670839529587
48,0.12870381599718617,0.10030956235107896,0.11554791201687557,0.11553873404985875,0.10179592689949095,0.1009769496232596,0.10369490174661077,0.10290548892034322,0.13052670839529587
49,0.11706567142785217,0.12461059024566846,0.12578472552274556,0.11224676654690816,0.09683222095924057,0.11092988482759628,0.11111568626474362,0.09143868180400054,0.10997577240124447
50,0.11194062618019854,0.09408769554159964,0.11836882948995807,0.1008546518152111,0.1093384016477229,0.1074228146215306,0.10591018753365404,0.10359168012427984,0.14848511304584516
51,0.10976318596048848,0.10216581233446162,0.1146727508946511,0.12457945406817525,0.10720679091944897,0.10608030256309703,0.10796398829141135,0.11455499235870928,0.11301272260955658
52,0.12870381599718617,0.10030956235107896,0.11554791201687557,0.11553873404985875,0.10179592689949095,0.1009769496232596,0.10369490174661077,0.10290548892034322,0.13052670839529587
53,0.11382182242021513,0.10437755837415649,0.11843400770076355,0.11789087693990834,0.10476939496127691,0.11004116486540434,0.11083544098252464,0.10754193067887415,0.11228780307687664
54,0.11527794706738761,0.10238137451350993,0.10228136631630759,0.10629523165772033,0.11218369106751674,0.11360286083501152,0.10882390786614625,0.11403084672843536,0.12512277394796456
55,0.1222226932659225,0.09789424664786475,0.12976918595719572,0.09205492360215997,0.11767722127891922,0.11401749116600161,0.12479769418730924,0.09983690295568161,0.10172964093894529
56,0.1254001829343493,0.12556218371286199,0.12622432450324625,0.10974324512515292,0.10095970900893857,0.10918884854839292,0.11058113900559925,0.08852429236106807,0.10381607480039087
57,0.11494998419479811,0.11263737849087416,0.1262538735160315,0.10361049655547738,0.10401626149715945,0.10569964661872312,0.10484900389059267,0.09915480934000352,0.12882854589633985
58,0.13859711045347337,0.11386087578405629,0.09944168729094884,0.09587022170095873,0.11589879960618626,0.11200843527667897,0.10758554775019734,0.09961768378039067,0.11711963835710947
0,0.09453009824964952,0.10408075479088566,0.09540846628816035,0.10706756166051641,0.11827929460019677,0.12323127030830354,0.11534372021923153,0.11576345246880301,0.12629538141425353
1,0.1116899455111636,0.1404892954781169,0.11131045470046273,0.10231318401677947,0.10399615654121175,0.11198223383591409,0.10670804587625446,0.10172426008646253,0.10978642395363447
2,0.09867191193201175,0.12774999457639197,0.12789873496026188,0.11804154951190429,0.10355979852584843,0.10661995774154116,0.1080486314700376,0.10540780189045283,0.10400161939155006
3,0.11166388095803437,0.11456552831438534,0.13563161905959298,0.10951583555574514,0.10820426351047464,0.10827207700160747,0.10733506218753527,0.10449212641596106,0.100319606996664
4,0.11410708355151362,0.11121228315732716,0.11271884703464832,0.11860954734354162,0.10420464001823361,0.10948614623958461,0.10742365035693638,0.10407740870497315,0.11816039359324165
5,0.13190264218050843,0.11896519512200787,0.10395265347969822,0.12811684953851715,0.10631349001261489,0.0955109543065993,0.09929430894605973,0.10231733577390459,0.11362657064008999
6,0.09790638222095778,0.12891463480822934,0.13367302812294973,0.10038420460154736,0.10325309350350154,0.11110098228889391,0.11503307467796789,0.1026783965605448,0.10705620321540754
7,0.11095555124125593,0.11303544080081378,0.10696623906739366,0.132920255475238,0.10765725862080358,0.10446388967439796,0.09531663575753961,0.110129857175406,0.1185548721871514
8,0.11026374718187754,0.10086771318854294,0.10604266574082828,0.12609207178552076,0.11688911901260843,0.10540832301699991,0.1059815367669933,0.12532025966510452,0.1031345636415244
9,0.09727418071810702,0.09650007729427997,0.10779808152204214,0.1218365867736615,0.11272610365301255,0.11581721221903558,0.1163001260408486,0.11637472677289562,0.11537290500611715
10,0.09790638222095778,0.12891463480822934,0.13367302812294973,0.10038420460154736,0.10325309350350154,0.11110098228889391,0.11503307467796789,0.1026783965605448,0.10705620321540754
11,0.11410708355151362,0.11121228315732716,0.11271884703464832,0.11860954734354162,0.10420464001823361,0.10948614623958461,0.10742365035693638,0.10407740870497315,0.11816039359324165
12,0.10913682255286072,0.10896663187372127,0.11947316805991888,0.12210947522052534,0.10542970772347841,0.11162287424163898,0.106544286152508,0.11008872207449734,0.10662831210085107
13,0.11336627199005,0.11401907559401535,0.11728425642709848,0.11338278015063338,0.10678533415018966,0.1055522854143482,0.10591357739206651,0.10780172082844411,0.11589469805315418
14,0.11082820555643746,0.10849189184460976,0.11795712331438997,0.11541043968689553,0.10555380475823808,0.10865743259100355,0.10979637193140714,0.10321164931494053,0.12009308100207801
15,0.11336627199005,0.11401907559401535,0.11728425642709848,0.11338278015063338,0.10678533415018966,0.1055522854143482,0.10591357739206651,0.10780172082844411,0.11589469805315418
16,0.12419780697734019,0.11124113808331679,0.12694462252622066,0.11599642074707206,0.1057371824645899,0.09528666562983681,0.10702942082090193,0.10688315615067231,0.10668358660004931
17,0.11837097910024491,0.10962655284163345,0.12554457291244775,0.11246694241406144,0.10550121631587372,0.09932460035476157,0.11024461028969591,0.1067570448848735,0.11216348088640815
18,0.12294393988986425,0.12044222449011477,0.1350685630555797,0.09165321657047901,0.11089042917791492,0.10353389567932515,0.10762730046027072,0.09863970356497048,0.10920072711148099
19,0.12184495723007217,0.11682206939255277,0.11196840399734538,0.12449800195357968,0.11757014173912049,0.10902182790274961,0.10841025708817595,0.1044664558320204,0.08539788486438378
20,0.11837097910024491,0.10962655284163345,0.12554457291244775,0.11246694241406144,0.10550121631587372,0.09932460035476157,0.11024461028969591,0.1067570448848735,0.11216348088640815
21,0.11336627199005,0.11401907559401535,0.11728425642709848,0.11338278015063338,0.10678533415018966,0.1055522854143482,0.10591357739206651,0.10780172082844411,0.11589469805315418
22,0.12910423166294807,0.10773463339134824,0.10016473704893968,0.12444635114592593,0.10786504233905052,0.10071566060541139,0.10617705500018396,0.1072137829827237,0.11657850582346864
23,0.11410708355151362,0.11121228315732716,0.11271884703464832,0.11860954734354162,0.10420464001823361,0.10948614623958461,0.10742365035693638,0.10407740870497315,0.11816039359324165
24,0.12879004850633957,0.10206681156914335,0.13014949096732012,0.10290908872578494,0.11571484623715501,0.1022071402493485,0.11222090893684764,0.10919280131591065,0.09674886349215003
25,0.11235306421664149,0.1262756005435565,0.1260699118725926,0.12279716336291485,0.09869084673921882,0.09852344285856203,0.10357466859397901,0.10432060516845443,0.10739469664408026
26,0.11403660044624256,0.13226006670128815,0.11222773667754848,0.10899925589383612,0.10606736349140106,0.10664157720848097,0.10778858749375268,0.10597183925475569,0.10600697283269404
27,0.12419780697734019,0.11124113808331679,0.12694462252622066,0.11599642074707206,0.1057371824645899,0.09528666562983681,0.10702942082090193,0.10688315615067231,0.10668358660004931
28,0.09999025673039627,0.12262574922061738,0.11594474222365714,0.12233863263640181,0.1112915356767276,0.11083806641836146,0.10925252634488462,0.11361355182642621,0.09410493892252772
29,0.13138774800609268,0.10712458093366649,0.1032939323687496,0.12390406433655972,0.10844956378047363,0.10134688426076142,0.10090428096619465,0.10716877741036507,0.11642016793713665
30,0.09790638222095778,0.12891463480822934,0.13367302812294973,0.10038420460154736,0.10325309350350154,0.11110098228889391,0.11503307467796789,0.1026783965605448,0.10705620321540754
31,0.11736211187622517,0.09304465908258733,0.08987066755771275,0.1332261570305967,0.11987465825090987,0.10248159960935198,0.10536163464586032,0.13138138553967466,0.10739712640708143
32,0.12150912390006864,0.11093636901270465,0.126528921594019,0.1162418506025061,0.10701065673591237,0.1005345178789603,0.1120699539171073,0.10614644198160282,0.09902216437711911
33,0.10916760983971811,0.10938822375547691,0.11226344511405219,0.10711144601369434,0.11178866318505594,0.10959059120385971,0.11501851445559931,0.10676352759693061,0.11890797883561285
34,0.10705743910022619,0.1244143267724687,0.12465098102238079,0.11903351297403011,0.09844807406438524,0.10267504279251585,0.10666166534031923,0.10417367572951955,0.11288528220415414
35,0.10474680610177983,0.11225702443073345,0.10749496162447776,0.10636248528604189,0.11135572891776613,0.11571175300795124,0.1097810194233582,0.10636444749591081,0.12592577371198094
36,0.12184495723007217,0.11682206939255277,0.11196840399734538,0.12449800195357968,0.11757014173912043,0.10902182790274961,0.10841025708817595,0.1044664558320204,0.08539788486438378
