,Estim(XGBClassifier)_Imputer(IterativeImputer(<class 'sklearn.linear_model._bayes.BayesianRidge'>)),Estim(XGBClassifier)_Imputer(IterativeImputer(<class 'xgboost.sklearn.XGBRegressor'>)),Estim(XGBClassifier)_Imputer(IterativeImputer(<class 'sklearn.ensemble._forest.RandomForestRegressor'>)),Estim(XGBClassifier)_Imputer(KNNImputer),Estim(RandomForestClassifier)_Imputer(IterativeImputer(<class 'sklearn.linear_model._bayes.BayesianRidge'>)),Estim(RandomForestClassifier)_Imputer(IterativeImputer(<class 'xgboost.sklearn.XGBRegressor'>)),Estim(RandomForestClassifier)_Imputer(IterativeImputer(<class 'sklearn.ensemble._forest.RandomForestRegressor'>)),Estim(RandomForestClassifier)_Imputer(KNNImputer),Estim(<class 'new_base.ClassifierWithImputation'>)_Imputer(Identity)
0,0.12696428581444022,0.12417552048890321,0.12584618289958938,0.11661524208499048,0.09622185629210425,0.1010382300926412,0.09650067151156862,0.09772321693919729,0.11491479387656527
1,0.10683515883271211,0.12242992341914818,0.11536757759846905,0.12263107690866798,0.10009002550099615,0.10390102028668906,0.11084697912440762,0.10107453338963947,0.11682370493927037
2,0.10683515883271211,0.12242992341914818,0.11536757759846905,0.12263107690866798,0.10009002550099615,0.10390102028668906,0.11084697912440762,0.10107453338963947,0.11682370493927037
3,0.0961912059222847,0.1340667505788181,0.1127956033107181,0.11673613019773454,0.09906772175426724,0.11470989919520509,0.10589247537374023,0.11245060116635175,0.10808961250088067
4,0.0961912059222847,0.1340667505788181,0.1127956033107181,0.11673613019773454,0.09906772175426724,0.11470989919520509,0.10589247537374023,0.11245060116635175,0.10808961250088067
5,0.11042148705879659,0.11442433453716569,0.11326982851142661,0.11568133309469507,0.10216460681199016,0.11478275767133475,0.11172529969492363,0.10805452049696118,0.10947583212270627
6,0.11322271081273783,0.1176910216330783,0.10830025558776253,0.11133366816474942,0.11058894915084125,0.09888522946209506,0.10684171685148836,0.10146789857545434,0.13166854976179282
7,0.11052983918325279,0.10464565077121747,0.11236854451169756,0.10422836439119143,0.11524923797372391,0.10486894632105903,0.11822504205608181,0.10970985499580437,0.1201745197959716
8,0.1164475887447453,0.115743093100436,0.11167184065687939,0.1155606021985978,0.1046351251624109,0.10448934675176028,0.10600952476784976,0.1018330027109485,0.12360987590637235
9,0.12342292814943583,0.12068751155658593,0.11729892409529502,0.12393887341138597,0.09636611421148689,0.10034004096884061,0.0995655227966294,0.0961289763204174,0.12225110848992322
10,0.11965128943040561,0.12772571781246456,0.1063054588937343,0.10855471146445098,0.10025540472536446,0.11162566315144752,0.09838221486592455,0.09534588148022113,0.13215365817598676
11,0.12152551273377374,0.12201717025174177,0.11776310432249473,0.1183061912992393,0.10286157600984489,0.09897252385063622,0.10247177305349632,0.09572759723360359,0.12035455124516954
12,0.09525353033703851,0.10777991542462852,0.11567637508119388,0.1078933298071049,0.11023164618726083,0.10865049036766744,0.1255029403520534,0.11033832098201182,0.11867345146104083
13,0.11275052427613641,0.11082377817729915,0.11241417982499156,0.10906728728001258,0.10990352564708057,0.10972124407758002,0.11282656867253292,0.10968021779932946,0.1128126742450374
14,0.09336590607543739,0.11246486689065935,0.11330093027605968,0.10733672617465836,0.10590344808096487,0.12031785733128245,0.12080121916746454,0.10807662141061035,0.11843242459286311
15,0.0961912059222847,0.1340667505788181,0.1127956033107181,0.11673613019773454,0.09906772175426724,0.11470989919520509,0.10589247537374023,0.11245060116635175,0.10808961250088067
16,0.10983928584124865,0.10368455525758408,0.11106889912407379,0.1065383449502716,0.1164370939442735,0.09612536728972354,0.1218021288593785,0.1146910922362837,0.11981323249716269
17,0.10683515883271211,0.12242992341914818,0.11536757759846905,0.12263107690866798,0.10009002550099615,0.10390102028668906,0.11084697912440762,0.10107453338963947,0.11682370493927037
18,0.10983928584124865,0.10368455525758408,0.11106889912407379,0.1065383449502716,0.1164370939442735,0.09612536728972354,0.1218021288593785,0.1146910922362837,0.11981323249716269
19,0.11436535251195325,0.11412628732646832,0.11011472443776472,0.11222095113483782,0.10971493739907477,0.10607097767161883,0.10751393181554719,0.10536910209017979,0.12050373561255569
20,0.12175310593430254,0.12291653815231122,0.12854984602414843,0.11446381829180037,0.09330675010446586,0.09920125302527287,0.10395896680039188,0.09216402892349958,0.12368569274380718
21,0.10948699030820037,0.11237026373917548,0.10843812046499063,0.10838066697093218,0.11330181585400376,0.10075619033510716,0.11184221245114243,0.1093648182539179,0.12605892162253038
22,0.11436535251195325,0.11412628732646832,0.11011472443776472,0.11222095113483782,0.10971493739907477,0.10607097767161883,0.10751393181554719,0.10536910209017979,0.12050373561255569
23,0.12703357959216788,0.1384660622753513,0.09341259347120397,0.11568142890645,0.10661476242971184,0.10994746508056069,0.10410676604771983,0.10232420811755237,0.10241313407928239
24,0.10767398470562839,0.1066618228704356,0.1262037436387698,0.1093882635205942,0.10569530264598773,0.10168513064649733,0.10958534708568839,0.10665077906201909,0.1264556258243799
25,0.11965128943040561,0.12772571781246456,0.1063054588937343,0.10855471146445098,0.10025540472536446,0.11162566315144752,0.09838221486592455,0.09534588148022113,0.13215365817598676
26,0.13270168057068932,0.1288890542447864,0.11001288407685669,0.10457836708973188,0.10289755276828737,0.10478420107909057,0.10317770758170879,0.09688772625463647,0.11607082633421258
27,0.1010756810971195,0.13778965298611806,0.11755577006507253,0.10223759120244519,0.10358486617439489,0.11881257692759868,0.10419316661013041,0.10703070200418252,0.10771999293293819
28,0.10275757866546376,0.12895005539258736,0.13293564665403432,0.13176699825013147,0.10071506999632684,0.09443162453705027,0.10050562944628148,0.10333055538865056,0.10460684166947369
29,0.08280341301141804,0.12637527225791237,0.12072016553743202,0.11029759624108669,0.10200588832818686,0.11702988023709453,0.11302376735291832,0.1120708890504982,0.11567312798345306
30,0.11052983918325279,0.10464565077121747,0.11236854451169756,0.10422836439119143,0.11524923797372391,0.10486894632105903,0.11822504205608181,0.10970985499580437,0.1201745197959716
31,0.11052983918325279,0.10464565077121747,0.11236854451169756,0.10422836439119143,0.11524923797372391,0.10486894632105903,0.11822504205608181,0.10970985499580437,0.1201745197959716
32,0.10983928584124865,0.10368455525758408,0.11106889912407379,0.1065383449502716,0.1164370939442735,0.09612536728972354,0.1218021288593785,0.1146910922362837,0.11981323249716269
33,0.10834005166251474,0.09301886403881796,0.12142961791373122,0.10471413445567121,0.11077585508496975,0.10488311637076031,0.1151067539311361,0.11143092587326404,0.1303006806691347
34,0.1010756810971195,0.13778965298611806,0.11755577006507253,0.10223759120244519,0.10358486617439489,0.11881257692759868,0.10419316661013041,0.10703070200418252,0.10771999293293819
35,0.12228491906494794,0.11963609800142752,0.1163142480843038,0.12283937374463771,0.09752421754125985,0.10225705627499927,0.09975261649650857,0.09811658176715028,0.12127488902476508
36,0.09336590607543739,0.11246486689065935,0.11330093027605968,0.10733672617465836,0.10590344808096487,0.12031785733128245,0.12080121916746454,0.10807662141061035,0.11843242459286311
37,0.1010756810971195,0.13778965298611806,0.11755577006507253,0.10223759120244519,0.10358486617439489,0.11881257692759868,0.10419316661013041,0.10703070200418252,0.10771999293293819
38,0.1010756810971195,0.13778965298611806,0.11755577006507253,0.10223759120244519,0.10358486617439489,0.11881257692759868,0.10419316661013041,0.10703070200418252,0.10771999293293819
39,0.11919097790321735,0.1290053989941173,0.11062463133830264,0.12356260749797879,0.10106986012109441,0.10533531283391873,0.09368248859064864,0.1036543308689842,0.11387439185173813
40,0.12335537125821594,0.12388587787314649,0.12146001735059474,0.1140233210283192,0.10193344613479823,0.1053730096473285,0.10360946415812046,0.10050898362235523,0.10585050892712132
41,0.0961912059222847,0.1340667505788181,0.1127956033107181,0.11673613019773454,0.09906772175426724,0.11470989919520509,0.10589247537374023,0.11245060116635175,0.10808961250088067
42,0.13270168057068932,0.1288890542447864,0.11001288407685669,0.10457836708973188,0.10289755276828737,0.10478420107909057,0.10317770758170879,0.09688772625463647,0.11607082633421258
43,0.13270168057068932,0.1288890542447864,0.11001288407685669,0.10457836708973188,0.10289755276828737,0.10478420107909057,0.10317770758170879,0.09688772625463647,0.11607082633421258
44,0.11599467918942469,0.12019664647683934,0.12057955771894689,0.11590812510067906,0.0991607163574297,0.10944343738322952,0.1097366386258039,0.09896823606949237,0.11001196307815456
45,0.11275052427613641,0.11082377817729915,0.11241417982499156,0.10906728728001258,0.10990352564708057,0.10972124407758002,0.11282656867253292,0.10968021779932946,0.1128126742450374
46,0.10683515883271211,0.12242992341914818,0.11536757759846905,0.12263107690866798,0.10009002550099615,0.10390102028668906,0.11084697912440762,0.10107453338963947,0.11682370493927037
47,0.11712383286229477,0.11758701309657549,0.11796161081257085,0.11703898012157635,0.10235459193188376,0.10833929470258781,0.10892727809606288,0.10268093461669327,0.10798646375975454
48,0.13270168057068932,0.1288890542447864,0.11001288407685669,0.10457836708973188,0.10289755276828737,0.10478420107909057,0.10317770758170879,0.09688772625463647,0.11607082633421258
49,0.12228491906494794,0.11963609800142752,0.1163142480843038,0.12283937374463771,0.09752421754125985,0.10225705627499927,0.09975261649650857,0.09811658176715028,0.12127488902476508
50,0.10834005166251474,0.09301886403881796,0.12142961791373122,0.10471413445567121,0.11077585508496975,0.10488311637076031,0.1151067539311361,0.11143092587326404,0.1303006806691347
51,0.10576811321123977,0.12711827284128488,0.13785574140804324,0.13616380044761836,0.0990234674270856,0.0915345936461452,0.09957681332194959,0.10474125046610377,0.09821794723052951
52,0.11605953735143427,0.11538149553333,0.1166740115211733,0.11851018349366708,0.10806564100027224,0.10255352385322516,0.1101141917819153,0.1083917944424731,0.10424962102250981
53,0.10358773143868007,0.12369855489839272,0.12260339864374893,0.12098208469644992,0.1002056964497788,0.10085958456158559,0.11048414309788514,0.10118584223676891,0.11639296397671033
54,0.13461738132352463,0.10215015164700422,0.10013383976492193,0.12882862898494576,0.10190240058197977,0.1026684623551281,0.09740488800168023,0.09970624199931492,0.1325880053415002
55,0.13461738132352463,0.10215015164700422,0.10013383976492193,0.12882862898494576,0.10190240058197977,0.1026684623551281,0.09740488800168023,0.09970624199931492,0.1325880053415002
56,0.10683515883271211,0.12242992341914818,0.11536757759846905,0.12263107690866798,0.10009002550099615,0.10390102028668906,0.11084697912440762,0.10107453338963947,0.11682370493927037
57,0.08280341301141804,0.12637527225791237,0.12072016553743202,0.11029759624108669,0.10200588832818686,0.11702988023709453,0.11302376735291832,0.1120708890504982,0.11567312798345306
58,0.11052983918325279,0.10464565077121747,0.11236854451169756,0.10422836439119143,0.11524923797372391,0.10486894632105903,0.11822504205608181,0.10970985499580437,0.1201745197959716
59,0.1164475887447453,0.115743093100436,0.11167184065687939,0.1155606021985978,0.1046351251624109,0.10448934675176028,0.10600952476784976,0.1018330027109485,0.12360987590637235
0,0.11151746825371248,0.08778108675237806,0.1049015162659356,0.12588168888483794,0.1181029647368579,0.10925794357335528,0.11576602496544178,0.11835752012883442,0.10843378643864635
1,0.11151024283717183,0.10343817045057614,0.11111990570233835,0.09686438443401099,0.11835324764479811,0.11892097312870084,0.12337580328367667,0.11812185039576727,0.09829542212296022
2,0.09936976493619366,0.09702848620292415,0.09791796149379617,0.11420079515507994,0.12322329654187965,0.11582249774929132,0.11672119907390215,0.11713251489959328,0.11858348394733922
3,0.11147901922727162,0.12138791606625692,0.11800270734782739,0.11245262321909433,0.10604832311772215,0.10675376920320177,0.10850875094798765,0.10656283023467007,0.10880406063596809
4,0.10839448293787494,0.11420891094940641,0.11809707372696095,0.10797961978015029,0.11065407357482442,0.11308301175164424,0.11738958649228734,0.11186710640188857,0.09832613438496292
5,0.12710627186200935,0.10050465612159985,0.11912402717912857,0.12858218940672556,0.10485194100385888,0.09833023008706564,0.10631437533430342,0.10329582838411883,0.11189048062118961
6,0.11254229809870071,0.11716677573618857,0.10800594690707978,0.12379470321161405,0.10462676463660545,0.09807586056774582,0.10088983285116011,0.10608401640486921,0.1288138015860364
7,0.10242867696799354,0.10034401578626241,0.10041858417668317,0.11046112187798536,0.12374168960658712,0.12113683445883709,0.11491549738463397,0.11720733218861053,0.10934624755240727
8,0.1086717528732929,0.1064627503005118,0.11019407378444114,0.10264744021256891,0.11759225790161353,0.11125309517983106,0.11573936570909718,0.11617094585718626,0.11126831818145683
9,0.10867175287329295,0.10646275030051186,0.1101940737844412,0.10264744021256897,0.11759225790161358,0.1112530951798311,0.11573936570909724,0.1161709458571863,0.11126831818145692
10,0.10666012786195057,0.10537262476790624,0.11916133893210586,0.10761743191551851,0.11273679790460292,0.10611755075652034,0.11766000608502507,0.11116718272492705,0.11350693905144335
11,0.11151024283717183,0.10343817045057614,0.11111990570233835,0.09686438443401099,0.11835324764479811,0.11892097312870084,0.12337580328367667,0.11812185039576727,0.09829542212296022
12,0.11151024283717183,0.10343817045057614,0.11111990570233835,0.09686438443401099,0.11835324764479811,0.11892097312870084,0.12337580328367667,0.11812185039576727,0.09829542212296022
13,0.11151024283717183,0.10343817045057614,0.11111990570233835,0.09686438443401099,0.11835324764479811,0.11892097312870084,0.12337580328367667,0.11812185039576727,0.09829542212296022
14,0.11408144902013688,0.11515339848369734,0.10367464173834406,0.1131870242282001,0.11198100091936228,0.1099209462684098,0.10879272685855096,0.10986806390234226,0.11334074858095632
15,0.11081437772796648,0.0977957583167092,0.1008633833522553,0.09707639597711415,0.12078220444576171,0.12164657181059337,0.11967533821260333,0.12159251017015762,0.10975345998683869
16,0.1275708317110874,0.10070357238230121,0.11941596363894565,0.13027056308232723,0.10420255294778516,0.09573079606932226,0.10441978123080774,0.10715450029369845,0.11053143864372508
17,0.11159371349433869,0.10857383971172778,0.10821942961460675,0.0998521495551413,0.1164553490193966,0.11518096851416335,0.11660909524263022,0.11665867931966464,0.10685677552833077
18,0.1052344301344207,0.1131717213824093,0.11129713038842272,0.11301672021261129,0.11126987883820057,0.11626178398741302,0.11345713072125209,0.10804546242776727,0.10824574190750295
19,0.12710627186200935,0.10050465612159985,0.11912402717912857,0.12858218940672556,0.10485194100385888,0.09833023008706564,0.10631437533430342,0.10329582838411883,0.11189048062118961
20,0.1075368318076385,0.10612272391775074,0.10451999737432893,0.1082802469607732,0.11695699502155439,0.11674980105816131,0.11330013749239587,0.11106853042315622,0.11546473594424092
21,0.12533055314690775,0.10037678835521271,0.11813855349843462,0.12605914905889445,0.10498321441110638,0.10264848600704148,0.11011399036084514,0.1045122418371804,0.10783702332437717
22,0.11018969599878685,0.1195491896073116,0.11781296516552797,0.11342579532337639,0.10712840170743035,0.1147550936647133,0.10959658979723555,0.10428427232210084,0.10325799641351693
23,0.1162162215136181,0.12000810316898063,0.09566154184271951,0.11615833580535394,0.1159304478754593,0.11223320229119291,0.11200692926101974,0.11285458806461073,0.09893063017704522
24,0.1271062718620094,0.10050465612159994,0.11912402717912862,0.1285821894067256,0.10485194100385888,0.09833023008706564,0.10631437533430346,0.10329582838411887,0.11189048062118967
25,0.1086717528732929,0.1064627503005118,0.11019407378444114,0.10264744021256891,0.11759225790161353,0.11125309517983106,0.11573936570909718,0.11617094585718626,0.11126831818145683
26,0.11018969599878685,0.1195491896073116,0.11781296516552797,0.11342579532337639,0.10712840170743035,0.1147550936647133,0.10959658979723555,0.10428427232210084,0.10325799641351693
27,0.11879942618114833,0.10254484303143249,0.10541098810757951,0.10420557920461765,0.11589690676566382,0.1102783495995553,0.11303239953902455,0.11670674022264142,0.11312476734833687
28,0.11352552298605773,0.08975434567092033,0.11973012925946967,0.11685143628510176,0.11184179777119803,0.10627567561280944,0.11984098273931378,0.11430073278179402,0.10787937689333559
29,0.11836154738440093,0.11050030212707126,0.1079290300455321,0.11986495037717107,0.10825939277716565,0.10326835716113236,0.10700906482085361,0.11012817008014035,0.11467918522653256
30,0.11524472861810983,0.08995512372903249,0.12084500483480819,0.11930483217133274,0.11180939098421329,0.10190275269620278,0.11581702006228027,0.11307905433378691,0.11204209257023362
31,0.12761596564749053,0.12667821636184687,0.10096992814201511,0.12755240188280167,0.10589957933061203,0.09985646866307811,0.1008918303071815,0.10234310061116746,0.10819250905380688
32,0.12024137710874028,0.11874568474933657,0.11919449882948903,0.11914910683722099,0.10499502693208809,0.1004094483807365,0.1018817223464812,0.09877718421288804,0.11660595060301947
33,0.10839448293787494,0.11420891094940641,0.11809707372696095,0.10797961978015029,0.11065407357482447,0.11308301175164424,0.11738958649228734,0.11186710640188857,0.09832613438496292
34,0.11862458153875423,0.12114572571094931,0.12121520864924784,0.11580264097450256,0.10212127337707985,0.10285399586782913,0.1063479964954959,0.09881532107422078,0.1130732563119206
35,0.11147901922727162,0.12138791606625692,0.11800270734782739,0.11245262321909433,0.10604832311772215,0.10675376920320177,0.10850875094798765,0.10656283023467007,0.10880406063596809
36,0.1153463829735308,0.12386239371701219,0.12040588288370853,0.11162192605045188,0.10550024541036211,0.10761115351484911,0.10938023025437323,0.10213002008940464,0.1041417651063077
37,0.10895635595495336,0.10861104575636842,0.11953781760679622,0.11276103899582196,0.10616237767871411,0.10518026215159205,0.10875328718455302,0.1057325890192075,0.12430522565199344
38,0.10623494795338856,0.11690657214976295,0.10632332330638017,0.1017176354615169,0.11676361925181639,0.11457814939257951,0.11570795612585544,0.1147253750486103,0.10704242131009017
39,0.11079380125806072,0.12454526768186817,0.11907819220561817,0.11531612413911062,0.10516380253144901,0.1046912805764226,0.10552691154945362,0.10567026487096687,0.10921435518705001
40,0.11147901922727162,0.12138791606625692,0.11800270734782739,0.11245262321909433,0.10604832311772215,0.10675376920320177,0.10850875094798765,0.10656283023467007,0.10880406063596809
41,0.09747226219586141,0.13601281871681398,0.10163885084482788,0.12407914745196766,0.10540590690613989,0.10035595533327947,0.10380177039044791,0.10600235223687103,0.12523093592379098
42,0.10839448293787494,0.11420891094940641,0.11809707372696095,0.10797961978015029,0.11065407357482442,0.11308301175164424,0.11738958649228734,0.11186710640188857,0.09832613438496292
43,0.11159371349433869,0.10857383971172778,0.10821942961460675,0.0998521495551413,0.1164553490193966,0.11518096851416335,0.11660909524263022,0.11665867931966464,0.10685677552833077
44,0.10839448293787494,0.11420891094940641,0.11809707372696095,0.10797961978015029,0.11065407357482442,0.11308301175164424,0.11738958649228734,0.11186710640188857,0.09832613438496292
45,0.1174494766318943,0.11976020164403833,0.12032977275781512,0.11897987045954687,0.09721889425433243,0.1015826828009585,0.1055639774518521,0.10084145564334723,0.11827366835621501
46,0.12710627186200935,0.10050465612159985,0.11912402717912857,0.12858218940672556,0.10485194100385888,0.09833023008706564,0.10631437533430342,0.10329582838411883,0.11189048062118961
47,0.1075368318076385,0.10612272391775074,0.10451999737432893,0.1082802469607732,0.11695699502155439,0.11674980105816131,0.11330013749239587,0.11106853042315622,0.11546473594424092
48,0.11147901922727162,0.12138791606625692,0.11800270734782739,0.11245262321909433,0.10604832311772215,0.10675376920320177,0.10850875094798765,0.10656283023467007,0.10880406063596809
49,0.10242867696799354,0.10034401578626241,0.10041858417668317,0.11046112187798536,0.12374168960658712,0.12113683445883709,0.11491549738463397,0.11720733218861053,0.10934624755240727
50,0.1275708317110874,0.10070357238230121,0.11941596363894565,0.13027056308232723,0.10420255294778516,0.09573079606932226,0.10441978123080774,0.10715450029369845,0.11053143864372508
51,0.09936976493619366,0.09702848620292415,0.09791796149379617,0.11420079515507994,0.12322329654187965,0.11582249774929132,0.11672119907390215,0.11713251489959328,0.11858348394733922
52,0.1052344301344207,0.1131717213824093,0.11129713038842272,0.11301672021261129,0.11126987883820057,0.11626178398741302,0.11345713072125209,0.10804546242776727,0.10824574190750295
53,0.12761596564749053,0.12667821636184687,0.10096992814201511,0.12755240188280167,0.10589957933061203,0.09985646866307811,0.1008918303071815,0.10234310061116746,0.10819250905380688
54,0.11054631556786482,0.11988042877918956,0.11787776983503709,0.11346658957198981,0.1074692696430044,0.11489744702541374,0.10811998589551586,0.10420177390693604,0.1035404197750485
55,0.10957252347873249,0.10878126815602275,0.10853098393581154,0.0979506111718202,0.11681092183838136,0.11765092259627428,0.11468135506546345,0.11688222390644734,0.1091391898510465
56,0.11700381906400911,0.11175580184202547,0.12198360431692933,0.11017874921736152,0.10719406545974505,0.10109323833337956,0.10611598945441912,0.1052935857485595,0.119381146563571
57,0.10867175287329295,0.10646275030051186,0.1101940737844412,0.10264744021256897,0.11759225790161358,0.1112530951798311,0.11573936570909724,0.1161709458571863,0.11126831818145692
58,0.12053193075727998,0.1272619196645445,0.12048870170867824,0.10287919571485252,0.10065605352783441,0.09874005868483399,0.10698853819980184,0.0943455721508609,0.12810802959131332
59,0.11070092769923796,0.1257941651019999,0.12117883691745067,0.11534806815368259,0.10331804361870577,0.10392225100541806,0.10161411308717412,0.103352846318652,0.11477074809767904
0,0.09724397995472674,0.09065396375216456,0.14364475375211658,0.1013085527221948,0.10990268915508054,0.11410800440523498,0.12621913043708657,0.1136262725470927,0.10329265327430266
1,0.10729087757881559,0.10832222839550688,0.11122426265564292,0.10700530913180295,0.11600957471446424,0.11229686978164768,0.11399964182409084,0.11560119801818186,0.10825003789984737
2,0.10683567893608951,0.11262490536784975,0.11326865619434767,0.1086274909521577,0.1089321208364295,0.10846918465237172,0.10902371968188863,0.10888765585254973,0.1233305875263158
3,0.11603523119309134,0.12553549655366847,0.12485424530775273,0.12162381491284922,0.09879332111499392,0.09880025402117767,0.10250934103502383,0.09578207877216298,0.11606621708927957
4,0.1151001871004968,0.10635908152317469,0.10377736494454261,0.12308677545842538,0.10429303370204314,0.10167962890491238,0.1015021326598557,0.10513504833795984,0.1390667473685894
5,0.09724397995472674,0.09065396375216456,0.14364475375211658,0.1013085527221948,0.10990268915508054,0.11410800440523498,0.12621913043708657,0.1136262725470927,0.10329265327430266
6,0.1307327332972353,0.12912794342339612,0.12259740161693645,0.11169679505463431,0.09767937174172815,0.09986410489886832,0.09497026411296142,0.10003759841824515,0.11329378743599468
7,0.11528614680311501,0.10700432527527005,0.08974051377967858,0.1262994089834047,0.1164480074750507,0.1089636487172843,0.10334740433050889,0.11644910730066255,0.11646143733502524
8,0.11157113188725516,0.09399138986506574,0.09873526972201865,0.12195850486850052,0.12242170676315332,0.10897692213261566,0.107137444630513,0.12060125069288416,0.1146063794379942
9,0.1307327332972353,0.12912794342339612,0.12259740161693645,0.11169679505463431,0.09767937174172815,0.09986410489886832,0.09497026411296142,0.10003759841824515,0.11329378743599468
10,0.11108207415380744,0.11344987357704567,0.11365769885275087,0.10785805049885328,0.11247819791349258,0.10578596928548566,0.10360813194166532,0.11053863041512621,0.12154137336177293
11,0.11528614680311501,0.10700432527527005,0.08974051377967858,0.1262994089834047,0.1164480074750507,0.1089636487172843,0.10334740433050889,0.11644910730066255,0.11646143733502524
12,0.12114352439529766,0.12248670038982774,0.12305356057531068,0.12033854439765518,0.09720710877572068,0.09643068890892173,0.10051848709972507,0.09652235918364444,0.12229902627389685
13,0.10890333064534047,0.11375346690828111,0.10014610600230961,0.11898762115441855,0.11655666657485267,0.11058875728610364,0.10760735767675231,0.11384688711986915,0.1096098066320726
14,0.10614239877392372,0.11215352653423785,0.1264732100487455,0.10602742271294237,0.10788707068369117,0.11579862634492176,0.11163641383367424,0.10783918289549743,0.10604214817236618
15,0.12429891084274106,0.1179079164729304,0.11906247501230564,0.12401195642086446,0.1002174172930145,0.09239022540930428,0.10073211216578719,0.10171796240961782,0.11966102397343464
16,0.1137549499182732,0.12258039156968381,0.09846580850233842,0.10956078487482415,0.10730935426389955,0.11430133994482904,0.10787621603208451,0.11003979533204483,0.11611135956202251
17,0.11511200165888755,0.1219860004828543,0.09799888911664073,0.10928069784064294,0.11300545837159845,0.11014069342038056,0.1064114110594524,0.11006429300879116,0.11600055504075212
18,0.10879740291731685,0.11214904509306511,0.11340222525385234,0.10701241282932364,0.1102279382488974,0.10792179309111948,0.10873087011756964,0.11166998638854224,0.120088326060313
19,0.11952113871171,0.12412278168848784,0.12141060702131158,0.10890648596043144,0.10690346921751077,0.09843923637768447,0.10614199168702808,0.10553687299932404,0.10901741633651173
20,0.10364540251719531,0.09413311245518106,0.11635907166240961,0.11108106956691771,0.11563153736605152,0.1086995830129158,0.11432087042652277,0.11547532588639829,0.12065402710640796
21,0.11309253422744277,0.10633137933306534,0.11354412724696679,0.1195172055364117,0.10733616246809857,0.1029023934678686,0.10895204418080483,0.1109334454675994,0.11739070807174198
22,0.11511200165888755,0.1219860004828543,0.09799888911664073,0.10928069784064294,0.11300545837159845,0.11014069342038056,0.1064114110594524,0.11006429300879116,0.11600055504075212
23,0.11108207415380744,0.11344987357704567,0.11365769885275087,0.10785805049885328,0.11247819791349258,0.10578596928548566,0.10360813194166532,0.11053863041512621,0.12154137336177293
24,0.1148619435718148,0.12371450765573379,0.1240156685600665,0.12067719528110395,0.10111180155465392,0.09803878640891112,0.10355905086640507,0.09876149850338503,0.11525954759792574
25,0.1148619435718148,0.12371450765573379,0.1240156685600665,0.12067719528110395,0.10111180155465392,0.09803878640891107,0.10355905086640507,0.09876149850338503,0.11525954759792574
26,0.11299388616190516,0.11150663176631098,0.11877453337683394,0.09918166872834046,0.10810243793531732,0.10842392919204025,0.11607708854532704,0.10845554349527453,0.1164842807986506
27,0.1039340797011194,0.10732427151380179,0.12176780357330033,0.10881807395864773,0.10992165133923629,0.11125589251783054,0.11777232574904001,0.11237259175168411,0.10683330989533987
28,0.11157113188725516,0.09399138986506574,0.09873526972201865,0.12195850486850052,0.12242170676315332,0.10897692213261566,0.107137444630513,0.12060125069288416,0.1146063794379942
29,0.1039340797011194,0.10732427151380179,0.12176780357330033,0.10881807395864773,0.10992165133923629,0.11125589251783054,0.11777232574904001,0.11237259175168411,0.10683330989533987
30,0.1148619435718148,0.12371450765573379,0.1240156685600665,0.12067719528110395,0.10111180155465392,0.09803878640891112,0.10355905086640507,0.09876149850338503,0.11525954759792574
31,0.11528614680311501,0.10700432527527005,0.08974051377967858,0.1262994089834047,0.1164480074750507,0.1089636487172843,0.10334740433050889,0.11644910730066255,0.11646143733502524
32,0.10614239877392372,0.11215352653423785,0.1264732100487455,0.10602742271294237,0.10788707068369117,0.11579862634492176,0.11163641383367424,0.10783918289549743,0.10604214817236618
33,0.12421189589534563,0.131885654821532,0.1070594006699548,0.1148735510334109,0.10605198679144552,0.10245392458484438,0.09949180395659638,0.10295102024636563,0.11102076200050474
34,0.09405003244948236,0.1252282724587583,0.1313125168081738,0.0924592995824855,0.11135760358325733,0.11759408438768644,0.11966805937654863,0.1105102072313822,0.09781992412222516
35,0.09724397995472674,0.09065396375216456,0.14364475375211658,0.1013085527221948,0.10990268915508054,0.11410800440523498,0.12621913043708657,0.1136262725470927,0.10329265327430266
36,0.09724397995472674,0.09065396375216456,0.14364475375211658,0.1013085527221948,0.10990268915508054,0.11410800440523498,0.12621913043708657,0.1136262725470927,0.10329265327430266
37,0.11825549099779459,0.12136524005750607,0.12398487827547922,0.11818623816716865,0.10168196337626054,0.09824271255435142,0.10469692085149354,0.09919393897753505,0.11439261674241077
38,0.12114352439529766,0.12248670038982774,0.12305356057531068,0.12033854439765518,0.09720710877572068,0.09643068890892173,0.10051848709972507,0.09652235918364444,0.12229902627389685
39,0.12537473694919005,0.11604410523635364,0.1162655055046001,0.1250994512441746,0.10260821638945126,0.09684698401966373,0.09698905884322392,0.10350626404918918,0.11726567776415353
40,0.09724397995472674,0.09065396375216456,0.14364475375211658,0.1013085527221948,0.10990268915508054,0.11410800440523498,0.12621913043708657,0.1136262725470927,0.10329265327430266
41,0.10729087757881559,0.10832222839550688,0.11122426265564292,0.10700530913180295,0.11600957471446424,0.11229686978164768,0.11399964182409084,0.11560119801818186,0.10825003789984737
42,0.1258776181277429,0.11979957583699961,0.11934643272433858,0.12550206054084476,0.09820699807339515,0.09555385923893797,0.09764439717340512,0.09729042434171903,0.12077863394261709
43,0.12537473694919005,0.11604410523635364,0.1162655055046001,0.1250994512441746,0.10260821638945126,0.09684698401966373,0.09698905884322392,0.10350626404918918,0.11726567776415353
44,0.1307327332972353,0.12912794342339612,0.12259740161693645,0.11169679505463431,0.09767937174172815,0.09986410489886832,0.09497026411296142,0.10003759841824515,0.11329378743599468
45,0.12341768254222979,0.13100990977462512,0.12331461874186421,0.12267435749604878,0.09921037303896463,0.09863930392295589,0.0994452693505635,0.09880313460980894,0.10348535052293956
46,0.1307327332972353,0.12912794342339612,0.12259740161693645,0.11169679505463431,0.09767937174172815,0.09986410489886832,0.09497026411296142,0.10003759841824515,0.11329378743599468
47,0.1307327332972353,0.12912794342339612,0.12259740161693645,0.11169679505463431,0.09767937174172815,0.09986410489886832,0.09497026411296142,0.10003759841824515,0.11329378743599468
48,0.11223493095300671,0.10739005476160067,0.12135329801479772,0.11209305863824261,0.10703744089614721,0.10393036721106014,0.11015472152801163,0.11153912167485044,0.11426700632228265
49,0.12378110444380244,0.11609221736427677,0.13366410604094517,0.12034733494592795,0.1011756401881076,0.09814475163664144,0.1009214175594964,0.10173799283040355,0.10413543499039897
50,0.1039340797011194,0.10732427151380179,0.12176780357330033,0.10881807395864773,0.10992165133923629,0.11125589251783054,0.11777232574904001,0.11237259175168411,0.10683330989533987
51,0.09142962752870326,0.09836382218693861,0.13291966368765645,0.09523538704674894,0.1160544937748666,0.12192245279763964,0.13184546746019019,0.11818589556231783,0.09404318995493861
52,0.1307327332972353,0.12912794342339612,0.12259740161693645,0.11169679505463431,0.09767937174172815,0.09986410489886832,0.09497026411296142,0.10003759841824515,0.11329378743599468
53,0.11595371250638865,0.1326161878589351,0.1314591889969588,0.10194347448325136,0.09926911991358608,0.10196158730998514,0.10782201073450998,0.09379680760032719,0.11517791059605764
54,0.11108207415380744,0.11344987357704567,0.11365769885275087,0.10785805049885328,0.11247819791349258,0.10578596928548566,0.10360813194166532,0.11053863041512621,0.12154137336177293
55,0.11157113188725516,0.09399138986506574,0.09873526972201865,0.12195850486850052,0.12242170676315332,0.10897692213261566,0.107137444630513,0.12060125069288416,0.1146063794379942
56,0.1307327332972353,0.12912794342339612,0.12259740161693645,0.11169679505463431,0.09767937174172815,0.09986410489886832,0.09497026411296142,0.10003759841824515,0.11329378743599468
57,0.1148619435718148,0.12371450765573379,0.1240156685600665,0.12067719528110395,0.10111180155465392,0.09803878640891112,0.10355905086640507,0.09876149850338503,0.11525954759792574
58,0.11766373011029954,0.11482185412028563,0.12751053224087794,0.10406486429994972,0.10148728786284528,0.10005852286889767,0.10934251122992672,0.09948193286611323,0.12556876440080428
0,0.13097900064242826,0.11113143465210176,0.11180072628014212,0.11267665441784688,0.11368145998113631,0.09398076129409082,0.09873818573759297,0.10913463898622139,0.11787713800843921
1,0.11311645054815211,0.10610650211972615,0.11142970284613138,0.11146450373813546,0.11164745665594475,0.10827231786928536,0.11107191908461708,0.11421052721238356,0.11268061992562378
2,0.10742722079859053,0.12961898137737748,0.12551208728512883,0.09377003830250957,0.10400202155792622,0.11162855149553906,0.10767704225168911,0.10033678853786111,0.12002726839337806
3,0.11626446919266921,0.12365390395756758,0.13730220191536455,0.10295694212687134,0.0998763820207749,0.10079284368489931,0.10421046492475997,0.10070866851931957,0.11423412365777352
4,0.1141393792368474,0.12119214779645919,0.12340985669730041,0.08893870218706927,0.11387990912925704,0.1171070243884515,0.11910844022033532,0.10273259902681274,0.09949194131746694
5,0.10742722079859053,0.12961898137737748,0.12551208728512883,0.09377003830250957,0.10400202155792622,0.11162855149553906,0.10767704225168911,0.10033678853786111,0.12002726839337806
6,0.0969616787674514,0.11338530190714473,0.10863623667279282,0.10487497563284037,0.10918946560699479,0.12119004511266734,0.11676876480882661,0.1134032254879684,0.1155903060033134
7,0.10348197039194976,0.1065273287248018,0.1190657754834831,0.12763943107987338,0.1052234138638466,0.10129070294036956,0.10444177602499215,0.11506935553078373,0.11726024595989987
8,0.11086498730373041,0.10800782816615086,0.10709947523416592,0.11638102674451307,0.11399598048789696,0.11077585433989964,0.10638521570691245,0.12030366844340179,0.10618596357332873
9,0.1264116855675068,0.12677463532069091,0.12668270213718227,0.09945572968888505,0.1000783961260885,0.10126720976750186,0.10006879531937064,0.09515336098840735,0.12410748508436673
10,0.09038378135260607,0.1105115390915468,0.11263801116940655,0.10260422908031491,0.11556027755629265,0.11794859040446429,0.12048085013658319,0.11601275434654706,0.11385996686223798
11,0.11585739308607736,0.11194078266373023,0.10689440934341841,0.12438726553263654,0.10616875914912305,0.10094407062838127,0.10488925583409506,0.11016653382178966,0.11875152994074852
12,0.13382542805485464,0.11512222056584491,0.10966766130611418,0.09241248966150552,0.11764515685707273,0.10449011213445919,0.10553218248679169,0.10984104665201569,0.1114637022813416
13,0.13088372367993537,0.12473399859281703,0.13089672101035826,0.1027961552816027,0.09719540292004007,0.0967512891097085,0.09807841285465606,0.09462592944627135,0.12403836710461057
14,0.13382542805485464,0.11512222056584491,0.10966766130611418,0.09241248966150552,0.11764515685707273,0.10449011213445919,0.10553218248679169,0.10984104665201569,0.1114637022813416
15,0.10348197039194976,0.1065273287248018,0.1190657754834831,0.12763943107987338,0.1052234138638466,0.10129070294036956,0.10444177602499215,0.11506935553078373,0.11726024595989987
16,0.1157630575881419,0.12496878638841982,0.11487021048758365,0.12099046636550348,0.10273922540162671,0.10280105137725197,0.0976569100015991,0.10379031917584214,0.11641997321403148
17,0.11036459822642913,0.12265269601267881,0.11392310955067902,0.11070308520450496,0.10277915727057431,0.10568936614913588,0.10715557049320298,0.10641342084157414,0.12031899625122086
18,0.12345030826728738,0.1089612557771912,0.10285490740559909,0.1268359869986759,0.10526789012480113,0.10193600761744895,0.09772100045435136,0.10601519386072823,0.12695744949391669
19,0.11011244040395503,0.10729712113959385,0.12367514832611967,0.1189669293926922,0.10003659510288439,0.1086885088032898,0.11007030786916441,0.10777664407291572,0.11337630488938495
20,0.12618276493874409,0.10275487472747272,0.11356739253907779,0.11666036694175069,0.10539225202132398,0.10379138275427235,0.10798249387576166,0.10760781282927499,0.11606065937232178
21,0.10063136352643202,0.11889239478497404,0.11878032277778987,0.10010491078441336,0.10501157576891483,0.10705124648614275,0.1103724076466375,0.10533239115717914,0.13382338706751615
22,0.11011244040395503,0.10729712113959385,0.12367514832611967,0.1189669293926922,0.10003659510288439,0.1086885088032898,0.11007030786916441,0.10777664407291572,0.11337630488938495
23,0.1141393792368474,0.12119214779645919,0.12340985669730041,0.08893870218706927,0.11387990912925704,0.1171070243884515,0.11910844022033537,0.10273259902681274,0.09949194131746694
24,0.12345030826728738,0.1089612557771912,0.10285490740559909,0.1268359869986759,0.10526789012480113,0.10193600761744895,0.09772100045435136,0.10601519386072823,0.12695744949391669
25,0.13382542805485464,0.11512222056584491,0.10966766130611418,0.09241248966150552,0.11764515685707273,0.10449011213445919,0.10553218248679169,0.10984104665201569,0.1114637022813416
26,0.13010969075840428,0.1021555392463036,0.11691522464916822,0.1186411828322951,0.10489843876351002,0.09370724853830897,0.10366485658537115,0.10611145205073241,0.12379636657590636
27,0.12755209950189042,0.11563126869501421,0.1328356407432865,0.11074020545591065,0.1041005168984178,0.09905344242701332,0.10489200892021433,0.10430460414222394,0.10089021321602888
28,0.1141393792368474,0.12119214779645919,0.12340985669730041,0.08893870218706927,0.11387990912925704,0.1171070243884515,0.11910844022033537,0.10273259902681274,0.09949194131746694
29,0.10711267352924672,0.12832620284201468,0.10705246535959775,0.11962648463262877,0.10764514699293448,0.10555826606936856,0.10173187884384714,0.11028171005799657,0.11266517167236556
30,0.11582786680066912,0.10253476014606094,0.10767877204719237,0.13840011759030074,0.10633286940147112,0.0991965975967449,0.10194021327850464,0.11533253740387148,0.11275626573518478
31,0.10469387244579989,0.09626921824924457,0.09626921824924457,0.12369672334272354,0.11946261152474327,0.11393330083651865,0.11413335925897382,0.12641899831221018,0.1051226977805412
32,0.11086498730373041,0.10800782816615086,0.10709947523416592,0.11638102674451307,0.11399598048789696,0.11077585433989964,0.10638521570691245,0.12030366844340179,0.10618596357332873
33,0.11643889604433902,0.12050028739638566,0.11916069965227842,0.11825321388387228,0.10225461838798175,0.10569609695514393,0.10222824477724585,0.103944886732909,0.1115230561698442
34,0.11643889604433902,0.12050028739638566,0.11916069965227842,0.11825321388387228,0.10225461838798175,0.10569609695514393,0.10222824477724585,0.103944886732909,0.1115230561698442
35,0.1121051627243569,0.11829120799715233,0.12241832905896519,0.11034289866360988,0.10022404764702303,0.10884808584765954,0.10908908275462482,0.10183892038313047,0.1168422649234779
36,0.10316996997356821,0.12432147664792961,0.12454715071469119,0.0934791958770637,0.103531003886335,0.1166694845423842,0.11243230657832583,0.10139850438131114,0.12045090739839084
