,Estim(XGBClassifier)_Imputer(IterativeImputer(<class 'sklearn.linear_model._bayes.BayesianRidge'>)),Estim(XGBClassifier)_Imputer(IterativeImputer(<class 'xgboost.sklearn.XGBRegressor'>)),Estim(XGBClassifier)_Imputer(IterativeImputer(<class 'sklearn.ensemble._forest.RandomForestRegressor'>)),Estim(XGBClassifier)_Imputer(KNNImputer),Estim(RandomForestClassifier)_Imputer(IterativeImputer(<class 'sklearn.linear_model._bayes.BayesianRidge'>)),Estim(RandomForestClassifier)_Imputer(IterativeImputer(<class 'xgboost.sklearn.XGBRegressor'>)),Estim(RandomForestClassifier)_Imputer(IterativeImputer(<class 'sklearn.ensemble._forest.RandomForestRegressor'>)),Estim(RandomForestClassifier)_Imputer(KNNImputer),Estim(<class 'new_base.ClassifierWithImputation'>)_Imputer(Identity)
0,0.11201107217048957,0.11201107217048957,0.11201107217048957,0.11201107217048957,0.11104054963617206,0.11104054963617206,0.11104054963617206,0.11104054963617206,0.10779351277335332
1,0.10251492995216817,0.10329650369315209,0.10329650369315209,0.10265734506266856,0.11958848507473484,0.12308894344786134,0.12308894344786134,0.12020515336537087,0.1022631922630306
2,0.11363799073802061,0.11363799073802061,0.11363799073802061,0.11363799073802061,0.1081757878153133,0.10870927246874634,0.1081757878153133,0.10870927246874634,0.11167791647979843
3,0.11621535368642198,0.11635016609799292,0.11635693486494675,0.11539147378784019,0.10646717781514305,0.10670557437224584,0.1069786672662988,0.10101875419953382,0.11451589790957685
4,0.11183988764801256,0.11146408810229808,0.11183988764801256,0.11183988764801256,0.11054377151350986,0.10941249033563936,0.11054377151350986,0.11114804669973131,0.11136816889127375
5,0.12221637154683217,0.1064011085521173,0.12184070420966972,0.12226724531684952,0.10395990310217833,0.10307986989494781,0.10509256518751212,0.1039105319620955,0.11123170022779756
6,0.11730695112244355,0.11771742367318662,0.11771742367318662,0.11771368347851885,0.10206165086835108,0.10425878223028817,0.10396957636264746,0.1039334820820301,0.11532102650934738
7,0.11901504690046621,0.11901504690046621,0.11901504690046621,0.11901504690046621,0.10100440231004286,0.10150252023134315,0.10100440231004286,0.10150252023134315,0.11892596731536298
8,0.1120111542702378,0.1111115382227256,0.1117229855803572,0.11135488623668141,0.10987353724481465,0.1084896953153856,0.10955085454832147,0.1088229445805195,0.11706240400095685
9,0.12221637154683217,0.1064011085521173,0.12184070420966972,0.12226724531684952,0.10395990310217833,0.10307986989494781,0.10509256518751212,0.1039105319620955,0.11123170022779756
10,0.11421071363424806,0.11329343185590564,0.11391688618525217,0.1135415584868331,0.10708839901905827,0.1057396355184548,0.10677389587093795,0.10606443738769789,0.11937104204161185
11,0.11656181549347518,0.10729200765311964,0.11620352906844848,0.13691412602389869,0.10388378179410016,0.10441327296125337,0.10338100262516008,0.10908354802208531,0.10226691635845911
12,0.11176207014744038,0.11261414407760839,0.11261414407760839,0.10712709710540019,0.10667024666005936,0.10891774041966718,0.1097925770236502,0.10428160673998352,0.12622037374858247
13,0.11201107217048957,0.11201107217048957,0.11201107217048957,0.11201107217048957,0.11104054963617206,0.11104054963617206,0.11104054963617206,0.11104054963617206,0.10779351277335332
14,0.10965903741342278,0.10467903741989286,0.10774688541195193,0.10496546148049785,0.11146086984176536,0.10940231820883914,0.11100309494681995,0.10894933720267948,0.13213395807413092
15,0.10908633723690099,0.10908633723690099,0.10908633723690099,0.10908633723690099,0.1150543000349255,0.1150543000349255,0.1150543000349255,0.1150543000349255,0.10343745091269399
16,0.11857519248210818,0.11947920965130857,0.11947920965130857,0.11873991872391344,0.10007211787997887,0.10300131530839818,0.10300131530839818,0.10058814834758457,0.1170635726470013
17,0.11182103677275754,0.11221231338298109,0.11221231338298109,0.11220874810026356,0.1083595414853654,0.11069225063652077,0.11038519882082112,0.1103468772802164,0.11176172013809328
18,0.11159530339548997,0.11159530339548997,0.11159530339548997,0.10681885229215013,0.10945968951306918,0.10858750538512014,0.10945968951306918,0.10645961814186569,0.12442873496825609
19,0.10053716650328458,0.10053716650328458,0.10053716650328458,0.10053716650328458,0.12273412767690006,0.12273412767690006,0.12273412767690006,0.12273412767690006,0.1069148232792619
20,0.11414771984568627,0.12003438940390489,0.11414771984568627,0.12003438940390489,0.10253855287915177,0.10563436849747235,0.10253855287915177,0.10389591322734579,0.11702839401769612
21,0.11405656803725141,0.10800241780222741,0.11177942094244696,0.11338831602156901,0.10834980229511901,0.1058527045980528,0.10758790388342376,0.10785169189082665,0.1231311745290828
22,0.10336390766949166,0.11647724424763724,0.11661665155617539,0.10239372101366662,0.11318863095034107,0.1110731008864056,0.11360157419780509,0.11156267682682033,0.11172249265165708
23,0.11183988764801256,0.11146408810229808,0.11183988764801256,0.11183988764801256,0.11054377151350986,0.10941249033563936,0.11054377151350986,0.11114804669973131,0.11136816889127375
24,0.11472080073417144,0.11619774881403253,0.11496294064554041,0.11508389520492521,0.10570928961024069,0.10741096072996442,0.10755470264104752,0.10679373381389709,0.11156592780618026
25,0.10532892367398214,0.10532892367398214,0.10532892367398214,0.10532892367398214,0.11726674149174651,0.11726674149174651,0.11726674149174651,0.11726674149174651,0.10961733933708553
26,0.11749150885517903,0.11709671897670522,0.11749150885517903,0.11749150885517903,0.10488550366351955,0.1038121279816386,0.10488550366351955,0.10515462930376077,0.11169098984531936
27,0.11561754736076452,0.11867322839494773,0.11066617498671201,0.13146680621717102,0.10558058799083099,0.10948313514656394,0.10583589263889526,0.11089548362323998,0.09178114364087464
28,0.10981424543302654,0.10893227382867494,0.10953172868330789,0.10449816826882469,0.11040531588752832,0.10814613725859244,0.11008107143403094,0.10635258335216322,0.13223847585385085
29,0.11615607681774322,0.12342037198267274,0.11766118928015298,0.1230530174837724,0.09915326314508674,0.1026785884550312,0.0992855556713655,0.09676232922772353,0.12182960793645177
30,0.11836894200657824,0.11927138672232408,0.11927138672232408,0.11853338172246691,0.09955267309815352,0.10297199521592948,0.10246666592861525,0.10055951518108591,0.11900405340252246
31,0.11821166931513323,0.11944468213306253,0.11974341747298158,0.11908916107404756,0.10301968672204127,0.10355594751741559,0.10315713791810494,0.09922206164008698,0.11455623620712628
32,0.1192221680192887,0.1192221680192887,0.1192221680192887,0.1192221680192887,0.10153120461505875,0.10153120461505875,0.10153120461505875,0.10153120461505875,0.11698650946261044
33,0.11414771984568627,0.12003438940390489,0.11414771984568627,0.12003438940390489,0.10253855287915177,0.10563436849747235,0.10253855287915177,0.10389591322734579,0.11702839401769612
34,0.11231352821639685,0.1072129785217803,0.11035508919634986,0.11231352821639685,0.10901540248151217,0.10786146510437315,0.10856767123296503,0.10956184446044674,0.1227984925697792
35,0.11375344230064147,0.11376779039146229,0.11376779039146229,0.11376779039146229,0.10720868777767242,0.10720868777767242,0.10720868777767242,0.10720868777767242,0.11610843541428181
36,0.1177663988354731,0.1177663988354731,0.1177663988354731,0.1177663988354731,0.10308290608079677,0.10308290608079677,0.10308290608079677,0.10338113170574718,0.1163045547099699
37,0.11500879864189954,0.11500879864189954,0.11500879864189954,0.11500879864189954,0.10672131340126892,0.10672131340126892,0.10672131340126892,0.10672131340126892,0.11307955182732657
38,0.10538153176010061,0.10538153176010061,0.10538153176010061,0.10538153176010061,0.11906266386813631,0.11906266386813631,0.11906266386813631,0.11906266386813631,0.1022232174870523
39,0.11375344230064147,0.11376779039146229,0.11376779039146229,0.11376779039146229,0.10720868777767242,0.10720868777767242,0.10720868777767242,0.10720868777767242,0.11610843541428181
40,0.1177663988354731,0.1177663988354731,0.1177663988354731,0.1177663988354731,0.10308290608079677,0.10308290608079677,0.10308290608079677,0.10338113170574718,0.1163045547099699
41,0.10866619527752995,0.10852091046041468,0.10793427284309762,0.10716045301974866,0.11257666938229634,0.11693585248079129,0.11454196924770005,0.115156880170638,0.10850679711778329
42,0.12196075419468284,0.12144702563672438,0.12185648251059006,0.12196075419468284,0.09719369290495285,0.09928225589084848,0.09937693454482499,0.0977249913768212,0.11919710874587226
43,0.11201107217048957,0.11201107217048957,0.11201107217048957,0.11201107217048957,0.11104054963617206,0.11104054963617206,0.11104054963617206,0.11104054963617206,0.10779351277335332
44,0.11256810152315667,0.1125892096094539,0.1125892096094539,0.1121092071996895,0.10953036228460125,0.10945929080255606,0.1097618495864752,0.10799567372040579,0.11339709566420753
45,0.11316674080942664,0.11316674080942664,0.11316674080942664,0.11316674080942664,0.10938800599011314,0.109927468874035,0.10938800599011314,0.109927468874035,0.1087020870339976
46,0.1122813075138015,0.11267419467227732,0.11267419467227732,0.10784813862808208,0.10639845943222825,0.10782290858430908,0.10838745658813799,0.10538017628669709,0.12653316362218936
47,0.11901504690046621,0.11901504690046621,0.11901504690046621,0.11901504690046621,0.10100440231004286,0.10150252023134315,0.10100440231004286,0.10150252023134315,0.11892596731536298
48,0.09755927804876482,0.1296143193069228,0.1056789180425193,0.1098460899585658,0.11469019979531805,0.11770300537402936,0.11414335295761736,0.11878962442256612,0.09197521209369626
49,0.11281471639083371,0.1132515459330431,0.11427490709383432,0.1127223426447671,0.10949828906668359,0.10803651801760368,0.10915630284721994,0.10843744624711761,0.11180793175889708
50,0.11201107217048957,0.11201107217048957,0.11201107217048957,0.11201107217048957,0.11104054963617206,0.11104054963617206,0.11104054963617206,0.11104054963617206,0.10779351277335332
51,0.1126112365177815,0.11300527814151738,0.11300527814151738,0.11300168766420694,0.10677029546052234,0.10906879213075751,0.10876624366447069,0.10872848416349105,0.11504270411573497
52,0.11421071363424806,0.11329343185590564,0.11391688618525217,0.1135415584868331,0.10708839901905827,0.1057396355184548,0.10677389587093795,0.10606443738769789,0.11937104204161185
53,0.11888472460296187,0.11930071799197457,0.11930071799197457,0.11929692749184825,0.0994684493342137,0.1016097555711406,0.10132789790033248,0.10129272070995496,0.1195180884055989
54,0.11201107217048957,0.11201107217048957,0.11201107217048957,0.11201107217048957,0.11104054963617206,0.11104054963617206,0.11104054963617206,0.11104054963617206,0.10779351277335332
55,0.11223453267227518,0.11802253796713308,0.11223453267227518,0.11802253796713308,0.10476606973688903,0.10792913792787252,0.10476606973688903,0.10615291697535727,0.11587166434417534
56,0.11836894200657824,0.11927138672232408,0.11927138672232408,0.11853338172246691,0.09955267309815352,0.10297199521592948,0.10246666592861525,0.10055951518108591,0.11900405340252246
57,0.11201107217048957,0.11201107217048957,0.11201107217048957,0.11201107217048957,0.11104054963617206,0.11104054963617206,0.11104054963617206,0.11104054963617206,0.10779351277335332
58,0.1193402684922907,0.1193402684922907,0.1193402684922907,0.1193402684922907,0.10045526857093462,0.10045526857093462,0.10045526857093462,0.10074589226780296,0.12052722805023022
59,0.11361944247881221,0.11401701194866912,0.11401701194866912,0.1140133893258932,0.10621065587472232,0.10849710490830958,0.10819614225854253,0.10815858067507725,0.11327066058130458
0,0.10923373742449576,0.10923373742449576,0.10923373742449576,0.10923373742449576,0.11390736854684849,0.11381700173798676,0.11390736854684849,0.11390736854684849,0.10752594292348457
1,0.11794878513770582,0.11794878513770582,0.11794878513770582,0.11794878513770582,0.10383608651331341,0.10441455904090169,0.10441455904090169,0.10383608651331341,0.1117035683407467
2,0.11763113317937886,0.11704993656294434,0.11701624385601324,0.11636063012364,0.104142966723389,0.10485771235101256,0.10359535671240812,0.10154668600072157,0.1177993344904922
3,0.10556554259252694,0.10514083907162632,0.10514083907162632,0.10402040888145665,0.11162961765591047,0.11123341712258956,0.11123341712258956,0.10983061242716756,0.1362053060545066
4,0.11468064787145331,0.11468064787145331,0.11468064787145331,0.11468064787145331,0.10439684757696814,0.10439684757696814,0.10439684757696814,0.10439684757696814,0.12369001820631434
5,0.09855360396174086,0.09855360396174086,0.09855360396174086,0.09855360396174086,0.12655021871200617,0.12655021871200617,0.12655021871200617,0.12655021871200617,0.09958470930501175
6,0.10742120815062967,0.10698903905264029,0.10698903905264029,0.10584891357494501,0.11410138947490686,0.11369641602510099,0.11369641602510099,0.1122625495632186,0.11899502908081738
7,0.12023891332968048,0.12024404932245371,0.1202440695685906,0.12032424819843275,0.10107693757436491,0.10107693757436491,0.10107693757436491,0.10010442341898632,0.11561348343876134
8,0.10841404561199533,0.1079778822034083,0.1079778822034083,0.10682721914840962,0.11112597826606602,0.11073156527084693,0.11073156527084693,0.10933508960992051,0.12687877241509826
9,0.10742120815062967,0.10698903905264029,0.10698903905264029,0.10584891357494501,0.11410138947490686,0.11369641602510099,0.11369641602510099,0.1122625495632186,0.11899502908081738
10,0.11866925969888982,0.11864434975322126,0.11867441436934172,0.11937859174388482,0.10306724952092247,0.10306724952092247,0.10306724952092247,0.10244744517795504,0.11298419069394018
11,0.11794878513770582,0.11794878513770582,0.11794878513770582,0.11794878513770582,0.10383608651331341,0.10441455904090169,0.10441455904090169,0.10383608651331341,0.1117035683407467
12,0.10841404561199533,0.1079778822034083,0.1079778822034083,0.10682721914840962,0.11112597826606602,0.11073156527084693,0.11073156527084693,0.10933508960992051,0.12687877241509826
13,0.11608584163662576,0.12386432091469154,0.11847031459679501,0.1120603917661402,0.10244730463073891,0.1055007757848634,0.1037604566286711,0.09758167902961754,0.12022891501185656
14,0.11553396362073132,0.1153286274581192,0.11543061575444974,0.11553396362073132,0.10431350418977646,0.10180120310175296,0.10333097919705256,0.10431350418977646,0.12441363886761
15,0.11680276078968,0.1139737110899706,0.11681074646181754,0.11736070786871759,0.1048160153710867,0.102622218106817,0.10485835255333628,0.1039488523971324,0.11880663536144209
16,0.10801423097115109,0.10798694497865874,0.10801429080907622,0.10788175595014562,0.11539073745919265,0.1149109429857459,0.11513459830264212,0.11422754950808756,0.10843894903529998
17,0.11000724116635978,0.11000724116635978,0.11000724116635978,0.11000724116635978,0.11474568088991476,0.11474568088991476,0.11474568088991476,0.11474568088991476,0.10098831177490183
18,0.12060874400365312,0.11998554628189728,0.11997828991392423,0.11927895205293684,0.10004370806778548,0.10040418277039372,0.09927419984509939,0.0972337827361133,0.12319259432819676
19,0.09855360396174086,0.09855360396174086,0.09855360396174086,0.09855360396174086,0.12655021871200617,0.12655021871200617,0.12655021871200617,0.12655021871200617,0.09958470930501175
20,0.11765183300181675,0.1170439139417782,0.11703683547495543,0.11635464296965711,0.10442171528040327,0.10479796469666877,0.10361853265065891,0.1014888249606617,0.11758573702339997
21,0.11339638902640994,0.11339638902640994,0.11339638902640994,0.11347686768100337,0.10919096458813508,0.10894858740788321,0.10894858740788321,0.10725863569309706,0.11198719014276816
22,0.10901449336888573,0.12274030540860624,0.10901449336888573,0.10744053324247749,0.10985115280983519,0.111428993566831,0.11053510797507998,0.11010914124217352,0.109865779017225
23,0.11468064787145331,0.11468064787145331,0.11468064787145331,0.11468064787145331,0.10439684757696814,0.10439684757696814,0.10439684757696814,0.10439684757696814,0.12369001820631434
24,0.10377966620096767,0.10377966620096767,0.10377966620096767,0.10377966620096767,0.12036287147201918,0.12036287147201918,0.12036287147201918,0.12036287147201918,0.10342984930805228
25,0.10742120815062967,0.10698903905264029,0.10698903905264029,0.10584891357494501,0.11410138947490686,0.11369641602510099,0.11369641602510099,0.1122625495632186,0.11899502908081738
26,0.10624877859184398,0.11963147445739014,0.10625333488789787,0.10526590390899768,0.11321993065606929,0.1148461586611831,0.11392486050341398,0.11389925773322716,0.10671030059997696
27,0.11604174213427859,0.11604174213427859,0.11604174213427859,0.11604174213427859,0.10707753976279794,0.10707753976279794,0.10707753976279794,0.10707753976279794,0.10752287241169374
28,0.10924603284982312,0.10924603284982312,0.10924603284982312,0.10924603284982312,0.11512907933806485,0.11010456448823147,0.11512907933806485,0.11512907933806485,0.10752406609828111
29,0.11236393353401805,0.11178333759162261,0.11177657726876748,0.11112504612499374,0.11159585404833162,0.11182031960910971,0.11073748994961506,0.10846146385772082,0.11033597801582058
30,0.11467921609991807,0.11467921609991807,0.11467921609991807,0.11467921609991807,0.10813989789277025,0.1035025202990482,0.10813989789277025,0.10813989789277025,0.11336092162296872
31,0.11468064787145331,0.11468064787145331,0.11468064787145331,0.11468064787145331,0.10439684757696814,0.10439684757696814,0.10439684757696814,0.10439684757696814,0.12369001820631434
32,0.11705953825255533,0.11705953825255533,0.11705953825255533,0.11705953825255533,0.10597202396959374,0.10597202396959374,0.10597202396959374,0.10597202396959374,0.1078737511114037
33,0.11449530604185122,0.11429181586421908,0.11439288727936921,0.11449530604185122,0.10430867796483627,0.10179649311229218,0.10332619843014448,0.10430867796483627,0.12858463730059988
34,0.11053688329051845,0.11053688329051845,0.11053688329051845,0.11053688329051845,0.11399071457130279,0.11390028164104474,0.11399071457130279,0.11399071457130279,0.10198004148297292
35,0.11436956410175764,0.11305579987923191,0.11522080988747602,0.10690705690557976,0.11001233584227058,0.1116957434902577,0.11147771451586504,0.10235713598356103,0.1149038393940003
36,0.10742120815062967,0.10698903905264029,0.10698903905264029,0.10584891357494501,0.11410138947490686,0.11369641602510099,0.11369641602510099,0.1122625495632186,0.11899502908081738
37,0.11677239277723724,0.11676279233276854,0.11751301808126682,0.11627677597548822,0.10407430936299578,0.10433891675752431,0.10484223592503814,0.10470824963864801,0.11471130914903309
38,0.10841404561199533,0.1079778822034083,0.1079778822034083,0.10682721914840962,0.11112597826606602,0.11073156527084693,0.11073156527084693,0.10933508960992051,0.12687877241509826
39,0.11767783710219676,0.11709640972914889,0.11706270364496349,0.11640682960962173,0.10406535243968218,0.10469643999660018,0.10351815054419955,0.10147100663854548,0.11800527029504163
40,0.10742120815062967,0.10698903905264029,0.10698903905264029,0.10584891357494501,0.11410138947490686,0.11369641602510099,0.11369641602510099,0.1122625495632186,0.11899502908081738
41,0.10927616619720895,0.10903611522813124,0.10903611522813124,0.10927616619720895,0.11224906047824121,0.1129070416707106,0.1129070416707106,0.11224906047824121,0.11306323285141634
42,0.11346730044473279,0.11485431722196217,0.11431183073632752,0.10566115893214588,0.11105836212720732,0.11279954593276947,0.11163546525312808,0.10425296113927104,0.11195905821245597
43,0.10499045780384375,0.10499045780384375,0.10499045780384375,0.10499045780384375,0.12012966579510646,0.12012966579510646,0.12012966579510646,0.12012966579510646,0.09951950560419917
44,0.11468064787145331,0.11468064787145331,0.11468064787145331,0.11468064787145331,0.10439684757696814,0.10439684757696814,0.10439684757696814,0.10439684757696814,0.12369001820631434
45,0.10106919267177573,0.10688324127862636,0.11601152596379974,0.10165421046691286,0.1138682505610668,0.11340384268032752,0.11501397089740494,0.1103298957690819,0.12176586971100413
46,0.09937251814555235,0.09937251814555235,0.09937251814555235,0.10012438280665895,0.12451382352481556,0.1244101052271711,0.12451382352481556,0.12641103072880056,0.1019092797510811
47,0.11763113317937886,0.11704993656294434,0.11701624385601324,0.11636063012364,0.104142966723389,0.10485771235101256,0.10359535671240812,0.10154668600072157,0.1177993344904922
48,0.11683592699430984,0.12070939154945226,0.1195378017815694,0.11419153255126405,0.10097820720744718,0.10424609298834811,0.10338063155778747,0.09590117545866807,0.12421923991115338
49,0.12122962291242624,0.12119064091071748,0.12122962291242624,0.1213156608985793,0.0995179777816074,0.09958397761527209,0.10013759654024051,0.09933809049339982,0.11645680993533084
50,0.11137400305498868,0.11137400305498868,0.11137400305498868,0.11137400305498868,0.11354702058733927,0.11354702058733927,0.11354702058733927,0.11354702058733927,0.1003159054306886
51,0.12023891332968048,0.12024404932245371,0.1202440695685906,0.12032424819843275,0.10107693757436491,0.10107693757436491,0.10107693757436491,0.10010442341898632,0.11561348343876134
52,0.11874233672150536,0.11876934317553983,0.11874233672150536,0.11876934317553983,0.10242230454025036,0.10275499711387284,0.10267347788204231,0.10275499711387284,0.1143708635558713
53,0.11677239277723724,0.11676279233276854,0.11751301808126682,0.11627677597548822,0.10407430936299578,0.10433891675752431,0.10484223592503814,0.10470824963864801,0.11471130914903309
54,0.11814672849706334,0.11826059295553473,0.11826059295553473,0.11826059295553473,0.10308728463379423,0.10354091632035477,0.10327488655592207,0.10314722509853332,0.11402118002772813
55,0.1134135108078705,0.1134135108078705,0.1134135108078705,0.1134135108078705,0.10986601973875644,0.10977885907713474,0.10986601973875644,0.10986601973875644,0.1069690384751141
56,0.11773718319477872,0.12165117939419198,0.1174397375690189,0.11156390619632361,0.10489833658661525,0.10411248456191945,0.10491268758395883,0.09968785895617721,0.11799662595701593
57,0.11559361009060926,0.12306986805302478,0.11796797231896944,0.12157228700271899,0.09866046967366153,0.09967445550128365,0.09963929948609428,0.10179111914282989,0.12203091873080814
58,0.11553396362073132,0.1153286274581192,0.11543061575444974,0.11553396362073132,0.10431350418977646,0.10180120310175296,0.10333097919705256,0.10431350418977646,0.12441363886761
59,0.11871581213824725,0.11871581213824725,0.11871581213824725,0.11871581213824725,0.10277279396021093,0.10285439204561268,0.10277279396021093,0.10277279396021093,0.11396397752076538
0,0.1103611987103615,0.1103611987103615,0.1103611987103615,0.1103611987103615,0.11327230669681553,0.11327230669681553,0.11327230669681553,0.11327230669681553,0.10546597837129203
1,0.1193296036922951,0.1193296036922951,0.1193296036922951,0.11935220492912507,0.10113547790603443,0.10113547790603443,0.10113547790603443,0.10055772929772955,0.11869482097815649
2,0.12223534894628414,0.12205133878882772,0.12304508339336218,0.12291023575860933,0.09521682888187369,0.09662466958059439,0.10057381513471349,0.09677124264206372,0.12057143687367157
3,0.1255389724265853,0.10997280263865804,0.12203797425274074,0.12167668360612718,0.0986854411483145,0.09832716033309535,0.09832716033309535,0.09809638358929887,0.1273374216720849
4,0.12145358313201676,0.12145358313201676,0.12145358313201676,0.12145358313201676,0.10460807431676533,0.10437129975779963,0.10437129975779963,0.10460807431676533,0.09622691932280308
5,0.11118014419335419,0.11118014419335419,0.11118014419335419,0.1119356057326075,0.11107439710673656,0.11107439710673656,0.11107439710673656,0.11107439710673656,0.11022637326038373
6,0.11469971887445055,0.11309810950437288,0.11474394448121941,0.11474394448121941,0.10867607348839808,0.10777109712251126,0.10800917945273185,0.10769656265405905,0.11056136994103744
7,0.12303186185704232,0.10830555051657569,0.119330769676334,0.12052502376885543,0.10129011814878557,0.10098796903346727,0.10098796903346727,0.10098796903346727,0.12455276893200513
8,0.11331246269288395,0.10863056471657391,0.10863056471657391,0.10863056471657391,0.11549131222248599,0.11347428650755724,0.11347428650755724,0.11347428650755724,0.10488167141223663
9,0.11309167412142919,0.11309167412142919,0.11309167412142919,0.1131130938834264,0.10797009763092552,0.10797009763092552,0.10797009763092552,0.10735330543360422,0.11634828542590515
10,0.10912773686212361,0.10912773686212361,0.10912773686212361,0.10914840584743168,0.11246006753177788,0.11246006753177788,0.11246006753177788,0.11181762584018148,0.11427055513068231
11,0.10969165835016646,0.1049500972687692,0.10515936648179823,0.1049500972687692,0.11845777165418801,0.11464460626774696,0.11638893749721378,0.11464460626774696,0.11111285894360115
12,0.10868621358851303,0.10576633973516816,0.10710763101446447,0.10911331957191271,0.11359764128369085,0.11286642354241885,0.11303722943390401,0.11670117704785338,0.11312402478207421
13,0.10969165835016646,0.1049500972687692,0.10515936648179823,0.1049500972687692,0.11845777165418801,0.11464460626774696,0.11638893749721378,0.11464460626774696,0.11111285894360115
14,0.12025142957681595,0.12155625164746238,0.12285281798038672,0.12540290384619618,0.09989278426242366,0.09969822411011098,0.09835265470498758,0.10331943220592534,0.10867350166569097
15,0.1162830335821153,0.11673550996776212,0.11705333757939475,0.11700097724229525,0.10086266464817863,0.10399042061285371,0.1055580917283507,0.1055580917283507,0.11695787291069917
16,0.11713268223281494,0.11754550714390094,0.11717784593500223,0.11782382093320003,0.10447569629419508,0.1035826362072934,0.10429709206216435,0.10345374102745364,0.1145109781639756
17,0.11469971887445055,0.11309810950437288,0.11474394448121941,0.11474394448121941,0.10867607348839808,0.10777109712251126,0.10800917945273185,0.10769656265405905,0.11056136994103744
18,0.12303186185704232,0.10830555051657569,0.119330769676334,0.12052502376885543,0.10129011814878557,0.10098796903346727,0.10098796903346727,0.10098796903346727,0.12455276893200513
19,0.12471986270982553,0.12447166772357207,0.12471986270982553,0.12447166772357207,0.09991426885797275,0.09819408387892645,0.09968811846664076,0.09841684493447934,0.10540362299518524
20,0.12063960711067884,0.12063960711067884,0.12063960711067884,0.12063960711067884,0.10433489547287328,0.1040987392390293,0.1040987392390293,0.10433489547287328,0.10057430213347972
21,0.11578986967559055,0.11578986967559055,0.11578986967559055,0.11578986967559055,0.1076505686736882,0.1076505686736882,0.1076505686736882,0.1076505686736882,0.10623824660288497
22,0.11316963925139008,0.11316963925139008,0.11316963925139008,0.11316963925139008,0.10796232118443293,0.10796232118443293,0.10796232118443293,0.10796232118443293,0.11547215825670795
23,0.10912773686212361,0.10912773686212361,0.10912773686212361,0.10914840584743168,0.11246006753177788,0.11246006753177788,0.11246006753177788,0.11181762584018148,0.11427055513068231
24,0.11194888857997595,0.11194888857997595,0.11194888857997595,0.11270957368519806,0.11005686052585006,0.11005686052585006,0.11005686052585006,0.11005686052585006,0.11121631847147395
25,0.11439555868195914,0.11378061130690895,0.11371360101445625,0.11281151913575738,0.1086891839669767,0.10697880417033989,0.10948380144775285,0.1076080827863277,0.11253883748952079
26,0.11330315075702484,0.11269407575493792,0.11330315075702484,0.1134673782279281,0.10882028130331325,0.10710783850254597,0.10982974175735857,0.10818230703192609,0.11329207590794034
27,0.11693398287037161,0.11630538988434304,0.11693398287037161,0.11685810552206156,0.10522428444490035,0.10356842979900657,0.1062003869938019,0.10218508072595797,0.11579035688918508
28,0.11331246269288395,0.10863056471657391,0.10863056471657391,0.10863056471657391,0.11549131222248599,0.11347428650755724,0.11347428650755724,0.11347428650755724,0.10488167141223663
29,0.12072523244685791,0.12007625913311311,0.12072523244685791,0.12064689499278917,0.10044602964791172,0.09886536767685149,0.10137780719416538,0.09754483674867385,0.1195923397127794
30,0.12072523244685791,0.12007625913311311,0.12072523244685791,0.12064689499278917,0.10044602964791172,0.09886536767685149,0.10137780719416538,0.09754483674867385,0.1195923397127794
31,0.12303186185704232,0.10830555051657569,0.119330769676334,0.12052502376885543,0.10129011814878557,0.10098796903346727,0.10098796903346727,0.10098796903346727,0.12455276893200513
32,0.12025142957681595,0.12155625164746238,0.12285281798038672,0.12540290384619618,0.09989278426242366,0.09969822411011098,0.09835265470498758,0.10331943220592534,0.10867350166569097
33,0.10994443590634073,0.10790401537756722,0.10719661516271087,0.11521375411524204,0.11127721444926192,0.1109748271340795,0.11059435843284826,0.11317039078468066,0.11372438863726884
34,0.11987073365376684,0.12018766751423145,0.12104505252065328,0.12002203829420169,0.09957166056536305,0.09957324555637921,0.09957324555637921,0.09933954421383145,0.12081681212519368
35,0.10583927464689416,0.10416343644972834,0.10349393277559302,0.10747345638444367,0.11127215756947512,0.1136655654349131,0.1159040417484533,0.116198709982443,0.12198942500805596
36,0.10655869442816847,0.10532596927007312,0.10655869442816847,0.1075400207847013,0.11384323668230834,0.11394314298277272,0.11446156066330365,0.11394314298277272,0.1178255377777312
37,0.11409440969725393,0.11409440969725393,0.11409440969725393,0.11409440969725393,0.1073690642910991,0.1073690642910991,0.1073690642910991,0.1073690642910991,0.11414610404658805
38,0.11779332588571434,0.1198076244396743,0.1210855392336138,0.12359894126402424,0.10185794366741151,0.1043316726350098,0.10292356824863705,0.1081211754167091,0.10048020920920563
39,0.10067155278661673,0.09950693307641333,0.10067155278661673,0.10159866294532076,0.12070212385848067,0.1208080493662607,0.12135770094776381,0.1208080493662607,0.11387537486626632
40,0.11228796120937806,0.10950158756673578,0.10979971988359408,0.11298123887320746,0.1077337511459833,0.10995455599727083,0.11161213734407531,0.1124049971923225,0.11372405078743225
41,0.10703348926004298,0.10703348926004298,0.10703348926004298,0.10705376159117162,0.11483229733936517,0.11483229733936517,0.11483229733936517,0.11417630399904685,0.1131725746115571
42,0.11277393098114008,0.11634392539045393,0.11401369433321655,0.1157859450801058,0.1036511353133249,0.10386330874318678,0.10365278524180208,0.10314554583309082,0.12676972908367928
43,0.11306873116049694,0.10983559473193556,0.10983559473193556,0.11306873116049694,0.11008018756525531,0.10897019072100131,0.10897019072100131,0.10974428295625867,0.11642649625161845
44,0.11484967369348877,0.11484967369348877,0.11484967369348877,0.11487142642369709,0.10651082824653496,0.10651082824653496,0.10651082824653496,0.10590237230147082,0.11514469545476108
45,0.10970931813914267,0.10668940569605015,0.10911950324900954,0.11012441275099488,0.1115797884729871,0.1074706868393536,0.11218581884438068,0.11167770842148649,0.12144335758659526
46,0.11469971887445055,0.11309810950437288,0.11474394448121941,0.11474394448121941,0.10867607348839808,0.10777109712251126,0.10800917945273185,0.10769656265405905,0.11056136994103744
47,0.10619921890444597,0.10497065234198837,0.10619921890444597,0.10717723475865096,0.1142709659979593,0.11437124766418785,0.11489161313227447,0.11437124766418785,0.11754860063185908
48,0.11020234947165736,0.10815118370874781,0.1074431557333517,0.11550060510980377,0.11104370039115208,0.1104016994791686,0.11065800046570931,0.1125886436773076,0.11401066196310158
49,0.10994443590634073,0.10790401537756722,0.10719661516271087,0.11521375411524204,0.11127721444926192,0.1109748271340795,0.11059435843284826,0.11317039078468066,0.11372438863726884
50,0.1206348475144454,0.12110425752298158,0.1214339796181496,0.12112533227809191,0.09635425650293537,0.09934220651942674,0.10083980511353213,0.0985047366913341,0.12066057823910281
51,0.12303186185704232,0.10830555051657569,0.119330769676334,0.12052502376885543,0.10129011814878557,0.10098796903346727,0.10098796903346727,0.10098796903346727,0.12455276893200513
52,0.11067655034833442,0.10710230216815372,0.10790548379519406,0.115975638398612,0.11187345900276639,0.11060099474087326,0.11148487698825861,0.1140816518502982,0.11029904270750943
53,0.11542010411488501,0.11255600779972387,0.11286245617300612,0.11613271995791839,0.1035239604655338,0.10565798542225163,0.10725079532620145,0.10801267348148294,0.11858329725899684
54,0.10994443590634073,0.10790401537756722,0.10719661516271087,0.11521375411524204,0.11127721444926192,0.1109748271340795,0.11059435843284826,0.11317039078468066,0.11372438863726884
55,0.10881519656918952,0.10881519656918952,0.10807927980332702,0.10807927980332702,0.1161208287119088,0.1161208287119088,0.11622273377664134,0.11622273377664134,0.10152392227786654
56,0.1166925757828936,0.1166925757828936,0.1166925757828936,0.11671467756199916,0.1042235562036406,0.1042235562036406,0.1042235562036406,0.10362816657582685,0.11690875990257117
57,0.11479829619193375,0.11462548159500983,0.1155587647118324,0.11567449487770894,0.10387892993797941,0.10541484524857729,0.10972325395267468,0.10807741653325845,0.11224851695102533
58,0.11330315075702484,0.11269407575493792,0.11330315075702484,0.1134673782279281,0.10882028130331325,0.10710783850254597,0.10982974175735857,0.10818230703192609,0.11329207590794034
0,0.12321151875033186,0.126754735029203,0.126754735029203,0.12596322982943772,0.09379916905646575,0.09509107304227611,0.09456721764280342,0.0936401296896346,0.12021819193064429
1,0.10943108510167314,0.11090870302079538,0.11223410254570365,0.11073882655255599,0.1125783493262543,0.11392556418324129,0.11163410663624239,0.11173593276045535,0.10681332987307883
2,0.10752660481133153,0.10853586118938323,0.10983290438741744,0.1052812168528038,0.1185484611577433,0.11939623834282469,0.11735482793426101,0.11682482881696221,0.09669905650727294
3,0.11790902887170797,0.11850720967281789,0.11850720967281789,0.11850720967281789,0.1025266349300798,0.10473431297127964,0.10473431297127964,0.10352659126604065,0.11104748997115886
4,0.11827404222585687,0.11801331234291532,0.12022382863579995,0.11651853338340677,0.10286173533213008,0.10404684029256399,0.10354956667282515,0.10247086148615017,0.11404127962835153
5,0.09587390982241718,0.09442318002502258,0.0907527883877842,0.1097132158854873,0.12269990167557521,0.12162323801228604,0.11746075784374327,0.12219618950491298,0.12525681884277168
6,0.10300482620914048,0.10397164068267556,0.10521413977798022,0.1042357715182318,0.12121417626318515,0.12163789201163284,0.11999370265659606,0.1203071383584291,0.10042071252212834
7,0.11366856410181543,0.11366856410181543,0.11366856410181543,0.11366856410181543,0.10789243861653278,0.10789243861653278,0.10789243861653278,0.10789243861653278,0.11375598912660707
8,0.11826835185368167,0.11346592268461299,0.11296838239044688,0.1142154119965208,0.10657380968742987,0.10415938781021483,0.10369482638977467,0.10560925345718752,0.1210446537301308
9,0.10822270725420642,0.10822270725420642,0.10822270725420642,0.10822270725420642,0.11447451057033,0.11447451057033,0.11447451057033,0.11447451057033,0.10921112870185425
10,0.11918974850827219,0.1190129430814522,0.1212421835334214,0.11754319828686652,0.10134377763956187,0.10267288128476083,0.1021821742610595,0.10111771358871889,0.11569537981588633
11,0.11091659883365265,0.11091659883365265,0.11091659883365265,0.11091659883365265,0.11113561475097124,0.11113561475097124,0.11113561475097124,0.11113561475097124,0.11179114566150429
12,0.11826923846054549,0.11341017198346633,0.11675426404892901,0.1150342999169854,0.10437894644371186,0.10261216868653465,0.10366071712537328,0.10369238092960296,0.12218781240485115
13,0.11424222910610582,0.11370164764397918,0.1149772738950623,0.11366174403303925,0.10888198959370833,0.10623394775248936,0.10958766489302307,0.10344207258505342,0.11527143049753936
14,0.12071394918840224,0.12234391652577326,0.12234391652577326,0.12071394918840224,0.098539217205108,0.09937106597921387,0.09870657723295376,0.098539217205108,0.11872819094926493
15,0.11366856410181543,0.11366856410181543,0.11366856410181543,0.11366856410181543,0.10789243861653278,0.10789243861653278,0.10789243861653278,0.10789243861653278,0.11375598912660707
16,0.11826923846054549,0.11341017198346633,0.11675426404892901,0.1150342999169854,0.10437894644371182,0.10261216868653465,0.10366071712537328,0.10369238092960296,0.12218781240485115
17,0.1121568023862342,0.11242163819258749,0.1121568023862342,0.11144706898127031,0.110272923578877,0.11037098753291424,0.11022042516350176,0.10894215843232763,0.11201119334605283
18,0.11826835185368167,0.11346592268461299,0.11296838239044688,0.1142154119965208,0.10657380968742987,0.10415938781021483,0.10369482638977467,0.10560925345718752,0.1210446537301308
19,0.12166654209900839,0.12216273931278238,0.12216273931278238,0.12166654209900839,0.09732206764153228,0.09814364147738432,0.09748736044994369,0.09732206764153228,0.12206629996602573
20,0.1152500345183933,0.11548818954004957,0.11522387774828155,0.11447662776172739,0.1071828653989266,0.10657211396201426,0.10670473122408908,0.10516927589624114,0.11393228395027723
21,0.11149626726282962,0.11149626726282962,0.11149626726282962,0.11149626726282962,0.11063501048644754,0.11063501048644754,0.11063501048644754,0.11063501048644754,0.11147488900289164
22,0.11446409950471993,0.11493092272720595,0.11630438924724402,0.11583198731668148,0.1057645348598405,0.10703020941945372,0.10487744254145434,0.10497310563056882,0.11582330875283109
23,0.11128056329877198,0.11154333004216749,0.11128056329877198,0.1105763747750625,0.11153623668480729,0.11163542408306217,0.11148313683497263,0.11019022597301861,0.11047414500936541
24,0.11826835185368167,0.11346592268461299,0.11296838239044688,0.1142154119965208,0.10657380968742987,0.10415938781021483,0.10369482638977467,0.10560925345718752,0.1210446537301308
25,0.11826835185368167,0.11346592268461299,0.11296838239044688,0.1142154119965208,0.10657380968742987,0.10415938781021483,0.10369482638977467,0.10560925345718752,0.1210446537301308
26,0.11920263439349099,0.11968878296022215,0.12111910764847117,0.11671342569614987,0.10319074984845153,0.10480604495452732,0.10232524496403657,0.10169041056128383,0.11126359897336643
27,0.12108425538549487,0.13354708826208034,0.13354708826208034,0.13106047300104676,0.0952470502133646,0.09667138173557208,0.09732216962680956,0.09552223065187816,0.09599826286167326
28,0.11826835185368167,0.11346592268461299,0.11296838239044688,0.1142154119965208,0.10657380968742987,0.10415938781021483,0.10369482638977467,0.10560925345718752,0.1210446537301308
29,0.11826835185368167,0.11346592268461299,0.11296838239044688,0.1142154119965208,0.10657380968742987,0.10415938781021483,0.10369482638977467,0.10560925345718752,0.1210446537301308
30,0.11826923846054549,0.11341017198346633,0.11675426404892901,0.1150342999169854,0.10437894644371186,0.10261216868653465,0.10366071712537328,0.10369238092960296,0.12218781240485115
31,0.11516657808912514,0.11799721208373763,0.11799721208373763,0.11773861966514623,0.10244689554874885,0.10316341342193223,0.10282010787098614,0.10244689554874885,0.1202230656878372
32,0.12669505253147173,0.12674601634778904,0.12674601634778904,0.12669505253147173,0.09595586426036923,0.09649043594155923,0.09649043594155923,0.09595586426036923,0.10822526183762168
33,0.12669505253147173,0.12674601634778904,0.12674601634778904,0.12669505253147173,0.09595586426036923,0.09649043594155923,0.09649043594155923,0.09595586426036923,0.10822526183762168
34,0.12124673647784542,0.1337262930373996,0.1337262930373996,0.131236341025749,0.09572376106203058,0.09699049169757976,0.09808562975764917,0.09583754729313176,0.09342690661121497
35,0.10752660481133153,0.10853586118938323,0.10983290438741744,0.1052812168528038,0.1185484611577433,0.11939623834282469,0.11735482793426101,0.11682482881696221,0.09669905650727294
36,0.11360996199451638,0.11407330175601609,0.11543651939209104,0.11496764255114639,0.10701399667785184,0.10829462343328729,0.10611642458964167,0.10621321780595243,0.11427431179949703
