,Estim(XGBClassifier)_Imputer(IterativeImputer(<class 'sklearn.linear_model._bayes.BayesianRidge'>)),Estim(XGBClassifier)_Imputer(IterativeImputer(<class 'xgboost.sklearn.XGBRegressor'>)),Estim(XGBClassifier)_Imputer(IterativeImputer(<class 'sklearn.ensemble._forest.RandomForestRegressor'>)),Estim(XGBClassifier)_Imputer(KNNImputer),Estim(RandomForestClassifier)_Imputer(IterativeImputer(<class 'sklearn.linear_model._bayes.BayesianRidge'>)),Estim(RandomForestClassifier)_Imputer(IterativeImputer(<class 'xgboost.sklearn.XGBRegressor'>)),Estim(RandomForestClassifier)_Imputer(IterativeImputer(<class 'sklearn.ensemble._forest.RandomForestRegressor'>)),Estim(RandomForestClassifier)_Imputer(KNNImputer),Estim(<class 'new_base.ClassifierWithImputation'>)_Imputer(Identity)
0,0.12068134908696035,0.12164010738863755,0.12164010738863755,0.12095868579896395,0.09819718786822848,0.09867506575743311,0.09840742303594904,0.09796452703680955,0.12183554663838041
1,0.12048304049154203,0.10351638530857114,0.11269115520361606,0.11992157891865379,0.10484359169255301,0.10032944058510024,0.10202065691254437,0.10429584679653103,0.1318983040908885
2,0.12048304049154203,0.10351638530857114,0.11269115520361606,0.11992157891865379,0.10484359169255301,0.10032944058510024,0.10202065691254437,0.10429584679653103,0.1318983040908885
3,0.11205804520243455,0.11205804520243455,0.13059721418445322,0.11851406374585889,0.10347756787248634,0.10375900007570364,0.10710939170815673,0.10253027455396586,0.10989639745450615
4,0.11164159054157391,0.12575079326862035,0.1179404806640918,0.11424027088659157,0.09877405928916905,0.1006243931655325,0.10130552752962611,0.09838843137464386,0.13133445328015095
5,0.11412992502110407,0.11407559777323145,0.11394619246263625,0.1139554441898475,0.10769431670118514,0.10702737982128943,0.10763910300503461,0.10730739389196625,0.11422464713370535
6,0.122843371090253,0.12236768123187096,0.12283426037528256,0.12286004205549944,0.09974124638551629,0.10283439516937361,0.101257171308206,0.09769924436572093,0.10756258801827716
7,0.12228810735262266,0.12439602374076524,0.12325963061622358,0.12334176877723205,0.09586419684613176,0.09841641797826219,0.0960694371991385,0.09820616359397087,0.11815825389565317
8,0.11412992502110407,0.11407559777323145,0.11394619246263625,0.1139554441898475,0.10769431670118514,0.10702737982128943,0.10763910300503461,0.10730739389196625,0.11422464713370535
9,0.1145601897390798,0.11458978107721234,0.11445979248630606,0.11468759385745164,0.10700727522441322,0.10595171521051071,0.10700727522441322,0.10713622663415946,0.11460015054645348
10,0.11512454451481499,0.10924940989710413,0.11404350061630046,0.12494375036855676,0.1088867035830731,0.10418490441877029,0.10430941000017373,0.10834036377583889,0.11091741282536746
11,0.11614785181149602,0.09521230111543978,0.10316804787688598,0.12064521928178804,0.11154325668000437,0.10169716497435906,0.10305137560145576,0.11021075575593081,0.1383240269026404
12,0.11736919718147744,0.10131316772469216,0.10977869052557812,0.11034011711678722,0.11116544729878261,0.10684871016217719,0.1081722952858757,0.10595486305969351,0.12905751164493603
13,0.11096030177753424,0.11096030177753424,0.12931785728578252,0.11735307584891483,0.10524429584250906,0.10553053308855169,0.10893812775282405,0.10452849060855876,0.10716701601779054
14,0.11851769290856422,0.11851769290856422,0.11851769290856422,0.11141983101172795,0.10452768872645736,0.10444061860344205,0.10452768872645736,0.09962823173994775,0.119902862466275
15,0.11205804520243455,0.11205804520243455,0.13059721418445322,0.11851406374585889,0.10347756787248634,0.10375900007570364,0.10710939170815673,0.10253027455396586,0.10989639745450615
16,0.12008025419049859,0.12008025419049859,0.12008025419049859,0.11288881264397183,0.10324645258348193,0.1022532119393446,0.10233845846374598,0.09754161581451293,0.12149068598344702
17,0.11517007317234154,0.11517007317234154,0.11529252791463032,0.10883537537102343,0.1069816169400044,0.10621996525250647,0.10719579427983177,0.10149339557012717,0.12364117832719337
18,0.1160150203906286,0.1160150203906286,0.11613837352423564,0.1160150203906286,0.10517312791443978,0.10517312791443978,0.10538368465682545,0.10517312791443978,0.11491349690373363
19,0.122843371090253,0.12236768123187096,0.12283426037528256,0.12286004205549944,0.09974124638551629,0.10283439516937361,0.101257171308206,0.09769924436572093,0.10756258801827716
20,0.11096030177753424,0.11096030177753424,0.12931785728578252,0.11735307584891483,0.10524429584250906,0.10553053308855169,0.10893812775282405,0.10452849060855876,0.10716701601779054
21,0.11424365872578175,0.11415894317844498,0.11418101725486106,0.11402621218182468,0.10760184796710806,0.10789013137953904,0.10776199027885226,0.10703130891866414,0.11310489011492371
22,0.1153686304109923,0.11528308065899931,0.11518290371724023,0.1151490426435509,0.10591186617092675,0.10619562183845048,0.10585756631763253,0.10535028794075967,0.11570100030144757
23,0.11022732396482234,0.11020987964469711,0.11025001490892448,0.11034519469664211,0.11146179466148398,0.11144171326442788,0.11144171326442788,0.11227670066381235,0.11234566493076187
24,0.12274332729658519,0.1261251880618234,0.10873494762445406,0.10921835466464634,0.10033307980213715,0.11012050413547608,0.1005709223920329,0.10503182749366338,0.11712184852918149
25,0.10116770119899832,0.10116770119899832,0.10560714977686561,0.10636220319109177,0.12115126947940291,0.12115126947940291,0.12230242691612885,0.1220187233397533,0.09907155541935819
26,0.11623514880844768,0.11623514880844768,0.11623514880844768,0.11650226774798292,0.10480430111186195,0.10508934168611377,0.10480430111186195,0.10480430111186195,0.11529004080497447
27,0.11039074001291217,0.11607560127987461,0.11661905634656239,0.11243389936068121,0.10664558975224651,0.10853366930300624,0.10910367055649084,0.105091575018943,0.11510619836928321
28,0.1128523466715831,0.10717184650023448,0.11187476942814611,0.12324093160744246,0.1096966895120565,0.10396751678935694,0.10513925011940929,0.10916230293513081,0.11689434643664078
29,0.11997995097540311,0.1210567410528008,0.11995085322716977,0.12101372481331832,0.0996624494099596,0.10300242545452315,0.10054608008338513,0.10209720764301462,0.11269056734042555
30,0.12049691394540979,0.12254422815072104,0.12142475170657882,0.12153514205080235,0.09794374423906434,0.10116769154032984,0.0987550998976843,0.10033651442557016,0.11579591404383952
31,0.117247766652655,0.11721933151855764,0.11721933151855764,0.117247766652655,0.10389790104580918,0.1036154524890326,0.1036154524890326,0.10298417780552425,0.11695281982817633
32,0.12188364061766462,0.12285195057744662,0.12285195057744662,0.11458419673416587,0.09930545740355307,0.09943516814397547,0.0995180653197881,0.09465077860023974,0.12491879202571977
33,0.11096030177753424,0.11096030177753424,0.12931785728578252,0.11735307584891483,0.10524429584250906,0.10553053308855169,0.10893812775282405,0.10452849060855876,0.10716701601779054
34,0.11620384916706984,0.11620384916706984,0.11620384916706984,0.11620384916706984,0.10468713256398733,0.10468713256398733,0.10468713256398733,0.10468713256398733,0.11643607307577136
35,0.1170486224342013,0.11441429569354392,0.11706880062067151,0.11721443500659398,0.10832224004340087,0.10892409190132407,0.10950701859573272,0.10862858243635783,0.09887191326817382
36,0.11255439660402347,0.11252080635928315,0.1125617831964674,0.11265895875366455,0.10905431013214796,0.10903466247701107,0.10903466247701107,0.10985161482454388,0.11272880517584713
37,0.10808379571616944,0.11524137407496533,0.10808379571616944,0.10808379571616944,0.10971247651564452,0.10924961847452311,0.10998913766133407,0.1105827742130622,0.12097323191196187
38,0.11023477387533194,0.11698707287816057,0.11023477387533194,0.10972107012686656,0.10736000020045841,0.10634854153536749,0.10763072912391375,0.10764629589289136,0.12383674249167752
39,0.10698000970234016,0.10643659866263708,0.10684243373715772,0.10697534645297337,0.1146677737696093,0.11687732152556835,0.11508471410043719,0.11416153515215122,0.11197426689712559
40,0.10431786565427313,0.10971466805995743,0.10705866732231042,0.10577180906709056,0.11164442776065214,0.11533043995866983,0.11402752276095124,0.11140393705868758,0.12073066235740758
41,0.11876428516972584,0.12045930974028492,0.10431197618848351,0.10431197618848351,0.1088990148308007,0.11278158346697327,0.10822552882296291,0.10852750654063109,0.11371881905165442
42,0.11081322591281341,0.11079568886920751,0.11088809445673783,0.11081322591281341,0.11084036413417866,0.11082039469650022,0.11082039469650022,0.11084036413417866,0.11336824718706993
43,0.11353954127249628,0.1151599973878331,0.11622145819788267,0.10522656509272793,0.10951523369314073,0.11341977233548509,0.1126578970900583,0.10839931078313504,0.10586022414724051
44,0.11402313748904805,0.1135515928086591,0.11398455684272696,0.11400848105886344,0.10602505920294361,0.10912238232736318,0.10744871638212475,0.10476264230624213,0.11707343158202857
45,0.12186375283011233,0.12298727664853237,0.12186375283011233,0.12319622491261184,0.09787441133599332,0.10081162173254944,0.09814060440360414,0.10026548771648117,0.11299686759000308
46,0.11500792771140753,0.0992749183746988,0.10757012919409448,0.10868214839443678,0.1118237563029625,0.10680521294145855,0.1088128791877972,0.10608713026798647,0.1359358976251578
47,0.12049691394540979,0.12254422815072104,0.12142475170657882,0.12153514205080235,0.09794374423906434,0.10116769154032984,0.0987550998976843,0.10033651442557016,0.11579591404383952
48,0.11876428516972584,0.12045930974028492,0.10431197618848351,0.10431197618848351,0.1088990148308007,0.11278158346697327,0.10822552882296291,0.10852750654063109,0.11371881905165442
49,0.12481085281334801,0.12200182729683437,0.12483236914228209,0.12496866669597034,0.09951559907349533,0.10006852013726512,0.1006040546608013,0.09992162807849166,0.10327648210151162
50,0.11096030177753424,0.11096030177753424,0.12931785728578252,0.11735307584891483,0.10524429584250906,0.10553053308855169,0.10893812775282405,0.10452849060855876,0.10716701601779054
51,0.122843371090253,0.12236768123187096,0.12283426037528256,0.12286004205549944,0.09974124638551629,0.10283439516937361,0.101257171308206,0.09769924436572093,0.10756258801827716
52,0.10744730639647435,0.10747585715019874,0.11216231707601154,0.1130066308949593,0.11340656576872726,0.11240310688318553,0.11448413443242512,0.11441486764219426,0.10519921375582392
53,0.12168200464644632,0.12139447019278927,0.1224584595783422,0.11412432205437777,0.09969472751578566,0.09933450722921028,0.09915107375412828,0.0947573983986257,0.12740303663029443
54,0.11050454533719273,0.11050454533719273,0.12878669933681336,0.1166030973193353,0.10554781823218866,0.10554781823218866,0.10925230307793847,0.1048299486306314,0.1084232244965183
55,0.10883499839489932,0.12341842374799883,0.11287435736722422,0.11143725428772386,0.10750734938355999,0.10959010066564204,0.10670504836755933,0.10633599203952093,0.11329647574587128
56,0.12049691394540979,0.12254422815072104,0.12142475170657882,0.12153514205080235,0.09794374423906434,0.10116769154032984,0.0987550998976843,0.10033651442557016,0.11579591404383952
57,0.11096030177753424,0.11096030177753424,0.12931785728578252,0.11735307584891483,0.10524429584250906,0.10553053308855169,0.10893812775282405,0.10452849060855876,0.10716701601779054
58,0.10921897862361225,0.1097369461160297,0.10610219604265445,0.10915461193907668,0.1106799297711138,0.11448843472268552,0.11049561685825436,0.11421280382579231,0.11591048210078114
59,0.122843371090253,0.12236768123187096,0.12283426037528256,0.12286004205549944,0.09974124638551629,0.10283439516937361,0.101257171308206,0.09769924436572093,0.10756258801827716
0,0.10504095027040675,0.11256608159002247,0.11118880449839808,0.11060816671245419,0.1107227248125566,0.11686148213780483,0.11518909746732518,0.11497057195271124,0.10285212055832084
1,0.10909781500369306,0.10909781500369306,0.10909781500369306,0.10928775656230115,0.1088560503769017,0.10777912420084763,0.1067672376938009,0.1088560503769017,0.13116033577816766
2,0.10594131021066217,0.10551799009253925,0.10536777716163757,0.10576007448228139,0.11805631140162126,0.1138083235959875,0.1136105680878454,0.1219440767189174,0.1099935682485081
3,0.11472369564765747,0.11380729993265289,0.11472369564765747,0.10889440444000806,0.111965872575335,0.11141610495837963,0.11212729723770357,0.11120297547144538,0.10113865408916069
4,0.118064653104332,0.11825754700091953,0.11825754700091953,0.11665128323206164,0.10370071886576977,0.10361844935888784,0.10361844935888784,0.10314423020690916,0.11468712187131289
5,0.11373278088995585,0.11373278088995585,0.12452468093742991,0.12557694048494167,0.10318047587734835,0.1032787898059569,0.10306172679955519,0.10497726983483212,0.10793455448002404
6,0.12439467749030045,0.12439467749030045,0.12735949776375124,0.116992932689829,0.09777115584035172,0.09831584054047227,0.09997360819100934,0.09723794068645358,0.113559669307532
7,0.10594131021066217,0.10551799009253925,0.10536777716163757,0.10576007448228139,0.11805631140162126,0.1138083235959875,0.1136105680878454,0.1219440767189174,0.1099935682485081
8,0.11000228263173753,0.11213955364277559,0.10929671837203095,0.10735905138549337,0.11683952403501864,0.11654340801211228,0.11728788956845261,0.11514653900877324,0.09538503334360558
9,0.11798741707277718,0.12156230236477768,0.11723063546252334,0.11885762940096596,0.1034822798995558,0.10471885550757919,0.10372983719519477,0.09908885922287876,0.11334218387374731
10,0.12477132502513821,0.12080692951216769,0.11310167155377958,0.12044375857996623,0.10212307985691334,0.10337350904681296,0.10342274624952452,0.1020663605693649,0.10989061960633266
11,0.10909781500369306,0.10909781500369306,0.10909781500369306,0.10928775656230115,0.1088560503769017,0.10777912420084763,0.1067672376938009,0.1088560503769017,0.13116033577816766
12,0.11593776569108646,0.11593776569108646,0.11593776569108646,0.10372996316985122,0.11207544241498929,0.11368898653518252,0.11188880558485903,0.10977424476384351,0.10102926045801508
13,0.1147773767189789,0.1147773767189789,0.1147773767189789,0.10913503401937655,0.11147888432601921,0.11352315260556019,0.11129324093127782,0.11037579471109366,0.09986176324973631
14,0.12158391820189113,0.12158391820189113,0.12158391820189113,0.11993247313444046,0.09950986131746932,0.0994309165684838,0.0994309165684838,0.09906400213665888,0.11788007566879007
15,0.11581949730804561,0.11704829404497352,0.11657867482079298,0.11653911603200542,0.10457972465590565,0.10353815838425529,0.10318853526764263,0.10336458693776489,0.11934341254861414
16,0.10792117775457717,0.10681514376689814,0.10681514376689814,0.10068382152861517,0.11736627471174915,0.1175972216637282,0.1169457151815093,0.11568926988851232,0.11016623173751265
17,0.11552134899726492,0.11558841133456228,0.11558841133456228,0.11552134899726492,0.10488059679669622,0.10558978779988144,0.10558978779988144,0.10488059679669622,0.11683971014319022
18,0.11641965523948912,0.11876896579985693,0.11640394445080351,0.11641965523948912,0.10584756466292197,0.10625863012214821,0.10584756466292197,0.10584756466292197,0.10818645515944712
19,0.1142816060414214,0.1142816060414214,0.1251255831253648,0.12618292042179835,0.1030487564506417,0.10314694487242147,0.1029301589670364,0.10351205878887458,0.10749036529102
20,0.10970445357549448,0.11147105078408859,0.10911054804774882,0.10951678016923933,0.11566755105270457,0.11193855581700451,0.11131176324595186,0.11947665103203119,0.1018026462757368
21,0.10504095027040675,0.11256608159002247,0.11118880449839808,0.11060816671245419,0.1107227248125566,0.11686148213780483,0.11518909746732518,0.11497057195271124,0.10285212055832084
22,0.1132091834815585,0.11773903309225828,0.1149092462388244,0.1142885979120744,0.1076905390269381,0.10840612559926342,0.1082353706621135,0.10333067950377774,0.11219122448319162
23,0.1263940886291793,0.1263940886291793,0.1263940886291793,0.1263940886291793,0.0922012745811459,0.0922012745811459,0.0922012745811459,0.0922012745811459,0.1256185471586992
24,0.1142816060414214,0.1142816060414214,0.1251255831253648,0.12618292042179835,0.1030487564506417,0.10314694487242147,0.1029301589670364,0.10351205878887458,0.10749036529102
25,0.11787005270903114,0.12047132640516633,0.11711402388406902,0.11873939942020113,0.10547643901557757,0.10528862994396035,0.10605781511185865,0.10261559420128366,0.10636671930885183
26,0.1082807654943932,0.12000623488378366,0.10885809749058452,0.12223911130579021,0.11192766053406855,0.10793776511914441,0.11404602826365107,0.11057430052704847,0.09613003638153549
27,0.11110926126509889,0.11110926126509889,0.1137574371920198,0.1044980266572733,0.11066114835307797,0.1112776434112331,0.1131539684923293,0.1100576349677398,0.11437561839612895
28,0.11369444977396703,0.12349431657749048,0.1219833295131325,0.11972030548568453,0.09814455471640435,0.10522535923031606,0.10371949712328768,0.10190984379124966,0.1121083437884678
29,0.12457985997501889,0.12086719671205393,0.11318898584998245,0.12090019225428171,0.10194623025934164,0.1030115640387905,0.10306062884569298,0.10295435128600512,0.10949099077883297
30,0.11787005270903114,0.12047132640516633,0.11711402388406902,0.11873939942020113,0.10547643901557757,0.10528862994396035,0.10605781511185865,0.10261559420128366,0.10636671930885183
31,0.12444842327561055,0.12444842327561055,0.12444842327561055,0.12275807032589522,0.096065288903585,0.09598907685768011,0.09598907685768011,0.09563486331110804,0.1202183539172198
32,0.10813340545911392,0.11716882745916532,0.11573523450085536,0.11386452338271255,0.10445454876249799,0.11138404296945736,0.10979004499347322,0.10846191903800445,0.11100745343471968
33,0.11642724614600282,0.11737812123601231,0.11737812123601231,0.11715064098239124,0.10412574286964894,0.10194136241177895,0.10314255447463588,0.10312191780751011,0.1193342928360074
34,0.10695575498331325,0.10584074886316326,0.10584074886316326,0.10695575498331325,0.11687660328709513,0.11646444284737752,0.11646444284737752,0.11687660328709513,0.1077249000381018
35,0.12065970042136787,0.12061931998698519,0.12072988239436032,0.11909003748951864,0.1002073667230659,0.10084932210110212,0.1000689362269105,0.09979325126117804,0.11798218339551159
36,0.11217646219866445,0.11217646219866445,0.11217646219866445,0.10573739360749591,0.11318532867558452,0.11381588598338985,0.11318532867558452,0.11196928434912058,0.10557739211283093
37,0.11305780413604306,0.1134555566934292,0.11340686955158114,0.1134555566934292,0.10700985421543524,0.10869867114716242,0.10870283724426597,0.10796029474583362,0.11425255557281981
38,0.11116354542302569,0.10942804045758223,0.11002428191620621,0.1077941966108381,0.11588494932045626,0.11498956015387313,0.11582906172307215,0.1132128083669399,0.10167355602800629
39,0.11874759137371461,0.1182730999377754,0.10673692815715091,0.11854444770696848,0.10942645919368231,0.10548899698814995,0.10530569730018648,0.113497940549831,0.10397883879254133
40,0.11217646219866445,0.11217646219866445,0.11217646219866445,0.10573739360749591,0.11318532867558452,0.11381588598338985,0.11318532867558452,0.11196928434912058,0.10557739211283093
41,0.11569060790019484,0.11569060790019484,0.11631182063233719,0.11589202764797013,0.10713205841877936,0.10814740251428741,0.10516843695122416,0.10713205841877936,0.10883497961623298
42,0.10865713312410667,0.10865713312410667,0.10924057888310046,0.10718126946388827,0.116057732121931,0.11374042208516483,0.1116556760452617,0.1155377293334082,0.10927232581903214
43,0.1109700239810713,0.1109700239810713,0.12149977096956935,0.12252646939642549,0.10624800802351625,0.1063492448029244,0.10612572856257292,0.10809822025783727,0.10721251002501173
44,0.12160011071771352,0.12160011071771352,0.12160011071771352,0.12160011071771352,0.09740386197149979,0.0979827836718529,0.09894487038113968,0.09740386197149979,0.12186417913315337
45,0.10966460131882104,0.11056024508865753,0.11056024508865753,0.10401198144640716,0.1132510170179087,0.1114928914401153,0.11218166488089854,0.11095419969467886,0.11732315402385486
46,0.10650360340230977,0.10746817070392743,0.10650360340230977,0.10650360340230977,0.11621103266444745,0.11743642245171074,0.1155672058799785,0.11646351096080292,0.1073428471322039
47,0.11641965523948912,0.11876896579985693,0.11640394445080351,0.11641965523948912,0.10584756466292197,0.10625863012214821,0.10584756466292197,0.10584756466292197,0.10818645515944712
48,0.11288487743007207,0.11284709894753038,0.11295053716063155,0.11141635722780453,0.10848851479310695,0.1070884249890403,0.1062597600817334,0.10804017678281637,0.1200242525872644
49,0.10504095027040675,0.11256608159002247,0.11118880449839808,0.11060816671245419,0.1107227248125566,0.11686148213780483,0.11518909746732518,0.11497057195271124,0.10285212055832084
50,0.10453753208787547,0.10548429334310624,0.10453753208787547,0.11290568380985269,0.11610994487212842,0.11733426873694455,0.11546667812939378,0.11561043582407786,0.10801363110874528
51,0.10594131021066217,0.10551799009253925,0.10536777716163757,0.10576007448228139,0.11805631140162126,0.1138083235959875,0.1136105680878454,0.1219440767189174,0.1099935682485081
52,0.11831711028080404,0.1195758255827426,0.11951017451817855,0.1177664809259426,0.10266112490999929,0.10298494035912394,0.1033537840829384,0.0979987370283628,0.11783182231190757
53,0.11449900410247231,0.11468607244575711,0.11468607244575711,0.11468607244575711,0.1063931299009046,0.10702547948562788,0.10807635584889802,0.10629846886480708,0.11364934446001874
54,0.11069763809408356,0.11994732250328487,0.11846374509534718,0.11656466147217293,0.10197972531867507,0.10874504022544702,0.10718880856607724,0.10589214966771496,0.1105209090571969
55,0.10504095027040675,0.11256608159002247,0.11118880449839808,0.11060816671245419,0.1107227248125566,0.11686148213780483,0.11518909746732518,0.11497057195271124,0.10285212055832084
56,0.1109700239810713,0.1109700239810713,0.12149977096956935,0.12252646939642549,0.10624800802351625,0.1063492448029244,0.10612572856257292,0.10809822025783727,0.10721251002501173
57,0.11706024539927441,0.11933464792121523,0.11630941074920889,0.12036326586888917,0.10560554714134375,0.10442139230639047,0.10618763486933003,0.10378080970397865,0.10693704604036967
58,0.1203224465051229,0.12028217893741895,0.12039243231365322,0.12039243231365322,0.0995818923325826,0.10029941188104814,0.09952328128749567,0.09961669957203037,0.1195892248569947
59,0.1132091834815585,0.11773903309225828,0.1149092462388244,0.1142885979120744,0.1076905390269381,0.10840612559926342,0.1082353706621135,0.10333067950377774,0.11219122448319162
0,0.1295631517357915,0.11499538168267168,0.12924153755507137,0.11560965517697938,0.09664067089446235,0.0927931661844419,0.09616564180983526,0.09630790767493508,0.12868288728581112
1,0.1113675447216011,0.11748085024109245,0.12249367812537432,0.11227473652770834,0.09949083228502902,0.10704556757638364,0.10821852528987962,0.0994959233204418,0.12213234191248956
2,0.1162374391165952,0.11604056585817647,0.11604056585817647,0.11604056585817647,0.10702957697339,0.10583015653206501,0.10583015653206501,0.10525780437610278,0.11169316889525288
3,0.12836927986653504,0.11393574590316156,0.12805062922998608,0.11454435911647837,0.09790500650167638,0.09390826260871486,0.09742376268177685,0.09773063852607675,0.12813231556559407
4,0.11566120722942067,0.11633160484138405,0.11633160484138405,0.11633160484138405,0.10463537029392077,0.10524176718079846,0.10524176718079846,0.10524176718079846,0.11498330641011124
5,0.12129606104621356,0.12129606104621356,0.12129606104621356,0.12129606104621356,0.09834254920416516,0.09834254920416516,0.09801037352395854,0.0988354932834177,0.12128479059943895
6,0.11485727033093543,0.11485727033093543,0.11485727033093543,0.11485727033093543,0.10849078856868791,0.10849078856868791,0.10849078856868791,0.10849078856868791,0.10660776440150656
7,0.10478367235576777,0.10695739642429983,0.10474344572154183,0.10478367235576777,0.1165475689817389,0.12400899237403268,0.11731334895174726,0.1165517314692465,0.10431017136585742
8,0.1109252553135678,0.11088267091495303,0.11088267091495303,0.1109252553135678,0.11125652112449536,0.11285539247335417,0.11106888080424941,0.11076710079826897,0.11043625234259036
9,0.12250461316634878,0.12922926647270588,0.12911823150853732,0.12350252671066422,0.08976811529208416,0.09658456594446801,0.09729445827606328,0.08977270880731962,0.12222551382180884
10,0.11645743840818415,0.11649203256270045,0.11649203256270045,0.11645743840818415,0.10589446871108403,0.1067287835325019,0.10617995333755059,0.10607110664966289,0.1092267458274315
11,0.10478367235576777,0.10695739642429983,0.10474344572154183,0.10478367235576777,0.1165475689817389,0.12400899237403268,0.11731334895174726,0.1165517314692465,0.10431017136585742
12,0.10660569529317171,0.1079749178846559,0.10660569529317171,0.10573990512889794,0.11403043267497984,0.12154002530349206,0.1149776893358455,0.11403450526315685,0.10849113382262843
13,0.1109252553135678,0.11088267091495303,0.11088267091495303,0.1109252553135678,0.11125652112449536,0.11285539247335417,0.11106888080424941,0.11076710079826897,0.11043625234259036
14,0.1202354593166592,0.11878383893472443,0.1212068946359881,0.1235920042061247,0.09938457836548,0.09616948581305211,0.09999757444196782,0.09954872777402264,0.12108143651198093
15,0.12112231279783792,0.1212033050461346,0.1212033050461346,0.12185073954848509,0.09801381482692173,0.09766405282727574,0.09733416893223566,0.10065747057441585,0.12095083040055885
16,0.11713554731375027,0.1175645260988253,0.1175645260988253,0.11713554731375027,0.10377176926512068,0.1044151894753235,0.10424130910009403,0.10342643923736648,0.11474514609694439
17,0.11738250592932052,0.12105425485151153,0.11738250592932052,0.11738250592932052,0.10244990813184734,0.10217702745905596,0.1022793004974821,0.1022793004974821,0.1176126907746593
18,0.11978869394123012,0.1250615132974566,0.11978869394123012,0.11978869394123012,0.10199759373199725,0.10271612137717308,0.10085816591768981,0.10068385530566065,0.10931666854633232
19,0.11566120722942067,0.11633160484138405,0.11633160484138405,0.11633160484138405,0.10463537029392077,0.10524176718079846,0.10524176718079846,0.10524176718079846,0.11498330641011124
20,0.11543219516487398,0.11568601095565016,0.1160362780420433,0.11543219516487398,0.10576586883948497,0.10359705112155988,0.10576586883948497,0.10576586883948497,0.11651866303254363
21,0.11489259993947502,0.11469800445724322,0.11469800445724322,0.11469800445724322,0.10771642283146084,0.1077125758850556,0.1077125758850556,0.1077125758850556,0.11015923620216754
22,0.1277327870634218,0.1277327870634218,0.1277327870634218,0.1277327870634218,0.09306226538574887,0.09306226538574887,0.09306226538574887,0.09306226538574887,0.11681979020331736
23,0.12250461316634878,0.12922926647270588,0.12911823150853732,0.12350252671066422,0.08976811529208416,0.09658456594446801,0.09729445827606328,0.08977270880731962,0.12222551382180884
24,0.12286477697214394,0.12827299834013892,0.12286477697214394,0.12286477697214394,0.09683341743083429,0.09751556575272238,0.09575167927272593,0.09622556423179156,0.116806444055355
25,0.11972010631352341,0.12477820914584589,0.11951733440451276,0.11951733440451276,0.10139560831910677,0.10325977634149129,0.10139198711204585,0.10176713236129878,0.1086525115976627
26,0.11521056443687558,0.11497127578900018,0.11497127578900018,0.11501543041295582,0.10740582966896979,0.10721702512190366,0.10721702512190366,0.10740199381497938,0.11058957984441192
27,0.11521056443687558,0.11497127578900018,0.11497127578900018,0.11501543041295582,0.10740582966896979,0.10721702512190366,0.10721702512190366,0.10740199381497938,0.11058957984441192
28,0.1109252553135678,0.11088267091495303,0.11088267091495303,0.1109252553135678,0.11125652112449536,0.11285539247335417,0.11106888080424941,0.11076710079826897,0.11043625234259036
29,0.12283149966150159,0.12266892789276744,0.12262345793451067,0.10606453924725753,0.10543782807408843,0.10614107345227053,0.10543406250461422,0.10199485878509579,0.10680375244789381
30,0.11818624275955453,0.11818624275955453,0.11818624275955453,0.11818624275955453,0.10391101304032042,0.10275021018077363,0.10275021018077363,0.10287808784560581,0.11496550771430841
31,0.11289239254291326,0.11193255783128886,0.11284905295689174,0.11197554543811081,0.10857061766697526,0.11013088980348558,0.10838750727252444,0.10857449525827707,0.11468694122953312
32,0.11629875671209787,0.11463443709400781,0.1169728497000731,0.1193439481993225,0.10471186165939957,0.10128691079660279,0.1053187018392648,0.10526424530384633,0.11616828869538501
33,0.11531354841155768,0.11892057991716472,0.11531354841155768,0.11531354841155768,0.1040077838277968,0.10304151532791711,0.10302806791377817,0.1040077838277968,0.1210536239508733
34,0.11566120722942067,0.11633160484138405,0.11633160484138405,0.11633160484138405,0.10463537029392077,0.10524176718079846,0.10524176718079846,0.10524176718079846,0.11498330641011124
35,0.12118996726792872,0.1221691144780901,0.1221691144780901,0.12209816734672578,0.09737536101472045,0.09787288606754586,0.09797596440037956,0.0975866504499212,0.12156277449659803
36,0.11779392210343344,0.11779392210343344,0.11779392210343344,0.11779392210343344,0.10247303209821951,0.10193422299391815,0.10204157866909115,0.10204157866909115,0.1203338991559466
37,0.11057255846980821,0.11057255846980821,0.11538975818067396,0.11057255846980821,0.10906444890796818,0.10784607637494188,0.10823230301857284,0.10726282169264763,0.1204869164157709
38,0.10973628929204131,0.11270527290968674,0.11037234478592163,0.11037234478592163,0.10979422150949139,0.11583564468523802,0.11134389098742105,0.11043051566063254,0.10940947538364522
39,0.11794615592797815,0.11794615592797815,0.11794615592797815,0.11794615592797815,0.10230830005750087,0.10187754021772381,0.10153342425272734,0.10187754021772381,0.12061857154241161
40,0.12112231279783792,0.1212033050461346,0.1212033050461346,0.12185073954848509,0.09801381482692173,0.09766405282727574,0.09733416893223566,0.10065747057441585,0.12095083040055885
41,0.11557880832197157,0.1256997287428448,0.1217823494572194,0.11652030477079277,0.09598197539649105,0.10151107327643141,0.10277231505994647,0.09582704197682615,0.12432640299747647
42,0.11974524660805146,0.11751389390591896,0.11991104416777325,0.12217254298710528,0.10078716024606221,0.09717251419100296,0.10104052901371759,0.1020009995193784,0.11965606936098977
43,0.12129606104621356,0.12129606104621356,0.12129606104621356,0.12129606104621356,0.09834254920416516,0.09834254920416516,0.09801037352395854,0.0988354932834177,0.12128479059943895
44,0.11742937285497823,0.1277123421552626,0.12373224061740462,0.11838594386600886,0.09469174864674454,0.10081639617323847,0.10235495682238069,0.09453889790189078,0.12033810096209101
45,0.11555433040665361,0.11555433040665361,0.11555433040665361,0.11555433040665361,0.10450714403416536,0.1039576394521582,0.10406712616079225,0.10406712616079225,0.12118364256547724
46,0.11633440787953697,0.11633440787953697,0.11633440787953697,0.11633440787953697,0.10523557440978333,0.10523557440978333,0.10506032786512055,0.10506032786512055,0.11407056393204444
47,0.11235633223802784,0.11235633223802784,0.11230860422012266,0.11235633223802784,0.10779640491314124,0.10718493551266325,0.10670685112815163,0.10734253790447401,0.12159166960736326
48,0.11529303680501252,0.11529303680501252,0.12031588868840812,0.09650316686624727,0.10854311874520722,0.10782190467164567,0.10838854186344737,0.10739448401957674,0.12044682153544244
49,0.11713513980483921,0.12079915106379191,0.11709779081184114,0.11718107275107552,0.10219182211987492,0.10290707158069645,0.10288405729884662,0.10235133843832786,0.11745255613070621
50,0.12286477697214394,0.12827299834013892,0.12286477697214394,0.12286477697214394,0.09683341743083429,0.09751556575272238,0.09575167927272593,0.09622556423179156,0.116806444055355
51,0.12489449980687081,0.12332397570524538,0.12489449980687081,0.10622939101294147,0.10477251465530087,0.1070909867553041,0.10618575092694718,0.09979545202546758,0.10281292930505183
52,0.1156502877577981,0.11568464214493931,0.1207245546910922,0.1156502877577981,0.10220251356048445,0.10300774043293152,0.10284504715255983,0.10237299310991362,0.12186193339248291
53,0.11939742722082729,0.11939742722082729,0.11939742722082729,0.11939742722082729,0.10009019453657271,0.09942514586504206,0.0990893134534905,0.09925957530239572,0.12454606195918996
54,0.11547631909493733,0.11908844210099014,0.115427265733052,0.11547631909493733,0.10359321050830969,0.10316559215303443,0.10297972739786272,0.10359321050830969,0.12119991340856674
55,0.11100486979260216,0.11515509927069435,0.11425217168938752,0.10915578561848147,0.1085537472286716,0.1132210401310816,0.1123612906649132,0.10723403771909573,0.10906195788507267
56,0.11644479088108854,0.11644479088108854,0.11639532612059456,0.11644479088108854,0.10459537914761781,0.10514041501739242,0.10478989534007749,0.10442119870639235,0.11532341302465983
57,0.1162374391165952,0.11604056585817647,0.11604056585817647,0.11604056585817647,0.10702957697339,0.10583015653206501,0.10583015653206501,0.10525780437610278,0.11169316889525288
58,0.1153248622841727,0.11508533624333366,0.11508533624333366,0.11512953467211302,0.10639552742867806,0.10620849885278097,0.10620849885278097,0.1059199247608582,0.11464248066194879
0,0.1151456229573271,0.11615160252348514,0.11607307642847665,0.1151456229573271,0.10696457258010499,0.10674019985799274,0.10709142056119236,0.10631687962749466,0.1103710025065992
1,0.10070565964825268,0.13616917982118315,0.13616917982118315,0.10845747992351847,0.10344599223215806,0.11019966162464595,0.11019966162464595,0.10752618765863968,0.08712699764577307
2,0.09558023324370883,0.13200530459532187,0.12923883338208228,0.10293752371339174,0.10525995589547602,0.11327862722150699,0.11201108724639909,0.10929366759880253,0.1003947671033109
3,0.12144082135822233,0.11940206427264577,0.11940206427264577,0.12201150184435078,0.10284627568990613,0.10076100369621795,0.10199341939592903,0.10445766183495675,0.10768518763512555
4,0.11921032754863892,0.11921032754863892,0.11675962181058545,0.11675962181058545,0.10365214560235898,0.10365214560235898,0.101609249459948,0.101609249459948,0.1175373111569376
5,0.12322144196704092,0.12244848329454994,0.12395358285020026,0.11841616745207567,0.10521470140809822,0.10505554606087333,0.10645205964537542,0.10208498697007234,0.093153030351714
6,0.11800153581513478,0.12187906471690067,0.11919879612188759,0.11812628583964106,0.09962062148916376,0.10056646351879063,0.09861973306858521,0.0994417102350574,0.12454578919483893
7,0.11081418274896003,0.11081418274896003,0.10808534139827415,0.11081418274896003,0.11314882937935543,0.11273351419154803,0.11024014158162483,0.11466758296164233,0.10868204224067525
8,0.10858594065733548,0.10859725383882499,0.10688943933963824,0.1069048300723647,0.11585197586765482,0.1151036537012535,0.11553300495830708,0.1159831747403777,0.10655072682424353
9,0.12090332108664897,0.12103113884905572,0.12090332108664897,0.11987424862912804,0.09941792540087444,0.09858307796327183,0.09879974544885055,0.09633817887170643,0.12414904266381505
10,0.11461128517384724,0.11718840036527445,0.11461128517384724,0.11473245105982803,0.10255214060443478,0.10369383166041302,0.10168656271081847,0.10236796455922881,0.1285560786923081
11,0.11726322675428044,0.11726322675428044,0.11726322675428044,0.11726322675428044,0.10567155283714723,0.10567155283714723,0.10567155283714723,0.10567155283714723,0.10826088163428987
12,0.12181964526142734,0.12338791677944479,0.12337531672491138,0.12178369643242624,0.1000026559322759,0.10294262045170106,0.1022706938532405,0.1006769026806383,0.10374055188393458
13,0.12136753762487708,0.12311498024318249,0.12311498024318249,0.12311498024318249,0.09643691057692277,0.0972151340041902,0.09696618373323068,0.09935745771935811,0.11931183561187368
14,0.09761998422728888,0.13199688312271943,0.13199688312271943,0.10513428457195038,0.10425885708650916,0.11106559591521784,0.11106559591521784,0.10837111414621126,0.09849080189216557
15,0.11669858620119346,0.11837880553343567,0.11837880553343567,0.11837880553343567,0.10194421310361851,0.10276687918071456,0.10276687918071456,0.10276687918071456,0.11792014655273708
16,0.123196706585531,0.12589368221475866,0.12589368221475866,0.12434598078532667,0.09676289345182497,0.10093428237745476,0.1002404538784618,0.09946552028658794,0.10326679820529572
17,0.11726322675428044,0.11726322675428044,0.11726322675428044,0.11726322675428044,0.10567155283714723,0.10567155283714723,0.10567155283714723,0.10567155283714723,0.10826088163428987
18,0.11951443818548509,0.11543147553517702,0.11543147553517702,0.11905045556911142,0.1048761073207793,0.10427080769144069,0.10427080769144069,0.10396163046168798,0.11319280200970055
19,0.11946421681691904,0.1206817532262105,0.12067631769242192,0.11946421681691904,0.10203355909184361,0.10180526183700313,0.10168729515051497,0.10179405214812216,0.11239332722004554
20,0.11229157110119697,0.11228710243087828,0.11285727532917422,0.11285727532917422,0.11086433848986617,0.10991400150491028,0.11254210441300026,0.11298062026944888,0.10340571113235068
21,0.12652458588452314,0.12558752603606604,0.12130811255287627,0.12162692430048745,0.09306493310272652,0.09809552319582608,0.09199773132265221,0.09400583645884061,0.12778882714600182
22,0.12381155999788944,0.12519999000854629,0.12506776963345592,0.12394245232091894,0.0965461109735809,0.09647627205882077,0.09567932937367296,0.096476798821231,0.1167997168118838
23,0.11493096230802408,0.11512998382937288,0.11512998382937288,0.11493096230802408,0.10531758794845231,0.10694657449177587,0.10669553505508483,0.10587863544324046,0.11503977478665257
24,0.12078223738451042,0.11779587291640857,0.11779587291640857,0.1215050601901852,0.10082863833330669,0.10323297485292184,0.10338055592123312,0.10205301166959556,0.11262577581543017
25,0.10853855693079426,0.10482761033296215,0.1053447370109344,0.10910106108225733,0.11651197043008577,0.11575938516366331,0.11852725433976406,0.11898909109606426,0.10240033361347503
26,0.12322144196704092,0.12244848329454994,0.12395358285020026,0.11841616745207567,0.10521470140809822,0.10505554606087333,0.10645205964537542,0.10208498697007234,0.093153030351714
27,0.10853855693079426,0.10482761033296215,0.1053447370109344,0.10910106108225733,0.11651197043008577,0.11575938516366331,0.11852725433976406,0.11898909109606426,0.10240033361347503
28,0.09452350549695351,0.12782838175396702,0.12518248281557803,0.09972103487863813,0.10909357694297919,0.11646362088735913,0.11416822140036012,0.11139846908751967,0.1016207067366451
29,0.11885722027716442,0.11887433421958185,0.11641377365863641,0.11643053577552212,0.10394069528982862,0.10416219736162821,0.1021092485303376,0.1021092485303376,0.11710274635696304
30,0.11784438961119409,0.11904005549028937,0.11904005549028937,0.11784438961119409,0.10385465034704688,0.10368637387779443,0.10368637387779443,0.10385465034704688,0.1111490613473509
31,0.11540696896391936,0.11552157605273128,0.11550977928854197,0.11543880152103919,0.10772225639755914,0.10884132338584944,0.10903499117000306,0.10772225639755914,0.10480204682279733
32,0.12257353507329247,0.11848794823778615,0.11847584855535115,0.12260734437520578,0.10436235724839536,0.1054465201012957,0.10563414731180225,0.10436235724839536,0.09804994184847597
33,0.11540696896391936,0.11552157605273128,0.11550977928854197,0.11543880152103919,0.10772225639755914,0.10884132338584944,0.10903499117000306,0.10772225639755914,0.10480204682279733
34,0.09660988260522976,0.13063107399250506,0.13063107399250506,0.10404643035623064,0.10519220799096644,0.11205988241804737,0.11205988241804737,0.10934127898622553,0.09942828724024289
35,0.1174174193759793,0.1200576324645335,0.1174174193759793,0.11754155187852199,0.10324626780829074,0.10439568643402695,0.10237483122504126,0.10306084516206282,0.11448834627556437
36,0.11946421681691904,0.1206817532262105,0.12067631769242192,0.11946421681691904,0.10203355909184361,0.10180526183700313,0.10168729515051497,0.10179405214812216,0.11239332722004554
